0.9133406728,-0.1933458148,0.3583660298,0.2265976035,0.9725563577,-0.0527982694,-0.3383228362,0.1294276904,0.9320869763
0.9007737264,-0.1844946042,0.3931519233,-0.1960385943,0.6350619076,0.7471714951,-0.3875249196,-0.7501054023,0.5358790182
0.7741184797,-0.05065959281,-0.6310104476,0.6109734115,-0.2011020676,0.765682342,-0.1656866614,-0.9782594564,-0.1247251626
0.004774042873,-0.9510474359,0.3090080632,0.6933586639,0.2258172831,0.6842954901,-0.7205768326,0.2109865619,0.6604950409
0.9902082251,0.1317142661,-0.04624957264,-0.1381539334,0.8770843433,-0.4600397215,-0.02002901827,0.4619246765,0.8866929749
-0.2643412292,0.7552552102,0.5997610208,-0.9636299887,-0.232149386,-0.1323778965,0.0392550567,-0.6129406416,0.7891532237
-0.9217548359,0.2608455956,0.2869278615,0.3859190624,0.5448058849,0.7444817157,0.03787478906,0.796960553,-0.6028427467
-0.1684081679,0.3399599467,0.9252383064,0.203956539,-0.9063142328,0.3701300335,0.9643860322,0.2510413235,0.08329366539
0.08270130171,-0.08049799956,0.9933179585,-0.7006673822,0.7040945427,0.1153953835,-0.7086788513,-0.7055288421,0.001827212588
0.654722141,0.7123238333,0.2528510919,-0.6896736274,0.6998684853,-0.1858343104,-0.3093367191,-0.05271489216,0.9494903551
0.3513867762,0.7614813948,-0.544677353,-0.9256156403,0.3699170742,-0.07998152659,0.1405810084,0.5322663277,0.834823057
-0.7907120346,0.5361306772,0.2955306673,-0.5692353196,-0.4662523899,-0.6771852478,-0.2252679056,-0.7036850189,0.6738558933
0.6606626711,-0.5220772891,-0.539407211,-0.3445680856,0.4274883392,-0.8357790104,0.6669315328,0.7380305035,0.102534416
-0.1336558349,-0.7315869428,0.6685182592,0.9154343541,0.1672630605,0.3660642183,-0.3796262124,0.6609111996,0.6473641364
0.6788081967,-0.1655575582,-0.7154090627,0.2259468527,-0.8798954086,0.4180096766,-0.6986898109,-0.4453928209,-0.5598730064
-0.7633737715,0.5153827456,-0.3894112357,-0.2830549929,-0.8087733246,-0.5155245683,-0.5806378872,-0.2833131394,0.7632780024
0.9868899905,0.08510106332,-0.1371348084,-0.09026276122,0.9954082449,-0.03186000361,0.1337937987,0.04382048512,0.9900398904
0.478611523,0.8760743984,0.05852058169,0.3998028461,-0.2767872295,0.8738114864,0.781721622,-0.3948195512,-0.4827305954
0.5537521691,0.6553881723,-0.5136388604,-0.4831140101,-0.2495367605,-0.8392450526,-0.6782030585,0.7128798978,0.1784456857
0.7530490996,-0.6341682388,0.1753502166,0.2005346104,0.4750384888,0.8568105416,-0.6266601341,-0.6100566195,0.4848999869
-0.1267868993,0.6876066457,-0.7149280963,0.07641035861,-0.7118326653,-0.6981802874,-0.9889825778,-0.143148026,0.03771078607
0.9006155299,-0.3136785272,-0.3008279391,0.434381412,0.6268825698,0.6467851518,-0.01429882225,-0.7131788172,0.7008362993
0.5892435926,0.462020086,0.6628193032,-0.2457030019,0.8839812357,-0.3977526992,-0.769689563,0.07151653695,0.6344000012
-0.3540786393,0.07036317855,0.9325649255,-0.9338109524,-0.08123294721,-0.3484226075,0.05123887523,-0.9942083441,0.09446875819
0.9909029438,0.08541070976,0.1040017631,-0.002197071161,0.78296047,-0.622067581,-0.1345605029,0.6161800979,0.776025488
-0.8901849846,0.4228857494,0.1695238512,0.1947435099,0.6895680254,-0.6975463452,-0.4118806362,-0.5879316128,-0.6961973572
-0.6739913005,-0.7059334596,-0.2177008898,0.6235214794,-0.3855693063,-0.6801156334,0.3961776009,-0.5941332011,0.7000350333
0.8329391016,0.4981037679,0.241049973,-0.4684754112,0.8665890096,-0.1719135758,-0.2945220573,0.03026755417,0.9551652386
0.4779928205,-0.4018820779,0.7810337118,-0.1587255415,0.835032947,0.5268075359,-0.8639033893,-0.3757802188,0.3353508031
0.6692619613,0.7337015285,-0.1173477491,-0.2908572531,0.1133652019,-0.9500265203,-0.6837327588,0.6699480562,0.2892734286
-0.2870021012,-0.3196962505,0.9030083617,0.7573781847,-0.6529064202,0.009565133893,0.5865220195,0.6866640473,0.4295164803
-0.9594466179,0.1784889431,-0.2181831446,0.09513815509,-0.5235515566,-0.8466655178,-0.2653505584,-0.8330879094,0.4853386615
0.2996786704,-0.3028060187,-0.9047105667,-0.3173794618,0.8626405247,-0.3938547985,0.8997016015,0.4051664351,0.1624105542
0.7764482149,-0.3807758363,0.5021333808,0.5067726678,-0.09634179467,-0.8566794743,0.3745792744,0.9196347216,0.1181623719
0.9794915629,0.02116770398,0.2003701736,-0.08533114623,0.9444587762,0.3173581819,-0.1825236248,-0.3279474782,0.9268956672
-0.06751210596,-0.6418922504,0.7638170294,0.9221370195,-0.3324350504,-0.1978642328,0.3809270703,0.6909857278,0.614355997
-0.745750587,-0.5245741467,-0.4107043055,0.1741806337,-0.7485407728,0.6398029528,-0.6430530062,0.4055966914,0.649595378
-0.858687111,0.3739091668,0.3504973329,-0.4866159382,-0.3802424371,-0.7865243911,-0.1608147197,-0.8459359456,0.5084594398
0.997798876,0.01694337216,0.06411181719,-0.007678374092,0.9898243181,-0.1420875146,-0.06586687738,0.1412824878,0.9877756897
-0.5064698438,-0.05099487676,-0.8607484068,-0.03238459678,0.9986702996,-0.04011073027,0.861649311,0.007560114785,-0.5074478391
0.4408219423,-0.8325360805,0.3354991652,0.8960689946,0.3863927835,-0.2185428422,0.05231034499,0.3969688798,0.9163401859
0.9223245111,-0.3857773631,-0.02221086031,0.3862127961,0.9221797389,0.02059624493,0.0125368403,-0.02757453999,0.9995411309
0.8011726183,0.4728277553,0.3668192327,-0.1961833918,-0.3715718723,0.9074394859,0.5653622843,-0.7989795101,-0.204932257
-0.809139925,0.4695585596,0.3532808244,0.01287365288,0.6152314108,-0.7882414479,-0.5874749789,-0.6332496113,-0.5038532315
-0.3508469478,-0.9333578054,-0.07582629022,0.8694485726,-0.2946062951,-0.3965681662,0.3478010909,-0.2050617905,0.9148683311
-0.09401610944,0.2464349878,-0.964588393,0.07447572112,0.9679060049,0.2400236087,0.9927811129,-0.04927233029,-0.1093521803
0.735381678,0.6773124321,0.02148620443,0.6467616521,-0.7109697187,0.2760822783,0.2022700001,-0.189129396,-0.9608938124
0.9972376672,-0.01506075416,0.07273382167,0.006187716662,0.9926685077,0.1207101734,-0.07401856046,-0.1199266755,0.9900196186
-0.4615893497,0.6467081867,0.607209843,0.02688654281,0.6943780459,-0.7191079496,-0.8866861824,-0.3156067974,-0.337905258
-0.1022940883,-0.239599612,0.965467734,-0.5336983079,-0.8058281936,-0.256528826,0.8394653273,-0.5415098783,-0.04544244712
0.8692571752,0.4943194167,-0.006346469355,-0.4871244872,0.8542753698,-0.1814478618,-0.08427156872,0.1608163764,0.9833800871
-0.3069185643,-0.5275073332,-0.792172335,0.6573958096,0.4843742054,-0.5772455099,0.6882090848,-0.6979381366,0.1981176746
0.8960272791,0.1178740486,-0.4280663777,-0.1953088167,0.9704675615,-0.141588058,0.3987349761,0.2104719001,0.8925872496
-0.05591215697,0.8858747067,-0.4605429781,-0.3775152128,-0.4457786015,-0.8116425953,-0.9243138508,0.1284812922,0.3593556216
0.9312405798,-0.2764625309,-0.2374014566,0.2609511076,0.9606561675,-0.09510124728,0.2543531049,0.02661196761,0.9667452101
0.9831616313,0.130403447,-0.1280162012,-0.1159311974,0.98661631,0.114665663,0.1412556697,-0.09789380884,0.9851211286
0.1140210041,-0.9010751093,0.4184051363,0.9819224491,0.03816444276,-0.1853962762,0.1510877709,0.4319804657,0.8891374262
-0.8306355113,-0.4026384563,-0.3846126894,0.5507231713,-0.492158433,-0.6741543335,0.08215008162,-0.7717916495,0.6305465993
-0.6919113453,-0.07675141344,-0.7178912945,0.398439908,-0.8697976771,-0.2910285906,-0.6020833247,-0.487402525,0.6324037071
0.8427047494,0.2104615802,-0.4955346896,-0.1954932713,0.9772214959,0.08258649276,0.5016284344,0.02727766783,0.8646530186
0.8955442034,0.4374265917,0.0815999794,-0.4352022071,0.899244709,-0.04424920644,-0.09273412929,0.004114629196,0.9956824047
0.2025678329,0.3382288417,-0.9190035493,0.1380876644,0.9192165943,0.3687446944,0.9694834037,-0.2015988673,0.1394984827
-0.3111522061,0.6889192035,-0.6546561202,-0.7613776951,0.231552378,0.6055472745,0.5687603274,0.6868579382,0.452479682
0.9414880643,-0.3253438089,0.08804334606,0.2585806385,0.864776962,0.4304612171,-0.2161857493,-0.3825077934,0.8983047978
0.3954819001,-0.8887862256,-0.2316314139,0.916840641,0.3669859479,0.1572404306,-0.05474765487,-0.2745548382,0.9600116328
0.4754072149,-0.7359951395,-0.4819742054,-0.1061364693,0.495861129,-0.861891403,0.8733401571,0.4609044319,0.1576200328
-0.453957831,0.1145181599,0.8836333395,0.7259037507,0.6226259112,0.2922340149,-0.5167069115,0.7740946749,-0.36577507
-0.3791616929,-0.08755270861,-0.9211790998,-0.2622778162,0.964855562,0.01625089294,0.8873819684,0.2477665587,-0.3887994015
0.5958135548,0.6214705423,0.5087047995,-0.1412160657,-0.5424716077,0.8281199053,0.7906100371,-0.565242355,-0.2354503121
0.3357862465,0.1870147231,-0.9231863788,-0.7647940765,-0.5179945916,-0.3831078486,-0.5498523594,0.8346898205,-0.0309077072
0.2982714177,-0.4710259959,0.8301618352,-0.1300049255,0.8415980229,0.5242246534,-0.9455859986,-0.2642863581,0.1897889359
0.445477413,-0.8929700777,-0.06445397391,0.8878073684,0.4498966185,-0.09690773589,0.1155333334,-0.01405250547,0.9932041965
-0.8671574021,-0.25617878,0.4270953906,-0.4152024882,0.8454462587,-0.335898076,-0.2750362408,-0.4686075718,-0.8395010482
0.9302641757,0.08392950942,-0.3571615893,-0.3608173264,0.3856741377,-0.849156238,0.0664787215,0.9188097175,0.3890620549
0.9637609666,-0.2458232222,-0.1036134292,0.2474914355,0.9688842485,0.003361891424,0.09956298851,-0.02888349606,0.994611962
0.828621881,0.04328500389,-0.558132768,-0.4613819318,-0.5118305851,-0.7246765935,-0.3170370504,0.8579952568,-0.4041431035
0.9387347697,-0.2430239859,0.2443693404,0.2398473055,0.969851275,0.04314828312,-0.2474879841,0.01810653423,0.9687217615
0.7270282657,-0.5992776691,-0.3351062162,-0.2364497269,0.2396823945,-0.9416176912,0.6446095155,0.7638184503,0.03255683445
-0.001207926956,0.5071716728,-0.8618442059,0.6986841558,0.6170174741,0.3621186091,0.7154292357,-0.6017194786,-0.3550981241
0.3367687457,0.4265922441,-0.8394080469,-0.3888813132,0.8749122092,0.2886173078,0.8575302538,0.2292328148,0.4605368394
0.9624747637,0.009629978289,0.2712002818,0.003584528847,0.9988318253,-0.04818854634,-0.2713475271,0.04735238498,0.961315906
0.458416906,-0.2422905575,-0.8550726437,0.2605457867,0.9564855447,-0.1313441885,0.84968808,-0.1625751782,0.5015969279
0.04145007324,-0.05754870134,-0.9974818487,0.8845060805,-0.4621977029,0.06342142412,-0.4646836398,-0.884907583,0.03174404762
-0.5539236706,0.8314302725,-0.04350021899,-0.2166119587,-0.1943683453,-0.9567132306,-0.8038954077,-0.5205234368,0.2877629672
0.7784283032,-0.4706837243,-0.4153386672,0.6201188114,0.4738517264,0.6252337172,-0.09747839009,-0.7442589422,0.660739427
0.9902087914,-0.07812947684,-0.11568204,0.05814478051,0.9842358453,-0.1670298937,0.1269083686,0.1586681624,0.979141808
0.9862470728,0.106577129,-0.1263250844,-0.03582935499,0.8840116515,0.4660897524,0.1613473542,-0.4551535077,0.8756724934
0.9711832161,-0.2002958581,0.1291693847,0.2311101859,0.9238670913,-0.3050535683,-0.05823437752,0.326115266,0.943534626
0.05447738686,0.8550103132,-0.5157417752,-0.9489962521,-0.1163032634,-0.2930523236,-0.3105452105,0.5054017365,0.8050656849
-0.4900211946,0.247428268,0.8358579311,-0.6937604551,-0.6912718252,-0.2020883337,0.5278026712,-0.6789127454,0.5103937934
0.7500879465,-0.6589020779,0.05671088227,-0.3921320151,-0.5121683338,-0.7641440182,0.5325415995,0.5509370649,-0.6425478934
-0.3604598229,-0.9324486995,0.02466047224,0.6462598232,-0.2305880685,0.7274457943,-0.6726194741,0.2781520546,0.685721866
-0.2900268032,-0.8207235696,0.4922370117,0.5349068074,0.2874832957,0.7944986231,-0.7935736644,0.4937268242,0.3556327631
0.7205246065,-0.4797974338,-0.5006383066,0.6789843825,0.6347553828,0.368870997,0.1407995022,-0.6057062213,0.7831318367
0.7455296795,0.6539599771,0.1285373303,0.5780189224,-0.5384343029,-0.6131742222,-0.3317824925,0.5314365905,-0.7794199945
0.9860239954,0.08609127142,-0.1426358074,-0.08389662511,0.9962459123,0.02134100686,0.1439376145,-0.009076081995,0.9895451419
0.7621008539,0.6095031281,0.2184221262,-0.5905118138,0.5159803067,0.6205321271,0.2655147569,-0.6018889099,0.7531478301
0.9583140711,0.2389875721,0.1565857002,-0.219640785,0.9667149732,-0.1312253257,-0.182734963,0.09136247002,0.9789079795
0.8873723054,0.1908792258,-0.4196850161,0.4090812222,-0.7458210101,0.5257409766,-0.2126568721,-0.6382132418,-0.7399060162
0.7643103234,0.5243893357,-0.3752939571,-0.1085782636,-0.4690255572,-0.8764849043,-0.635641794,0.7106552268,-0.3015437918
0.8057156917,-0.2623277031,-0.5310427481,0.5901369516,0.4321399386,0.6819042835,0.05060239615,-0.86280893,0.5029912005
0.70757074,-0.5630501431,0.4269873351,-0.5067768414,0.01677631812,0.861914026,-0.492464091,-0.8262524382,-0.2734703412
0.9865913519,-0.1383110148,-0.0866462201,0.1530360359,0.5994532374,0.7856435502,-0.05672279954,-0.7883691264,0.6125819493
-0.1882093162,-0.4558709077,-0.8699189438,0.2724997306,-0.8752105526,0.3996878601,-0.9435683071,-0.161827699,0.2889474792
-0.7743028946,0.3158236564,0.5483707191,0.3584035362,0.9330419264,-0.03129966039,-0.5215380453,0.1723025872,-0.8356493797
-0.6892462454,-0.4448353737,-0.5718925629,0.4877958702,0.2987294696,-0.8202535541,0.5357189582,-0.8443235128,0.01109069286
-0.2021012472,0.6665302879,-0.717560075,-0.6148576606,0.4839389156,0.6226983083,0.7623025273,0.5670454138,0.3120165951
-0.2240466535,-0.0952850638,0.9699091987,0.8930332026,-0.4185830469,0.1651663768,0.3902496588,0.9031660919,0.1788748565
0.8981728453,-0.4375589161,0.04275201536,0.4059606023,0.7881030358,-0.4626981677,0.1687647156,0.4329385637,0.8854844272
0.405317283,0.8375787559,-0.3663055115,-0.8481808163,0.4940291936,0.1911137323,0.3410384186,0.233231609,0.9106568034
0.4847937962,-0.2493680675,0.8383260357,-0.3190087949,-0.9428782853,-0.09598920684,0.8143760581,-0.2208984064,-0.53665215
0.3758467566,-0.9196630707,0.1138378319,-0.2555973875,0.01519846478,0.9666638413,-0.8907351969,-0.3924141219,-0.2293511846
0.9993598076,0.0206227857,-0.02923483577,-0.02258181171,0.9974061303,-0.06834524863,0.027749535,0.06896167008,0.9972332984
-0.1506197435,-0.6421970975,0.7515960223,-0.950325867,0.3035334135,0.06890728172,-0.2723865626,-0.7038823444,-0.6560146383
0.9558266066,0.1647588159,0.2434132919,-0.1569683281,0.9862755039,-0.05120131141,-0.2485084346,0.01073139827,0.968570284
-0.2141083206,0.3066112538,0.9274411928,-0.6893215297,-0.7201416459,0.07894199491,0.6920935311,-0.6224030438,0.3655420569
0.9964462384,0.06749389268,0.05039313838,-0.06680751509,0.9976503292,-0.01518474864,-0.05129960889,0.01176414531,0.998614017
-0.6436122435,0.7053911012,-0.2969624125,0.5904805632,0.7045092215,0.3936997096,0.4869250297,0.0780394208,-0.8699504953
0.3217693973,0.9284742157,0.1854726012,-0.4231180449,-0.03423420206,0.9054276004,0.8470156876,-0.3698156977,0.3818386763
-0.6113813696,0.7297727931,-0.3060138746,-0.7536102275,-0.4189621905,0.5065000572,0.2414217182,0.5402798843,0.8061099184
0.3756737224,-0.8061793639,0.4571040226,-0.8214248778,-0.518032667,-0.2385441806,0.4291042117,-0.2858618356,-0.8568270458
0.9524850881,-0.1024659218,0.2868325154,0.1717445295,0.9584093265,-0.2279372271,-0.2515471598,0.2663687252,0.9304685533
0.1086335687,-0.8270432578,0.5515416552,0.1025984025,-0.5425342371,-0.8337446668,0.9887731365,0.1471599513,0.02591588671
-0.213194215,0.1565493819,0.9643860833,-0.9412111476,-0.29765909,-0.1597518129,0.2620492364,-0.9417490946,0.2108052195
0.6626287713,0.3630162808,0.6550895293,-0.1462934269,0.9205669583,-0.36215288,-0.734521167,0.1441376258,0.6631010482
0.01022764705,-0.8902091124,-0.4554372969,-0.7761524918,0.2800986726,-0.5649177313,0.6304622944,0.359266572,-0.6880732705
0.7680106531,-0.2476470334,0.5906188142,0.2168157684,0.9682960514,0.1240712673,-0.6026197469,0.03276741701,0.7973554647
0.8361225568,0.4740372504,0.2760212948,-0.5312773542,0.8250664296,0.192379208,-0.1365409934,-0.3074964585,0.9417019089
0.3878879804,0.8220455312,-0.4168741529,-0.3559586104,0.5507985826,0.7549267442,0.850197849,-0.1444370659,0.5062623348
0.9782318519,-0.03566745811,0.2044267019,0.05982754584,0.9917635187,-0.113250994,-0.1987035701,0.1230160775,0.97230856
0.3481605225,0.7907541425,0.5034800261,0.8808828216,-0.09224562372,-0.4642587635,-0.3206707114,0.6051434797,-0.7286780248
0.604057278,-0.429155239,-0.6715210985,0.07026515,-0.8106618401,0.5812832267,-0.7938372715,-0.3983128944,-0.4595315273
0.1423680273,-0.06343897423,0.9877787411,-0.7228448676,0.6750759004,0.1475392357,-0.6761853608,-0.7350156632,0.05025268729
-0.09320584023,-0.8502372998,-0.518082238,-0.6751569144,0.4364083996,-0.5947359496,0.7317621282,0.2943539413,-0.6147194034
0.870738991,-0.4578928614,-0.1792979002,0.4452531799,0.8888972319,-0.1077558206,0.2087180282,0.0139942343,0.9778757314
0.9885189049,0.1492183062,-0.02375440335,-0.1504327994,0.9572062817,-0.2472369453,-0.0141544141,0.2479718358,0.9686638329
0.7552489318,-0.4217123309,-0.5017546821,-0.5422012106,-0.8320946384,-0.116774826,-0.3682619967,0.3602460586,-0.8570915231
-0.6548638994,-0.6427066196,-0.3975946107,-0.4727229773,0.7588217973,-0.4480206097,0.5896492686,-0.1054404153,-0.8007471878
0.9138321002,0.2713737154,0.3021046163,-0.2817582112,0.9594378656,-0.009554704582,-0.292443504,-0.07638906055,0.9532268924
0.02287907464,0.8647305898,0.501714615,-0.1036652243,-0.4970887248,0.8614849511,0.9943490681,-0.07172033662,0.07826956055
0.1101679714,0.9912077787,-0.0732813592,0.9930114415,-0.1066288184,0.05058232936,0.04232369358,-0.07834178075,-0.9960277458
0.8581918222,0.3671722746,-0.3587357205,-0.2286234195,0.8990943661,0.3733103975,0.459606493,-0.2383565431,0.8555396133
0.998755182,0.01964926838,0.04584749393,-0.02476370329,0.9931953289,0.1137971779,-0.04329948552,-0.1147908749,0.9924455701
0.622527284,0.5650074902,0.541503755,-0.6283660895,0.7733154406,-0.08449430084,-0.4664931278,-0.2876625893,0.8364415081
0.7415279991,0.4623349063,-0.4861920002,-0.634369143,0.2472233296,-0.7324318505,-0.2184308058,0.8515439271,0.4766140192
0.2774282659,0.1164079549,0.9536680478,-0.9348095993,0.2617967335,0.2399864232,-0.2217308511,-0.9580770628,0.1814490875
0.7714160199,-0.6257685265,-0.1154602768,0.6161088804,0.7798823283,-0.1104237358,0.1591451279,0.01404653685,0.987155268
-0.06205184129,0.3293615205,-0.9421627024,-0.7619064963,-0.6253990907,-0.1684472269,-0.6447077322,0.7073874229,0.2897498472
-0.5362207963,-0.005330343759,-0.844060925,0.60025531,0.7006309024,-0.3857588644,0.5934313949,-0.7135039776,-0.3724932932
0.9608868437,-0.1430059474,0.2371619123,-0.05568227804,0.7391109578,0.6712782403,-0.2712857488,-0.6582281451,0.7022390985
0.7155495691,-0.494050832,-0.4938649507,-0.4897570672,0.1493226283,-0.8589765816,0.4981233073,0.8565141727,-0.1351171442
0.1568613273,0.5517035841,-0.8191566878,-0.5023041548,0.7587031777,0.4148011864,0.8503440833,0.346399543,0.39613419
0.3867707914,-0.9188723833,-0.07798652597,0.8940650516,0.3529162756,0.2758582716,-0.2259558331,-0.1764189494,0.9580293919
0.9512030422,0.28544781,-0.1171849835,-0.3081007688,0.8577735266,-0.4114589813,-0.01693188855,0.4274858183,0.9038634777
0.316473501,0.5740057578,0.7552230884,0.835174877,0.2089135242,-0.5087613037,-0.4498082346,0.7917528209,-0.4132795938
0.9053283751,0.4209410966,0.05647235144,-0.4219150715,0.9066153649,0.006021003125,-0.04866421385,-0.02927752117,0.998386008
0.9529083217,-0.3032093729,-0.005459541538,0.2684038153,0.851629844,-0.45020662,0.1411563754,0.4275402729,0.8929077179
0.8784625261,-0.4663092803,0.104207703,0.4478468723,0.8795699669,0.1605921924,-0.1665435955,-0.0944051291,0.9815044077
0.4960976616,-0.5403515943,-0.679637598,0.3306714716,0.8413445104,-0.4275462462,0.802834658,-0.01263207178,0.5960679011
0.5289911599,-0.4709690158,0.7059437221,0.1484817171,0.8703997767,0.46942242,-0.8355366733,-0.1435005744,0.5303640757
0.8416872895,0.05264885029,-0.5373924128,-0.259437188,0.9122634597,-0.3169664424,0.4735555429,0.4062062022,0.7814996283
0.01868400193,-0.3065221308,0.9516801413,-0.9992820981,0.02565100034,0.02788036314,-0.03295749595,-0.9515178451,-0.3058228147
0.8742649271,0.01251868856,-0.4852876669,-0.046930425,0.9971646323,-0.05882373088,0.4831753019,0.07420228125,0.872373572
0.7823782709,0.2460676437,-0.5721319393,-0.350291846,0.9334237261,-0.07756139595,0.5149561766,0.261095504,0.81648593
0.8185507359,-0.1175909358,0.5622695658,0.441908366,0.7542714901,-0.4855836852,-0.3670036633,0.6459465079,0.6693739015
0.7871372091,-0.6044892436,-0.122506197,0.3048693377,0.5539867319,-0.7746956743,0.5361620099,0.5724434078,0.6203538054
0.9582567291,-0.06373367053,0.2787150166,0.161457692,0.9251481913,-0.3435582015,-0.2359564683,0.3742176417,0.896819771
0.9811493083,0.190801283,-0.03067417738,-0.1928959011,0.9765505762,-0.09560409723,0.01171350119,0.09971881695,0.9949467078
0.9255974657,-0.2863364245,-0.2475495579,0.3328919391,0.3045469951,0.8924315574,-0.1801451872,-0.9084396401,0.3772070144
0.1429128722,-0.9744460341,-0.1732940784,-0.1308389137,-0.1921553176,0.9726034714,-0.9810489741,-0.1163239467,-0.1549569289
0.9974471816,-0.06861186069,-0.01978717969,0.07028613109,0.99225795,0.1023915061,0.0126087146,-0.1035208835,0.9945473578
-0.03141135003,0.9789026474,0.2018983257,0.2107637562,-0.1909688922,0.9587019982,0.9770322237,0.07266697352,-0.2003186082
0.1511505541,-0.5841325077,-0.7974601704,-0.5944937101,0.590816199,-0.545447933,0.7897662557,0.5565298127,-0.2579609058
0.1204415881,-0.2517232081,0.9602756117,0.8577481456,-0.4605853231,-0.2283183716,0.4997618858,0.8511736525,0.1604414872
0.9210058433,0.1788413907,0.3460693479,-0.184852961,-0.5813438683,0.7923816565,0.3428959308,-0.7937600795,-0.5023617391
0.5734878091,0.02609498045,0.8187983786,-0.07364404792,0.9970879502,0.01980337718,-0.8158972282,-0.07165662243,0.5737395241
0.9343922661,-0.347740796,-0.0773784976,-0.006967030931,0.1993263393,-0.9799083993,0.3561776995,0.9161579281,0.183826269
0.5935536831,0.05311084301,-0.8030400138,0.802546435,-0.1135884156,0.5856764392,-0.06011027342,-0.9921073078,-0.1100447402
-0.5614664135,-0.4093293673,0.7191696153,-0.2117130128,0.9112194275,0.3533507538,-0.7999581656,0.04613701451,-0.5982794575
0.897412381,0.3318860803,-0.2906933921,-0.257263851,0.9289138751,0.2663349838,0.3584219991,-0.1642274104,0.9190011035
0.7227691555,-0.6245063616,0.2959671472,0.5270292509,0.7751105355,0.3484879143,-0.4470401734,-0.09589297161,0.8893591071
0.991649971,-0.1021057972,0.07877017963,0.1184869818,0.962510265,-0.2439975919,-0.05090353781,0.2512934458,0.9665714841
0.2066532779,0.06295238244,-0.9763869214,0.7355115187,0.6480996791,0.1974578734,0.645226494,-0.7589491442,0.08762972066
-0.4733514384,-0.7273906929,-0.4968311541,-0.7879306082,0.09746318204,0.608001879,-0.3938321628,0.6792670373,-0.6192677285
0.2841397465,-0.6749134028,-0.6809966983,0.879615658,-0.09911768884,0.4652439982,-0.3814982289,-0.7312096706,0.565501122
0.9869127758,0.0818983804,-0.1389094245,-0.07597319548,0.9959805409,0.04744297226,0.1422365863,-0.03626868259,0.989168002
0.6579168539,-0.672227729,-0.3394927006,0.7340617176,0.6731320423,0.08970311186,0.1682224958,-0.3082257841,0.9363215569
0.8186908048,0.1843038926,0.5438542464,-0.3013772416,-0.6682645834,0.6801427826,0.4887914937,-0.7207319347,-0.4915570709
0.2310879565,-0.1348191227,-0.9635466572,0.148056883,0.9836914078,-0.1021292008,0.9616015369,-0.1190588863,0.2472801363
0.8819830944,0.3315060022,-0.3349770019,0.4670788897,-0.7095737005,0.5275817228,-0.06279436309,-0.6217788466,-0.7806714635
0.5830461936,0.8004994878,-0.1387721377,0.7937173949,-0.524782261,0.3075975873,0.1734065548,-0.2894894621,-0.9413426677
0.6727389511,-0.7371046611,0.06402360725,0.102231285,0.006903138274,-0.9947367044,0.7327830975,0.6757433428,0.07999916672
0.9057355647,0.2030981318,0.3720137573,-0.3853678133,0.7600159445,0.5233234302,-0.1764503761,-0.6173547707,0.7666409536
0.3857690739,0.9077303975,-0.1649477104,-0.8707959764,0.4173074718,0.2599400727,0.3047894176,0.04335896143,0.9514322947
0.09738213003,0.738816289,-0.6668337212,0.2307410014,0.6350022623,0.7372453575,0.9681298007,-0.2256604039,-0.1086373375
0.4878596469,0.7484477146,0.4492426778,0.5417480936,0.1439403572,-0.8281244935,-0.684472036,0.6473848872,-0.3352474307
0.9520211123,0.3020661382,0.04911058775,0.1610145441,-0.6308688308,0.7589985737,0.2602501072,-0.7146751475,-0.6492374875
-0.3782787461,0.5177095682,0.7673864693,-0.8388683053,0.1588078925,-0.5206534544,-0.391414303,-0.8406883229,0.3742164977
0.994591288,-0.08798220267,-0.05520237131,0.0863391138,0.9957683355,-0.03147982706,0.05773843791,0.02654343792,0.9979788168
0.9432955264,0.07052595826,0.3243757685,-0.0432571369,0.9949538183,-0.09053021398,-0.3291236395,0.07136517882,0.9415862367
0.9917412015,-0.09309159112,0.08822326763,0.09758323588,0.9940673697,-0.04803724224,-0.08322800828,0.05624962427,0.9949417462
0.7868298241,-0.1469434292,-0.5994217684,0.1104544209,0.9890892617,-0.09747950181,0.6072056067,0.01049099497,0.7944754812
0.5644880816,0.6659701148,-0.4876853615,-0.6378359566,-0.0230971248,-0.7698258344,-0.523945129,0.7456207676,0.4117416336
0.1947761676,0.84212092,0.5028862701,0.3039642135,0.4356410672,-0.847244131,-0.9325599184,0.3178823945,-0.1711221256
0.4002496199,-0.5107783962,0.7608585097,-0.3545898999,-0.8519120717,-0.3853723199,0.8450244048,-0.1155476182,-0.5220943433
0.9077135679,0.2721981352,0.3193184209,-0.3694683461,0.8792101232,0.3008034251,-0.1988698568,-0.3910213991,0.8986395526
0.8724849809,0.004967152346,0.4886156828,0.3167164436,-0.7672152068,-0.5577378603,0.3721030132,0.6413705278,-0.6709569239
-0.6405540208,-0.5032913514,-0.5799899672,0.7478118825,-0.5805098862,-0.3221578192,-0.1745506656,-0.6400828756,0.7482151946
0.9479409582,-0.3157184946,0.04159052607,0.2428390385,0.6321961506,-0.7357698204,0.2060027696,0.7075661519,0.6759534004
0.8283344984,-0.5313000164,0.1777139592,0.5542468201,0.8234107747,-0.1216764498,-0.08168488905,0.1992861978,0.9765308957
0.9951033904,0.01317875694,0.09795694382,-0.01787027408,0.998726934,0.04717165149,-0.09721057443,-0.04869118776,0.994072066
0.9979780505,0.0003406610292,-0.06355859191,-0.0004291532795,0.9999989576,-0.001378647269,0.063558056,0.001403136092,0.9979771564
0.01827073374,-0.1550263335,-0.9877413711,-0.3036460939,0.9403858643,-0.153210561,0.9526096945,0.3027230785,-0.02989160087
0.7634591819,-0.4655328745,-0.447670884,-0.6456843461,-0.5341713644,-0.5456671867,0.014893047,0.705648706,-0.7084053225
-0.7572798272,-0.6522003142,-0.03408831879,-0.4548051847,0.4891838458,0.7442119382,-0.468699805,0.5790802321,-0.6670731426
-0.5211646317,0.6623247822,0.5382502295,-0.7566184914,-0.6503465437,0.06765967482,0.3948618558,-0.3719882471,0.8400647944
-0.2688163425,0.5566935548,-0.7860216664,0.02519359132,0.8198442736,0.5720320358,0.9628619096,0.133968851,-0.2344126489
0.5607431074,-0.8096718325,0.1732013026,0.2869893712,0.3862746633,0.876600813,-0.7766622614,-0.4418409309,0.4489680651
0.1541995077,-0.1737241029,0.9726471343,0.7340737308,0.6790520362,0.004908149855,-0.661330681,0.7132378764,0.23223579
-0.2160970622,0.7646702514,0.6071091058,-0.5153137634,0.4388212383,-0.7361301828,-0.8293092216,-0.4719272479,0.2992171246
-0.5707526567,-0.2040242176,0.7953713117,-0.7657168491,-0.2175349772,-0.6052736908,0.2965115714,-0.9544907817,-0.03206611488
-0.825936541,-0.5210781145,0.2151892861,0.4846581791,-0.4613008119,0.74317428,-0.2879848602,0.7181080417,0.633549967
0.8937194931,0.1291014179,-0.429649033,0.1210335086,0.8528024335,0.5080146644,0.4319911544,-0.5060245383,0.746540561
0.7292421484,-0.6797610734,0.07829924703,-0.2986463283,-0.213234648,0.9302372576,-0.6156429644,-0.7017519989,-0.3585078415
0.6227725313,-0.02108982393,0.782118657,-0.6151603734,-0.6308890695,0.4728178265,0.483458467,-0.7755863597,-0.4058740067
0.5866979707,0.5636249541,-0.5814743351,0.1682836437,0.6175101925,0.7683500357,0.7921275822,-0.5486420265,0.2674431159
-0.02745948247,0.9944848337,0.1012219951,-0.7835283393,0.04146809758,-0.6199707561,-0.6207489979,-0.09633437782,0.7780683577
0.3348603178,0.925657751,0.176142827,0.9166964807,-0.2767760438,-0.2882058012,-0.218027819,0.2579781958,-0.9412285167
0.9889131517,-0.04217856179,0.1423788867,-0.1252159015,0.2785515206,0.9522237281,-0.07982328275,-0.9594946687,0.2701818355
0.8765629966,-0.2825691547,-0.3896049098,0.4332209493,0.1106045991,0.8944753947,-0.2096590613,-0.9528490413,0.2193667763
-0.2166683866,-0.8723952818,-0.4381566873,0.1607318651,0.4108151925,-0.8974386582,0.9629226749,-0.2648723276,0.05121105581
0.3125886165,-0.9278106438,-0.2036068908,0.5676913505,0.3543301323,-0.7430859223,0.7615870845,0.1166943296,0.6374696433
-0.7854705417,-0.5913219842,0.1826864506,-0.6014387895,0.7989188829,3.200724318e-05,-0.1459705817,-0.109849577,-0.983171226
0.907220825,-0.1667860528,0.386177145,0.1855977874,0.9825566599,-0.0116563886,-0.3774968026,0.08224854213,0.922350986
0.2560549077,0.7561177825,-0.6022638818,-0.9101930134,0.3984104086,0.1132158323,0.3255527033,0.5191869079,0.7902280633
0.6189440299,-0.001425902218,0.7854338003,0.4506009769,0.819711591,-0.353598172,-0.6433249936,0.5727747152,0.5079981084
-0.9370525051,0.001395652121,-0.3491857025,-0.06863838605,-0.9812190654,0.1802717886,-0.3423760719,0.1928916741,0.9195495786
-0.8184435897,0.1697456866,0.5489412468,0.2500864511,0.9653644174,0.07435259641,-0.5173073143,0.1981361742,-0.8325474155
0.7401780677,0.4853094021,0.4654150968,-0.6393848608,0.722237044,0.2637435347,-0.2081428066,-0.4927965468,0.8448835041
0.2559583078,-0.5646628849,-0.7846280463,0.3608852576,0.8088001577,-0.4643319242,0.8967982914,-0.164311081,0.4107976304
0.1213770979,0.8492470385,-0.5138551038,-0.9884192637,0.05590887033,-0.1410728796,-0.09107666682,0.5250273001,0.8461981889
-0.899727283,0.2544942427,0.3545750932,-0.4337208836,-0.4305942519,-0.7915016016,-0.04875460371,-0.8659222082,0.4977968641
0.6402827907,0.675268317,-0.3661292779,0.4070469791,-0.7024914497,-0.5837966426,-0.6514220635,0.224763127,-0.7246591143
0.8700647117,-0.4711047788,-0.1450782025,0.2626782711,0.1940630754,0.9451664661,-0.4171181168,-0.8604648803,0.2925964225
0.286117974,0.9580389538,-0.01725885066,-0.5585662581,0.1813964316,0.8093819061,0.7785500885,-0.2219384995,0.5870290131
0.9929910404,-0.100494202,-0.06220698595,0.09039138709,0.9848342312,-0.1480909656,0.07614585259,0.1414300263,0.9870153782
0.9268674855,-0.05516939419,-0.3713125399,-0.09392459445,0.9235968667,-0.3716813129,0.3634485313,0.3793747036,0.8508701425
0.9026186382,-0.3621050658,-0.2327219698,0.2380601485,-0.03049486041,0.9707715638,-0.358618125,-0.9316383337,0.05867755638
0.8953455715,-0.1307032236,-0.425761641,0.2445480202,0.9432414518,0.2247038704,0.3722265082,-0.3053067817,0.8764902713
0.7654768925,-0.6148840329,0.1896384799,0.6097268522,0.787302612,0.0915847304,-0.205616859,0.0455216786,0.9775732628
0.5342232756,-0.6968369396,0.4785642813,-0.02123447918,0.554877665,0.8316609127,-0.8450766762,-0.4544546803,0.2816315943
-0.07425573229,0.7952611213,0.6017024474,-0.9078080275,-0.3036413602,0.289286207,0.4127598229,-0.5247491528,0.7444915414
0.5223524889,-0.665347418,-0.533348564,-0.3975178514,-0.7433380738,0.5379851911,-0.754405352,-0.06900232833,-0.652771969
-0.3173603621,0.8119962747,0.4898412503,0.9428193511,0.2146915662,0.254949412,0.1018531876,0.5427426474,-0.8337003939
0.9810609095,0.1377591292,-0.1361686975,-0.1385495288,0.9903485885,0.003701529645,0.1353643969,0.01523468283,0.9906787494
0.9377412727,-0.2161487902,-0.2718841776,0.2109092601,0.976290838,-0.04871841257,0.2759684575,-0.01165762452,0.9610959943
-0.5384595828,-0.8045132863,-0.2506384845,-0.2271272958,-0.147864903,0.9625742371,-0.811464398,0.5752341633,-0.1031076532
0.9960071479,0.07983264646,0.0399563509,-0.07991609207,0.9968014723,0.0004930231517,-0.03978919007,-0.003684210001,0.9992013045
-0.9198528255,0.3725383435,-0.1228249242,-0.3759710834,-0.7480083116,0.5469271526,0.1118772713,0.5492711065,0.8281212035
0.994512437,0.03906882975,-0.09704967412,-0.08565196223,0.8367294771,-0.540876625,0.06007290631,0.5462210254,0.8354841933
0.7723966324,-0.3657257147,0.5192765582,0.5006308835,0.8537004958,-0.1434021686,-0.3908607946,0.3707292343,0.8424889757
0.995118038,-0.05326250172,-0.08308547639,0.04989890977,0.9978687101,-0.04204921071,0.08514804331,0.03769805337,0.9956548938
-0.3576820006,0.4375545257,-0.8249906809,0.5136021494,-0.6456477292,-0.5651122383,-0.7799207771,-0.6258474629,0.006207626563
-0.7945413695,0.5894019303,-0.1459773159,0.5023216951,0.7730812565,0.3873219405,0.3411406262,0.2344157323,-0.9103144169
0.5260055249,0.5960726071,-0.606642922,-0.218235961,0.7840094749,0.5811215093,0.8220044118,-0.1732818234,0.5424777936
0.3808907665,-0.770027434,0.5118397941,0.7162548553,0.5957963298,0.3633259083,-0.5847231877,0.228220254,0.7784692091
0.9987998692,0.01273760423,0.047292439,-0.01171878498,0.9996945812,-0.02175808747,-0.0475551409,0.02117776499,0.9986440862
-0.0938027651,0.8276108229,0.5534088607,-0.865905735,-0.3421407741,0.3648930648,0.4913331856,-0.4449719279,0.7487267085
0.6850961649,0.4352468812,0.5841261827,-0.4020555133,0.8946016699,-0.1950364491,-0.6074492646,-0.1012324289,0.7878815814
0.9833686852,-0.1542054687,-0.09595156255,0.1551720189,0.9878839132,0.002649278127,0.09438047191,-0.01749421483,0.9953824787
0.9992172877,0.03351518054,-0.02101296338,-0.03829266838,0.9527735329,-0.3012578073,0.009923885553,0.3018266516,0.9533111711
0.6308744001,0.7453449269,0.2155421799,-0.7529144101,0.5210036229,0.402088443,0.1873963245,-0.4159521185,0.889868784
0.9971291,-0.04390719472,-0.06169048714,0.03804157078,0.9949171904,-0.09323423821,0.06547057999,0.090619769,0.9937311813
0.7669475961,-0.5622401964,-0.3093175494,0.4965665507,0.214665438,0.8410353206,-0.4064640766,-0.798626766,0.4438268166
0.9608367236,-0.03764310839,0.2745465116,0.2003941583,0.7786793533,-0.5945592032,-0.1914026436,0.6262918338,0.7557271776
0.2331812168,-0.2472834207,-0.9404666023,-0.944718684,0.1716419685,-0.2793665025,0.2305062433,0.9536193918,-0.1935895847
-0.7145806398,-0.6915706935,0.1053778206,0.33546512,-0.2065754837,0.9191244327,-0.6138710471,0.6921391084,0.379612687
-0.1991291719,0.01245699111,0.979894074,-0.8971026026,-0.4047486913,-0.1771592992,0.3944039723,-0.9143431086,0.09177247087
-0.1883676668,-0.6698529786,0.7182023456,0.7869566756,0.3345545607,0.5184326731,-0.5875515405,0.6628500833,0.4641260112
-0.0523501361,-0.9010929179,-0.4304544303,0.3577392585,0.385516598,-0.8505289975,0.9323529837,-0.1985157575,0.302174466
0.8794570875,-0.4101950009,0.2414441807,0.4654008165,0.8474121745,-0.25552825,-0.09978632744,0.3370944493,0.9361677313
-0.6769338974,-0.3840502191,0.6279059865,-0.7063338175,0.09902458926,-0.7009184467,0.2070097506,-0.9179866883,-0.3383007585
-0.9531947293,0.283625433,0.10476842,-0.2998888707,-0.9310275835,-0.207976691,0.03855480989,-0.2296611688,0.9725066962
0.03072978242,0.04064572386,0.998700959,0.7361811133,0.6749261355,-0.05012065555,-0.6760865691,0.7367649807,-0.00918228095
0.869079628,0.4940996534,0.02379354156,-0.4895652515,0.8660055182,-0.1017855934,-0.0708975647,0.07681129447,0.9945217747
-0.9238080239,0.04731625515,0.3799209221,-0.2510966436,0.6742234719,-0.6945309104,-0.2890142049,-0.7370100962,-0.6109721003
0.9843492424,0.1029830253,-0.143007222,-0.04245914019,0.9261718295,0.3747038346,0.171037395,-0.3627674721,0.9160491094
0.9553542166,0.2893904964,0.05959413866,0.05600153173,0.02068673419,-0.998216353,-0.2901071341,0.956987565,0.003556847668
0.8741673589,0.4313833709,-0.2230242499,-0.2199872669,0.7611945213,0.6100725392,0.4329399856,-0.4842430052,0.760310253
0.6931911253,-0.3699331626,0.6185753948,0.3748411087,0.9180720325,0.1289879313,-0.6156136832,0.1424541976,0.7750655421
0.9987478395,-0.00850176209,-0.0492998281,-0.006150566527,0.957111029,-0.2896560869,0.04964799634,0.2895966129,0.9558602818
0.9152946412,-0.3935195758,0.08589565365,0.05258931824,-0.09467312329,-0.994118385,0.3993370549,0.9144284243,-0.06595887621
0.8497571087,0.3962863861,-0.3476635679,-0.4311147867,0.1428317999,-0.8909203767,-0.3034022032,0.9069488283,0.2922172581
-0.1957029207,0.8201887396,-0.5375786439,0.8286109346,0.4314911205,0.356678191,0.5245038473,-0.3756405788,-0.7640614306
-0.5124063312,-0.5223565468,0.6816035429,0.8462433905,-0.1722174614,0.5041956665,-0.1459858754,0.8351555448,0.5302860927
-0.5742605484,0.1297691244,-0.808322211,-0.366802597,-0.9234920902,0.1123308247,-0.7319020955,0.3610018472,0.577924726
-0.6887880136,0.05544402035,0.7228395624,0.1275444105,0.990786841,0.04553964267,-0.7136550257,0.1235613059,-0.689513675
-0.4759212218,0.1567304098,0.8654100584,-0.8161071599,0.2880766984,-0.5009799591,-0.3278232667,-0.9446943392,-0.009193004675
0.7948768821,-0.4280493215,-0.430051765,0.4261216004,0.8983668372,-0.1065711381,0.4319619473,-0.09854341238,0.8964920925
-0.9257429245,-0.2587162528,0.2758005407,-0.3669416108,0.4382949092,-0.8205189984,0.09139962766,-0.8607923519,-0.5006821696
0.7249800999,0.0887540634,0.6830275038,-0.1077614431,0.9940667492,-0.01479085604,-0.6802876789,-0.06288095322,0.7302428771
0.8411981774,0.3427773075,-0.4181977329,-0.4244045489,0.8977747664,-0.1178187064,0.3350617931,0.2765939013,0.9006827458
-0.3391578689,0.1273881674,0.93206448,-0.6415961137,-0.7559204477,-0.1301487748,0.6879871851,-0.6421499292,0.3381081212
0.9978894973,-0.008345364531,-0.06439647516,0.001724852179,0.9947637568,-0.1021865604,0.06491206365,0.101859821,0.9926786997
0.8159878982,0.4452975427,-0.3686107005,-0.4017891805,0.8953403032,0.1921749095,0.4156070314,-0.00870860921,0.9095025869
0.5279976305,0.02638453493,0.8488358843,0.525372026,-0.7954483615,-0.3020697575,0.6672351433,0.6054467445,-0.4338565466
0.6849845732,-0.2043527959,0.6993111391,0.7282326139,0.2207104814,-0.6488174962,-0.0217576288,0.9536911545,0.2999996456
0.1333243723,0.09228878574,-0.9867661282,0.9277482543,0.3385694842,0.1570155438,0.348579673,-0.9364045517,-0.04048119589
0.6743645985,-0.5557611992,-0.4861706262,0.02803960408,-0.6386632916,0.7689752796,-0.7378659559,-0.5322017375,-0.4151085902
0.571302352,0.6016966899,-0.5581887817,-0.7899578079,0.5876342133,-0.1750791054,0.2226663074,0.540968691,0.8110318063
0.9787593681,0.2036381035,0.02369857014,-0.2043103384,0.9784272347,0.0306175112,-0.01695243454,-0.0348090388,0.9992501918
0.2544417209,0.5954719196,-0.7620187686,-0.9570452256,0.04178122685,-0.2869124696,-0.13901024,0.8022889268,0.5805244449
0.9985654535,-0.02956202702,0.04464439081,0.03423433681,0.9935823851,-0.1078056315,-0.04117092731,0.1091793504,0.9931690814
0.8610459193,-0.4633987721,0.2094313798,0.1947544031,-0.07994257703,-0.977588823,0.4697559444,0.8825365502,0.02141472154
0.5130422763,0.3594713704,0.7794664564,-0.7990967115,0.5315954691,0.2808036732,-0.3134199553,-0.7669332377,0.5599833395
0.874330983,0.09809188297,0.4753139116,0.3129990491,0.6345110681,-0.7067017049,-0.3709136387,0.7666639987,0.5240700199
0.9636652457,-0.2658879168,-0.02555210098,0.2606283637,0.956909052,-0.1280543726,0.05849914709,0.1167419462,0.9914379294
0.6642643946,0.4409344797,0.6035972156,-0.6702805086,0.708787735,0.2198726597,-0.3308728665,-0.5506330279,0.766372243
0.7340298695,-0.5165168597,0.440920043,0.03667477728,0.6784565305,0.7337245375,-0.6781261766,-0.5224050822,0.5169504994
0.709466339,0.7007279323,0.07508580858,-0.5615507458,0.4977238791,0.6610080938,0.4258148349,-0.5111274842,0.7466126313
-0.5465692432,-0.6699900246,0.5023698132,-0.6396152937,0.7212167641,0.2659673949,-0.5405130326,-0.1759538179,-0.8227307674
-0.2961152548,-0.4784411592,-0.8266860426,-0.4308810227,0.839343602,-0.3314270085,0.8524419629,0.2580627345,-0.4546936606
0.9938080699,-0.1045194088,-0.03769898349,0.09748485371,0.9830121785,-0.1555112865,0.05331250762,0.1508732916,0.9871144951
0.8107033228,0.06088729628,0.5822824569,-0.3833233843,0.8069568788,0.4493147882,-0.4425192713,-0.5874634737,0.6775421474
-0.2004969909,-0.1655036935,-0.9656135273,-0.8395540499,-0.4789578079,0.2564145385,-0.5049256915,0.8620950909,-0.04291969685
-0.1938165801,0.9289063036,0.3155443115,-0.4376945346,0.2059795351,-0.8752119318,-0.877985551,-0.307742604,0.3666549631
0.1180471962,-0.9809915225,-0.1540145844,0.4664587611,0.1917027546,-0.8635197033,0.8766305286,0.0300946276,0.4802220629
0.8750733368,-0.02325494276,0.4834313424,0.3004638408,0.8091614845,-0.504954624,-0.3794313318,0.5871259657,0.7150629097
0.5759846933,0.1247465867,0.8078860824,0.810315705,-0.2175076749,-0.5441312982,0.1078429012,0.9680540793,-0.2263652098
0.8187855819,0.2874306778,-0.4969645625,-0.5604059175,0.2122213282,-0.8005668714,-0.1246409989,0.9339944932,0.3348416164
