0.8729991839,-0.02388006572,0.4871367029,0.07949703792,0.9924104336,-0.09381765442,-0.4811991748,0.1206286607,0.8682718931
0.8875419107,-0.1701591286,0.4281532759,-0.2083648455,0.6805873949,0.7024136169,-0.4109178116,-0.7126336148,0.5685946563
0.7678884844,-0.1403890104,-0.6250105609,0.6125971908,-0.1243069705,0.7805590681,-0.1872750845,-0.9822620337,-0.009451977754
-0.03437796664,-0.9939991216,0.103845566,0.7925640195,0.03618266858,0.6087142921,-0.6088188814,0.1032306189,0.7865640527
0.9859797439,-0.05447617156,-0.1577221965,-0.02341450826,0.8906886142,-0.4540105212,0.1652141196,0.4513381651,0.876925399
-0.4687716616,0.7454514572,0.473872614,-0.8832489474,-0.3887999622,-0.2621180769,-0.01115464801,-0.541421014,0.8406776192
-0.927926081,0.2248782628,0.2972927094,0.3606634774,0.3400613226,0.8684930356,0.09420745314,0.9131199613,-0.3966571466
-0.2443843723,0.3439830405,0.9066156553,0.1555263245,-0.9089563888,0.3867943195,0.9571247782,0.2355290876,0.1686363186
0.1329853368,0.07971710123,0.9879069207,-0.6035382163,0.7971545347,0.01691949299,-0.7861657088,-0.5984896253,0.1541221814
0.8169070612,0.5684991917,0.09732174735,-0.5546297121,0.8205877198,-0.1379190943,-0.1582679243,0.05868954925,0.9856504456
0.3501351347,0.7810361811,-0.5170956113,-0.9298905417,0.3562660905,-0.09153170565,0.112734058,0.5128907842,0.8510194332
-0.8013143905,0.5414371663,0.2544426115,-0.5293862877,-0.4436494469,-0.7231357595,-0.2786492526,-0.7141575199,0.6421320976
0.6692823055,-0.5603588803,-0.4879130258,-0.3507115937,0.3406628712,-0.8723245876,0.6550286815,0.7549481661,0.03147527592
-0.4566691509,-0.7290792173,0.5098007272,0.8734236089,-0.2585280732,0.4126674627,-0.169069471,0.6337244908,0.7548567968
0.6900917965,-0.2490672528,-0.6795136613,0.09212358929,-0.9010468684,0.4238251823,-0.7178346304,-0.3550775189,-0.5988600829
-0.6154853193,0.6372004354,-0.4638463396,-0.3338703229,-0.7439055226,-0.5789086119,-0.7139386733,-0.2014452246,0.6706052433
0.9927047265,0.01996424669,-0.1189064963,-0.03455914941,0.9919310673,-0.1219771407,0.115511866,0.1251965915,0.9853846063
0.4065637202,0.9104545995,0.076015549,0.4072469245,-0.2550765231,0.8769754329,0.8178360984,-0.325589296,-0.4744846957
0.5737054323,0.6809082228,-0.4552209014,-0.5334874725,-0.1110727997,-0.8384831244,-0.6214927141,0.7238969714,0.2995329383
0.7663450884,-0.6279698253,0.1355326678,-0.0652085102,0.1338438481,0.9888547287,-0.639111145,-0.7666418478,0.06162159886
-0.1529391918,0.8117155977,-0.5636731251,-0.1028857743,-0.5803621968,-0.8078330508,-0.9828652609,-0.06555538793,0.1722741131
0.9337365182,-0.2620673324,-0.2438377083,0.3501877486,0.5275674697,0.7739774581,-0.074193365,-0.8080799949,0.5843817813
0.6152880548,0.5747796038,0.539489589,-0.5353530264,0.8070178301,-0.2492375556,-0.5786343809,-0.1354644934,0.8042584313
-0.1922266328,-0.01753051909,0.9811939678,-0.9655050129,-0.1755696382,-0.1922898129,0.1756388101,-0.9843109179,0.01682335631
0.9357228742,0.1862244279,0.2995716363,0.04142405445,0.7853887428,-0.6176152285,-0.3502952333,0.5903261685,0.7271920409
-0.9226263988,0.3767530816,0.08256902399,0.2450657952,0.7379447834,-0.6287926945,-0.2978309659,-0.5599058959,-0.7731766315
-0.6974253088,-0.7159931466,-0.03085048862,0.5155247699,-0.4713219308,-0.7156045341,0.4978274303,-0.5149849042,0.6978240453
0.883427652,0.4475997695,0.1386002528,-0.4054933095,0.8785212118,-0.2525384256,-0.2347994031,0.1668979532,0.9576086432
0.4487141258,-0.3075367829,0.8390928199,-0.3132419095,0.8252337159,0.4699668289,-0.8369797724,-0.473719792,0.2739606163
0.3641206155,0.8996115915,0.2410708647,-0.6793870505,0.4336121803,-0.591957526,-0.6370631154,0.05176351499,0.7690715998
-0.3560186076,-0.2747043427,0.8931899435,0.7465482115,-0.6585080864,0.09504140114,0.5620645149,0.7006458622,0.4395211677
-0.9913127157,0.07351270321,-0.1090641191,0.06089305662,-0.4784804756,-0.8759842864,-0.1165810244,-0.8750156095,0.4698473665
0.2999448654,-0.3586178613,-0.8839832053,-0.3970588102,0.7956352845,-0.4575027817,0.8673968982,0.48821893,0.09625433698
0.7958389728,-0.4454197566,0.4101726097,0.4685402585,0.02391363683,-0.8831184316,0.383549678,0.895002446,0.2277284921
0.9621980621,-0.2722884717,-0.005820438505,0.2604065511,0.9135305865,0.3124904729,-0.07977040469,-0.3021934078,0.9499030618
-0.1394370396,-0.6652880945,0.7334501096,0.9772078478,-0.2121795498,-0.006682879877,0.1600691545,0.7158013621,0.6797104353
-0.7021805243,-0.6217316914,-0.3469758137,0.315946452,-0.7088050343,0.6306926849,-0.6380598332,0.3332343428,0.6941430126
-0.9701806894,0.1218395599,0.2095341297,-0.2423608212,-0.499286376,-0.8318499546,0.003265303948,-0.8578276262,0.5139271363
0.9966581751,-0.08086181197,0.01156932991,0.08143475487,0.9725017286,-0.2181943369,0.006392396108,0.2184073152,0.9758367599
-0.312022204,0.08782779937,-0.9460065654,0.001465607411,0.9957612858,0.09196365391,0.9500736793,0.02730822775,-0.3108283522
0.389663396,-0.8260958741,0.4070970948,0.9080732998,0.2709560055,-0.3193520397,0.1535099997,0.4941138025,0.8557372437
0.9309798642,-0.3648007857,-0.0140313612,0.3649320846,0.9309975795,0.008251094832,0.01005315744,-0.01280209704,0.9998675114
0.4255222596,0.3916793588,0.8157929188,-0.4988921236,-0.6505810792,0.5725826652,0.7550082487,-0.6506393312,-0.0814309838
-0.7013948502,0.5469358001,0.4570629002,-0.01488877785,0.6298639219,-0.7765627883,-0.7126174208,-0.5514822485,-0.4336401055
-0.3278614689,-0.9394631644,-0.09957820977,0.8596659993,-0.2529700802,-0.4438248619,0.3917668015,-0.2311170724,0.8905636822
-0.2034020183,0.287003393,-0.9360858248,0.1277752785,0.9556768259,0.2652457024,0.9707219464,-0.06565711574,-0.2310585337
0.7603066635,0.6474675535,0.05214925339,0.6321880925,-0.7560246758,0.1696021973,0.1492380422,-0.09598154374,-0.9841318763
0.9998390129,-0.008978317811,0.0155350582,0.005657556945,0.979388633,0.2019056649,-0.01702763265,-0.2017852702,0.9792817595
-0.5786541077,0.5457790673,0.6060401252,0.164259084,0.8058481385,-0.5688828799,-0.7988606743,-0.2296388194,-0.5559565052
0.02298551387,-0.4042682887,0.9143515828,-0.5566288495,-0.7648935887,-0.3241945741,0.8304432492,-0.5015026907,-0.2426088646
0.8524822426,0.5221234199,0.02571303996,-0.5065316634,0.837183658,-0.2062745665,-0.129227319,0.1628209362,0.9781562466
-0.5351331196,0.09441139118,-0.8394754514,0.6478693879,0.6835890423,-0.3361120015,0.5421234182,-0.7237351107,-0.4269773869
0.8876348531,0.2034986466,-0.4131496924,-0.2815365732,0.9497074748,-0.13708709,0.3644743138,0.2380000276,0.9002857665
-0.03172884098,0.9117748962,-0.4094628425,-0.5518082282,-0.3575564483,-0.7534328541,-0.833367242,0.2020394144,0.5144697416
0.9329943169,-0.2330034796,-0.2742826699,0.2510729024,0.9674321366,0.03220960669,0.257844919,-0.09891632601,0.9611095454
0.9753844291,0.1628584846,-0.148668522,-0.1689056579,0.9852080569,-0.02891303096,0.1417606933,0.05331227471,0.9884643176
0.05963120313,-0.883490154,0.4646388569,0.978378922,0.144072673,0.1483837926,-0.1980373819,0.4457445599,0.8729793713
-0.8758374068,-0.3717296252,-0.3077757666,0.4505763938,-0.4013844991,-0.7974154483,0.1728865238,-0.8370827735,0.5190401528
-0.7843678316,-0.04798991569,-0.6184367977,0.317609076,-0.8874657328,-0.33395965,-0.5328147705,-0.4583683464,0.7113416053
0.7294443743,0.1253651216,-0.6724540811,-0.07021555506,0.9915921862,0.1086955013,0.6804268371,-0.03207058535,0.7321139234
0.9288261855,0.3656404247,0.05990823788,-0.3693556575,0.9265194907,0.07168006497,-0.02929702065,-0.08870576791,0.9956269238
0.05225535597,0.5436194976,-0.8377035392,0.1796130282,0.8200537835,0.5433699957,0.9823484809,-0.178856462,-0.0547889418
-0.3759173312,0.7976630476,-0.471614061,-0.5959689501,0.1816083153,0.7822016558,0.7095823917,0.5751104957,0.4071126958
0.9430563161,-0.3242629999,0.07415046631,0.2708281495,0.8779358024,0.3948174771,-0.1931240487,-0.3522530819,0.9157624518
0.520359537,-0.8178214073,-0.245752107,0.8530710917,0.5108678643,0.106224939,0.03867382497,-0.2649191783,0.9634947661
0.2469095652,-0.8392007731,-0.4845386764,-0.08930065139,0.4781873423,-0.8737060486,0.9649150534,0.258996,0.04312785309
-0.4848973665,0.1028614477,0.8685010458,0.6544144675,0.7014652045,0.2822911114,-0.5801863913,0.7052418659,-0.4074526499
-0.5136439166,-0.123081155,-0.8491295285,-0.293013083,0.9553219787,0.03877177025,0.8064200271,0.2687209449,-0.5267597114
0.5686231322,0.7190952425,0.3994618453,0.005893103902,-0.489158543,0.8721749774,0.822577051,-0.4935847973,-0.2823845658
0.1955061806,0.1296257807,-0.9720979839,-0.8003061494,-0.5518167489,-0.2345385746,-0.5668221949,0.8238297352,-0.004143275511
0.3644447909,-0.3926924696,0.8443770596,-0.2866198827,0.8154181325,0.5029337054,-0.8860186439,-0.4253068229,0.1846214212
0.5670764645,-0.8226393889,-0.04109402936,0.8166371701,0.5680412644,-0.102141345,0.107368598,0.02436304097,0.9939207345
-0.8005055039,-0.2152612007,0.5593331331,-0.4439796821,0.839897409,-0.3121768478,-0.4025828861,-0.4982318314,-0.767914098
0.9130921852,-0.09861709903,-0.3956479864,-0.3428180278,0.3396842455,-0.8758369787,0.2207678898,0.9353551631,0.2763553106
0.8907756113,-0.3392276028,-0.3023961704,0.3455790229,0.9377730605,-0.03401214347,0.2951168401,-0.07420458519,0.9525753147
0.8621767742,0.04156253393,-0.5048997582,-0.3628571902,-0.6448292829,-0.6727033933,-0.3535334067,0.7631957492,-0.5408755668
0.7470411978,-0.4996640863,0.4384806148,0.06409378075,0.7106529189,0.7006171681,-0.6616807659,-0.4952860081,0.5629123682
0.7700307969,-0.6047477548,-0.2033045126,-0.1587810149,0.1269819003,-0.9791139803,0.6179329746,0.7862288153,0.001757511636
0.08636881855,0.3645338581,-0.9271760855,0.7813909288,0.5525484923,0.2900316879,0.6180361183,-0.7495366769,-0.2371204895
0.4728369637,0.4055390808,-0.7822808062,-0.409208199,0.8873153235,0.2126503387,0.7803677695,0.2195667794,0.5855054003
0.9772708499,0.139572443,0.1595657205,-0.1381160106,0.9902092808,-0.02023728702,-0.1608280249,-0.002261270061,0.9869798544
0.5298832737,-0.2318412391,-0.8157655031,0.1856692882,0.9702856247,-0.1551538656,0.8274966052,-0.06924916207,0.5571839211
0.08614180811,0.09667735562,-0.9915811,0.8608657314,-0.5082059493,0.02523699106,-0.5014875686,-0.8557921489,-0.1270040018
-0.4023314071,0.8910654363,-0.2100757651,-0.2875603245,-0.3408552189,-0.8950568583,-0.8691596508,-0.2997000301,0.3933718259
0.8494540518,-0.3717817423,-0.3744411168,0.5173474246,0.4471831821,0.7296429565,-0.1038241595,-0.8135143132,0.5722018928
0.9941905163,-0.03713215152,-0.1010268312,0.01416925319,0.9755909078,-0.2191383419,0.106697936,0.2164337865,0.9704493632
0.9832983883,-0.04748203842,-0.1756978533,0.07660631004,0.9836647873,0.1628958547,0.1650931642,-0.1736347956,0.9708734237
0.9304075635,-0.3360136411,0.1464124267,0.3664993562,0.8577610391,-0.3604500267,-0.00447074935,0.3890254913,0.9212161416
0.1422028278,0.8436412929,-0.5177332562,-0.9719675712,0.02007267055,-0.2342565441,-0.1872362047,0.5365318786,0.822846369
-0.3816765834,0.3685310019,0.847648445,-0.7253483028,-0.6878301026,-0.02756065359,0.5728811616,-0.625359617,0.5298419803
0.6749386536,-0.7209845989,0.1569682197,-0.3969717,-0.5341224572,-0.7464091841,0.6219897775,0.4414684687,-0.646710374
-0.2787875162,-0.9334881895,0.225560016,0.7107319393,-0.04259423189,0.7021722309,-0.6458619289,0.3560695598,0.6753346114
-0.3949468536,-0.6505655913,0.6486766485,0.4767313017,0.4584444214,0.750037318,-0.7853306621,0.6054693419,0.1290837994
0.686595856,-0.5671201744,-0.4549294872,0.7209621752,0.6118309019,0.3253866768,0.09380656957,-0.5513960965,0.8289527563
0.7583973026,0.6378439666,0.1341216081,0.5885409137,-0.5817184562,-0.5614474424,-0.2800948489,0.5047362796,-0.8165709789
0.9801081375,0.08488684575,-0.1793941531,-0.05486312049,0.9845738306,0.1661457496,0.1907303771,-0.1529986782,0.9696459806
0.7970287804,0.552768195,0.243294977,-0.5781626787,0.5819173684,0.5719266503,0.1745652894,-0.5965060762,0.7833948307
0.9839821948,0.175932939,0.02875136925,-0.1652786641,0.9607822113,-0.2226668039,-0.06679822936,0.2143481825,0.9744705502
0.8692329509,0.06746235246,-0.4897784276,0.3708506597,-0.7441089704,0.5556722311,-0.3269615656,-0.6646432661,-0.671822494
0.7628461822,0.5360489756,-0.3615483344,-0.1539215443,-0.3925397081,-0.9067638809,-0.6279919271,0.7473714427,-0.2169379316
0.7637268892,-0.2277512639,-0.6040286422,0.631535832,0.4574424551,0.626026272,0.1337300703,-0.8595788283,0.4931941871
0.6373614389,-0.4738522422,0.607646648,-0.6078718399,0.1754426702,0.7744105472,-0.4735633246,-0.8629507066,-0.1762210416
0.9874972972,-0.04180896444,-0.1519904554,0.1375746827,0.6992846852,0.701479961,0.07695644705,-0.7136196042,0.6962935916
-0.2950902524,-0.4900509605,-0.8202266754,0.2678061116,-0.8664651894,0.4213288053,-0.9171704474,-0.09533169305,0.3869240737
-0.9282135269,0.2318849414,0.2909450504,0.2445156911,0.9696178797,0.007296865219,-0.2804134897,0.07791367908,-0.9567119386
-0.5808295493,-0.5258092084,-0.6214191106,0.5251671812,0.3412275056,-0.7795917016,0.6219617885,-0.7791588193,0.07794272152
-0.3620683717,0.651307257,-0.666862318,-0.5472800057,0.4305902608,0.7176883882,0.754580075,0.6248126794,0.2005443247
-0.272707326,-0.210390679,0.9388112039,0.9110771836,-0.3700174971,0.1817289667,0.3091424912,0.9048882881,0.2925886295
0.9153929649,-0.4017150384,-0.02609114284,0.3493942532,0.825016394,-0.4441526827,0.1999484326,0.3974581457,0.8955711288
0.4327584208,0.8428214438,-0.319956502,-0.8090579565,0.5196535759,0.274563989,0.397674958,0.1400434754,0.9067758559
0.5539965818,-0.1630608433,0.8163938686,-0.3122628974,-0.9497361915,0.02220471536,0.771738084,-0.2672308512,-0.5770684551
0.3103805329,-0.9363808567,0.1638743911,-0.3258964696,0.05712709906,0.9436779035,-0.8930035923,-0.3463053361,-0.287432076
0.9878862534,0.08255540694,-0.1313976986,-0.08828318511,0.9953561329,-0.03836988342,0.1276198638,0.04950528772,0.9905868952
-0.2804002833,-0.5303787945,0.8000462583,-0.9135744154,0.4032186783,-0.05288180259,-0.2945462082,-0.7457298651,-0.5976031288
0.9608016879,0.1414063059,0.2384625196,-0.1621808429,0.9842910422,0.06977476971,-0.2248499295,-0.1057137689,0.9686418886
-0.1047276943,0.3505033848,0.9306876422,-0.6634506275,-0.7217740112,0.197168815,0.7408544897,-0.5968162648,0.3081314186
0.9649699354,0.2365496208,0.1134781949,-0.241730876,0.9697436882,0.03410810442,-0.1019765041,-0.06034447878,0.9929548512
-0.4961449733,0.82277046,-0.2772885423,0.7383258838,0.5678587858,0.3638836198,0.4568534282,-0.02419027924,-0.8892130091
0.326959213,0.9446685271,0.02643949777,-0.2112992883,0.04580666267,0.9763474589,0.9211136107,-0.3248124438,0.2145846979
-0.631752167,0.7301711929,-0.2602676094,-0.6803058464,-0.3613072975,0.6376840849,0.3715819624,0.5799198788,0.7249963996
0.30466442,-0.675431188,0.6715447129,-0.8139647948,-0.5507746722,-0.1846850652,0.4946118721,-0.4903467861,-0.7175786544
0.9726608196,-0.1025026495,0.208384589,0.1303561134,0.9836032731,-0.1246269827,-0.1921931679,0.1483839882,0.9700742128
0.1861075718,-0.8002169712,0.5701024213,0.1166779159,-0.5581338511,-0.8215064627,0.9755768733,0.2194069354,-0.01050528732
-0.4017360194,0.09357141606,0.9109624366,-0.9126223869,-0.1231261275,-0.3898209021,0.07568718329,-0.9879698107,0.1348595694
0.7315135912,0.3835589301,0.5637112851,-0.174204828,0.9044651414,-0.3893526498,-0.659196893,0.1866155277,0.7284463612
0.003818830052,-0.9054226492,-0.4244941023,-0.7364922197,0.284600382,-0.6136626376,0.6764352347,0.314980077,-0.6657498962
0.7713615322,-0.1676790905,0.6139096914,0.2957001874,0.9486411017,-0.1124342447,-0.5635270941,0.2682606621,0.7813279922
0.881178775,0.3815439026,0.2791920789,-0.4482060014,0.8620784731,0.2364996546,-0.1504504799,-0.3335340412,0.9306555198
0.3407571495,0.8341007412,-0.4337747325,-0.3709375995,0.5432379644,0.7531917494,0.8638806991,-0.09575211556,0.4945115469
0.935101673,-0.2557198304,0.2453410471,0.2513906196,0.9666263331,0.04935877278,-0.2497751337,0.01552096684,0.968179468
0.326701434,0.7716739028,0.5456973161,0.8919806705,-0.06085671136,-0.447958641,-0.3124686488,0.6331001883,-0.7082001801
0.4655351884,-0.6160484589,-0.635422131,0.03275597718,-0.7054819593,0.7079705157,-0.8844229951,-0.3503990602,-0.3082474076
0.08719922591,-0.2069893954,0.9744494267,-0.7282012315,0.6542556621,0.2041384213,-0.6797935432,-0.7273959849,-0.09367934538
-0.08761790268,-0.7646832324,-0.6384220056,-0.6882795169,0.5097782292,-0.516137059,0.7201349942,0.3941899429,-0.570981505
0.8234640754,-0.5570292629,-0.1078207623,0.536728458,0.826403958,-0.1702323724,0.1839279176,0.08230977165,0.9794874285
0.9804598144,0.08815844882,-0.1758597173,-0.1294052631,0.9623482116,-0.2390401587,0.1481648748,0.2571264426,0.9549519163
0.7339866641,-0.471556663,-0.4887718183,-0.5773361927,-0.8122411098,-0.08335046595,-0.3576960966,0.3433637911,-0.8684208711
-0.6491225113,-0.5978283627,-0.4703628537,-0.4430500039,0.7997662801,-0.4050686253,0.6183418628,-0.05454489911,-0.7840141546
0.9130075192,0.2953504666,0.2813989547,-0.3349222162,0.9365205434,0.1037129734,-0.2329042269,-0.1889374861,0.9539697309
0.1925370222,0.8506012459,0.489292362,-0.2059128323,-0.4524993317,0.8676659843,0.9594422341,-0.267809401,0.08802683782
0.1554843903,0.9563855913,-0.247287697,0.9819042838,-0.1222319496,0.1446489816,0.1081137445,-0.2653035077,-0.9580842693
0.6669330368,0.5743203414,-0.4747172526,-0.4662602474,0.818627407,0.3353364731,0.5812071113,-0.002305188733,0.813752407
0.9904769798,-0.06089818095,0.123477788,0.03906633077,0.9843077558,0.1720815611,-0.1320195984,-0.1656190008,0.9773132416
0.6450554428,0.580993949,0.4963360826,-0.5946244977,0.7896031526,-0.151487848,-0.4799220587,-0.197415533,0.8548110463
0.7535560214,0.4354837911,-0.4924501907,-0.6388517807,0.3085061071,-0.7047640627,-0.1549894346,0.8456818844,0.5106862301
0.2428137002,0.09769101963,0.9651414257,-0.9365034039,0.2830732132,0.2069563492,-0.2529879078,-0.9541100674,0.1602220267
0.6960834835,-0.7083157098,-0.1172887005,0.6643713428,0.6974036307,-0.2687729428,0.2721736633,0.1091651549,0.9560358079
-0.1919900471,0.3056114955,-0.9325992899,-0.7098817463,-0.6994067941,-0.08305445567,-0.677648676,0.6460895837,0.3512271655
-0.5409394811,0.1581836533,-0.8260523044,0.5634419785,0.7973421914,-0.2162835329,0.6244338352,-0.5824288468,-0.5204411819
0.9426197189,-0.2410634788,0.2309901831,-0.02299139946,0.6433489909,0.7652277252,-0.3330757587,-0.7266295308,0.6008910583
0.7494124024,-0.5106332855,-0.4214673165,-0.4255210648,0.1162398372,-0.8974520175,0.5072601645,0.8519048937,-0.1301736437
0.06494828221,0.713529503,-0.6976083206,-0.6073931927,0.5829328366,0.5396877037,0.7917418962,0.3886707558,0.4712534492
0.4948320066,-0.8657385991,-0.07508637177,0.8316373568,0.4467312204,0.3298644017,-0.2520329185,-0.2256720955,0.9410374665
0.9187941981,0.3103098101,-0.2439775468,-0.3930680477,0.7760015368,-0.4932738842,0.03625922593,0.5491169609,0.8349585809
0.3317659366,0.6905861983,0.6426679283,0.74773928,0.2228539889,-0.6254774727,-0.5751672214,0.6880601735,-0.4424430643
0.9044281051,0.3405453166,0.2569799411,-0.359278277,0.9328003294,0.02833134658,-0.2300628663,-0.1179509766,0.9660013689
0.9709952968,-0.1719396287,-0.1661472169,0.1072094263,0.9342111595,-0.3402288178,0.2137154008,0.3125480341,0.925548191
0.8902159418,-0.4493781867,0.074664733,0.4297984306,0.8828710809,0.1892404913,-0.1509598824,-0.1363741172,0.9790879501
0.5551927642,-0.4092868214,-0.7240478523,0.3471798355,0.9051146422,-0.2454254395,0.7557957108,-0.1151163861,0.6446092314
0.4809214127,-0.3941214375,0.783187645,0.1828808549,0.9187154573,0.3500235726,-0.8574783891,-0.02510380496,0.513907201
0.7908730881,-0.003899754804,-0.6119677691,-0.2216345885,0.9302719351,-0.292356351,0.5704365589,0.3668499949,0.7348627175
-0.01237494173,-0.3056187404,0.9520735509,-0.9970111927,-0.06884467934,-0.03505840443,0.07625970372,-0.9496618323,-0.303853356
0.7873113666,-0.1836097691,-0.5885815701,0.06764658496,0.9745896264,-0.2135392228,0.6128333799,0.1283063241,0.7797260645
0.7814617251,0.2582096877,-0.5680187755,-0.355615024,0.9323401011,-0.06542087239,0.5126943796,0.2531199183,0.8204113481
0.7860932915,-0.06195640229,0.6149949115,0.4489779261,0.7410718226,-0.4992307839,-0.4248248567,0.6685611101,0.6103686453
0.6969782191,-0.7045101206,-0.1337417363,0.3465999357,0.4942401209,-0.7972422389,0.6277657578,0.5093055987,0.5886577618
0.9877678579,-0.153093188,-0.02961646057,0.1344339786,0.9323221936,-0.3357124258,0.079007369,0.327624485,0.9414988223
0.9541338434,0.2373316528,-0.1824891651,-0.2601644208,0.9589094014,-0.113169051,0.1481319781,0.1554556095,0.9766731646
0.8291656684,-0.4103148915,-0.3796392818,0.5169620198,0.3044538272,0.8000363349,-0.2126841896,-0.8596217522,0.4645598762
0.1635896024,-0.9615880879,-0.2204241164,-0.1115461687,-0.240030606,0.9643353983,-0.980201966,-0.1331677788,-0.1465279785
0.9796214282,-0.1214494496,-0.1599746498,0.1504380682,0.9713903993,0.1837636518,0.1330798446,-0.2040850883,0.9698654709
-0.06999941218,0.9924432373,0.1007794772,0.1379660696,-0.09042462619,0.9863005377,0.9879602451,0.08294460623,-0.1305938221
0.1154143949,-0.5210315327,-0.8456983265,-0.5995570964,0.6422658752,-0.4775205061,0.791966417,0.5621571733,-0.2382614255
0.02319194205,-0.2532880341,0.9671128712,0.8898049787,-0.4357703907,-0.1354668467,0.455751285,0.863683587,0.2152705921
0.9078384539,0.2073706598,0.3644540451,-0.2409491283,-0.4533524747,0.8581462878,0.3431805052,-0.8668730836,-0.36160503
0.5872704042,0.01772122578,0.8091967811,-0.1041679446,0.9931007727,0.05385066887,-0.8026596487,-0.1159172695,0.5850646759
0.8976444956,-0.4020932653,-0.1804310546,-0.05114052021,0.311602696,-0.9488352897,0.437743083,0.860944113,0.2591451862
0.7261227206,0.1221128087,-0.6766345074,0.6873016487,-0.1561523311,0.7093890986,-0.01903256036,-0.9801555547,-0.1973140902
-0.5497966526,-0.5081954221,0.6629185876,-0.2441796299,0.8567458705,0.4542717488,-0.7988115855,0.08788587146,-0.5951269818
0.9828034436,-0.05610863797,-0.175923881,0.08097006918,0.9871880115,0.1374906462,0.1659555334,-0.1493708493,0.9747548976
0.812984353,-0.5637961748,0.145568936,0.4470960199,0.7645729151,0.4642557555,-0.3730436848,-0.3123493731,0.8736568425
0.9954096663,-0.07034843554,0.06488985978,0.08503405294,0.9612211198,-0.2623417021,-0.04391817536,0.2666553139,0.9627908067
0.2280378895,0.01675484067,-0.9735080874,0.6845879387,0.7082133477,0.1725491474,0.6923424551,-0.7057996383,0.1500293153
-0.2916367059,-0.8470584176,-0.4443422881,-0.81319622,-0.02503413631,0.5814509437,-0.5036466416,0.5309099069,-0.6815238302
0.2520196885,-0.539938868,-0.8030890956,0.9290193548,-0.09735689582,0.3569939401,-0.2709411653,-0.836054815,0.4770778042
0.9997702442,-0.0003993968092,0.02143126971,0.0007368247463,0.9998758617,-0.01573906877,-0.02142232313,0.01575124372,0.9996464287
0.5988940119,-0.7001935067,-0.3886579675,0.7645712556,0.6443045362,0.01739136876,0.238236768,-0.3075722968,0.9212179572
0.7654763808,0.290224535,0.5742957685,-0.3492577056,-0.5621979527,0.7496349225,0.5404303521,-0.7744050499,-0.3289860989
0.1024547917,-0.09433773211,-0.9902542138,0.3856806207,0.9213894854,-0.04787353199,0.9169261009,-0.377016987,0.1307850029
0.91434925,0.2757215856,-0.2965519452,0.3994339655,-0.7343666499,0.548778763,-0.06646770783,-0.6202283699,-0.7816001619
0.5626147253,0.7958672313,-0.2237409683,0.8012665763,-0.4583057506,0.3846137188,0.2035596831,-0.3956655015,-0.8955513756
0.5600315835,-0.8284698739,0.001514421407,-0.131757443,-0.09087020495,-0.9871081917,0.8179270149,0.5526122274,-0.160047257
0.7760367697,0.1877848844,0.6020828592,-0.4291911196,0.8567435589,0.2859815677,-0.4621275959,-0.4803408284,0.7454601087
0.4182737665,0.8785070334,-0.2308082505,-0.8852340905,0.4511886279,0.1130903493,0.2034887252,0.1570166054,0.9664047415
0.2657618786,0.7072139074,-0.6551481611,0.3677310801,0.553835701,0.7470206618,0.8911478422,-0.4394479553,-0.1128761177
0.523565149,0.7534532169,0.3977282799,0.4849346456,0.1202896063,-0.8662383044,-0.7005126153,0.6464044094,-0.3023961231
0.9413060442,0.3372623164,-0.01403784568,0.2550653118,-0.6834218162,0.6840148447,0.221098661,-0.6474478751,-0.7293330043
-0.2661756483,0.4380826453,0.8586233867,-0.8420219053,0.3279139435,-0.4283357989,-0.4692010606,-0.836992259,0.2815924771
0.9842558011,-0.1638836089,0.06620181743,0.1622611473,0.9863151227,0.02921983691,-0.07008450601,-0.01801781113,0.9973783237
0.9754348533,0.04053998776,0.2165256484,-0.02405514384,0.9966447406,-0.07823433395,-0.2189707676,0.07110394044,0.9731372116
0.9994449814,-0.01320899763,-0.03058188316,0.01486160492,0.9984054711,0.05445776328,0.029813787,-0.05488203407,0.9980476444
0.7052042745,-0.1914502097,-0.6826666451,0.04888447881,0.9736908047,-0.2225680226,0.7073169296,0.1235841177,0.6960098612
0.431010474,0.5456243937,-0.7186960361,-0.5900678199,-0.4321533213,-0.6819556252,-0.6826785036,0.7180094205,0.1356927886
0.3110916636,0.8685276127,0.3858519959,0.2170190745,0.330351295,-0.9185699446,-0.9252700677,0.3694966952,-0.08571752474
0.253018184,-0.513310914,0.8200571347,-0.2595132144,-0.8525836189,-0.4536012172,0.932005735,-0.09804630678,-0.3489301242
0.9152282711,0.2987754555,0.2703524347,-0.3753373313,0.8761995882,0.3023179938,-0.1465574957,-0.3781633361,0.9140642164
0.8958135426,0.1288411724,0.425344624,0.3356348108,-0.8234668415,-0.4574403074,0.2913200486,0.5525416847,-0.780916331
-0.5020485088,-0.6000627328,-0.622793715,0.7476184363,-0.663137815,0.03626171533,-0.4347573674,-0.4474069233,0.7815453132
0.9552993984,-0.2774466591,-0.1021097973,0.1149648376,0.6668255657,-0.7362925716,0.2723713375,0.6916408145,0.6689146719
0.81867901,-0.5700693674,0.06917799501,0.5740912281,0.8096450758,-0.1220414401,0.01356246353,0.1396272455,0.9901112523
0.9740770302,0.06374836385,0.2170485782,-0.1043037215,0.9779615102,0.1808646407,-0.2007353304,-0.1988150666,0.9592590351
0.989340075,-0.05785699448,-0.133636762,0.06296917098,0.9974242841,0.03434648494,0.1313053673,-0.04239535011,0.990435023
0.1921474923,-0.1670584841,-0.9670422969,-0.2397823728,0.9475453989,-0.2113341684,0.9516216448,0.272487027,0.1420107925
0.8115597287,-0.4717835237,-0.3446608675,-0.5669170442,-0.4931543238,-0.659851406,0.1413360244,0.7309029482,-0.66768631
-0.560638663,-0.811153354,-0.1664768031,-0.6653688178,0.3216148461,0.6736825863,-0.492918478,0.4884609781,-0.7200258655
-0.495348516,0.7070293544,0.5047170887,-0.7902702908,-0.6080111597,0.07612684961,0.3606975397,-0.3611535985,0.8599217192
-0.2057239307,0.5743781126,-0.7923177697,0.006518357212,0.810422134,0.5858101022,0.9785883585,0.1153505466,-0.1704672287
0.5648461632,-0.7852254438,0.2537120695,0.1981017267,0.4274978207,0.8820438307,-0.8010646152,-0.4479582745,0.3970250201
0.1350219348,-0.06361702867,0.9887982356,0.8084432114,0.5840523732,-0.07281757529,-0.5728775184,0.8092191909,0.1302906364
-0.3713011312,0.6367133885,0.6758191554,-0.546369731,0.4386760248,-0.7134728182,-0.7507433563,-0.6341603946,0.1850000186
-0.5947414558,-0.2647287854,0.7590792257,-0.7649439192,-0.1040755857,-0.635632813,0.2472719176,-0.9586902225,-0.1406046093
-0.839897519,-0.4805893321,0.2522024018,0.4445720113,-0.3426353425,0.8276211385,-0.3113324338,0.8072390699,0.5014351401
0.89018057,-0.01368010152,-0.4554024678,0.224604618,0.8828261591,0.4125175612,0.3963979294,-0.4695006151,0.7889473075
0.5988587979,-0.7405198149,0.3049566261,-0.4535823773,0.0002024506627,0.8912143323,-0.6600236111,-0.6720344952,-0.3357654987
0.709165813,-0.112210518,0.696055062,-0.5516438159,-0.7031145492,0.4486858935,0.4390591646,-0.702167167,-0.5605250392
0.564884533,0.6577640165,-0.4982488966,0.01412518631,0.5960172715,0.8028473648,0.8250490552,-0.4605539172,0.3273898988
-0.1818778416,0.9530815718,0.2419834049,-0.8006644985,-0.0006797169121,-0.5991125928,-0.5708386914,-0.3027128268,0.7632222041
0.3471727484,0.9195703561,0.1840147899,0.9289106409,-0.3102417431,-0.2021758691,-0.1288258668,0.2411232486,-0.9619061675
0.9916407354,-0.006653847024,0.1288579767,-0.1062944293,0.5240017405,0.8450583827,-0.07314469329,-0.8516912012,0.5189142044
0.9412187006,-0.2843286616,-0.1823857722,0.220904492,0.1096141989,0.9691160574,-0.2555554013,-0.9524399926,0.1659804124
-0.004174624851,-0.8937659017,-0.4485143091,0.2394299899,0.4345788587,-0.8682249106,0.9709046567,-0.1110122898,0.2121801572
0.5106752577,-0.8281553541,-0.2310183772,0.405690674,0.4690075354,-0.7845043077,0.7580408025,0.3069049384,0.5754854478
-0.6887584853,-0.581974923,0.4323389155,-0.6095895369,0.7876856149,0.0891738116,-0.3924440666,-0.2021300599,-0.8972909748
0.9269765585,-0.01925461772,0.3746247718,0.0905508922,0.9806340911,-0.1736586173,-0.3640260923,0.1949000747,0.9107683377
0.1807811118,0.7550725854,-0.6302250236,-0.9645335722,0.2614203086,0.03652958221,0.1923361063,0.6012693348,0.7755527121
0.5958768938,-0.01734137864,0.8028885378,0.651027057,0.5958019419,-0.470301836,-0.4702068677,0.8029441591,0.3663143172
-0.8709598571,0.1543843266,-0.4664701567,-0.3693883419,-0.8317518563,0.4144165806,-0.324007994,0.5332488436,0.7814502483
-0.9343507404,0.3355233454,0.1200532326,0.3560325231,0.8646130591,0.3545209452,0.01515046085,0.3739897629,-0.9273090751
0.6313142738,0.6221559064,0.4629949415,-0.7427525952,0.6567816753,0.1302167936,-0.2230714461,-0.4260984149,0.8767435604
0.455060158,-0.6197291386,-0.6394185228,0.4537843748,0.7792334444,-0.432290389,0.7661592483,-0.0934400019,0.6358214941
0.02867855444,0.8228785004,-0.5674931842,-0.991336711,-0.04938505577,-0.1217071965,-0.1281759179,0.5660672132,0.8143333742
-0.972231841,0.1039231555,0.209678862,-0.2333295802,-0.4992363942,-0.8344581054,0.0179597996,-0.8602110209,0.5096218648
0.7112243957,0.6437608833,-0.2823681713,0.3725758462,-0.6858296439,-0.6251599303,-0.5961099713,0.3394254333,-0.7276285298
0.9415946361,-0.3367361561,-0.00288139033,0.1369710639,0.3751590125,0.9167849491,-0.3076336602,-0.8636344577,0.3993708234
0.2491718836,0.9532752396,-0.1708206371,-0.5729335618,0.2873043685,0.7675958139,0.7808075987,-0.09339441882,0.6177515491
0.9935483807,-0.03604211313,-0.1075294439,0.007886076078,0.9678171422,-0.2515308909,0.1131345439,0.2490601239,0.9618573853
0.9592557639,0.09012748667,-0.2677786691,-0.1563592077,0.9587369912,-0.23743458,0.2353299336,0.26963015,0.9337662473
0.8811442036,-0.4285165188,-0.1998961872,0.1851002994,-0.07641945193,0.9797438168,-0.4351123667,-0.9002964292,0.01198197883
0.9317544674,-0.1444875067,-0.3331020456,0.2642598664,0.8990002168,0.3492353551,0.2489986655,-0.4134271043,0.8758297174
0.7728582295,-0.5918819963,0.2288358792,0.5676293061,0.8060245767,0.1676942233,-0.2837025344,0.0002900907737,0.9589122941
0.3765688295,-0.7761763001,0.5057136224,0.00551361318,0.5477660626,0.8366133759,-0.9263722344,-0.3122542104,0.2105511609
0.04574692055,0.7495262007,0.6603920758,-0.912011106,-0.2384074515,0.3337628343,0.4076063809,-0.6175535293,0.6726698125
0.482847595,-0.5977322346,-0.6399799808,-0.2527403621,-0.7948388433,0.5516824472,-0.8384393296,-0.1046297707,-0.5348570853
-0.2121087283,0.8090205586,0.5481748108,0.9735919103,0.1264756115,0.1900597586,0.08443150765,0.5740118949,-0.8144824523
0.9857213259,0.01023059334,-0.1680738011,-0.01591428447,0.9993448812,-0.03250452161,0.1676311522,0.03471517442,0.9852383739
0.8544229211,-0.3145295718,-0.4135609029,0.2810722105,0.9492373253,-0.1412335399,0.4369895701,0.0044326966,0.8994556503
-0.4619002749,-0.8312109777,-0.309413068,-0.2523574858,-0.2112713911,0.9442881439,-0.8502728006,0.5142496572,-0.1121759989
0.9990634402,0.04248756338,-0.00818837407,-0.04149335367,0.9944057943,0.09713607871,0.01226964192,-0.09670534186,0.9952374253
-0.9367958976,0.2558081563,-0.2386956921,-0.3423367279,-0.8110351759,0.4743706444,-0.07224272266,0.5261027758,0.8473469527
0.9963794788,0.02479181985,-0.0813221983,-0.06637466415,0.8245631607,-0.5618629708,0.05312568331,0.5652264676,0.823223361
0.8184797535,-0.3158768184,0.4799090837,0.4656554091,0.8539959188,-0.2320689783,-0.3365351884,0.4134160209,0.8460681182
0.9932424049,0.05950364927,0.09964356845,-0.06753215445,0.9945656416,0.07923757152,-0.09438714492,-0.08543126095,0.9918631793
-0.4204467271,0.3029447013,-0.855247951,0.610590791,-0.6027549213,-0.513678295,-0.6711210291,-0.7381808808,0.06845108914
-0.7951503559,0.5313117079,-0.2923076815,0.347628367,0.7943350888,0.4981829837,0.4968807,0.2945159348,-0.8163148499
0.5011844399,0.6435983951,-0.5784421,-0.3986716673,0.7650214498,0.5057697926,0.7680332407,-0.02287547379,0.640001292
0.2591797896,-0.7674516043,0.5863820186,0.6955999535,0.5695226337,0.4379322714,-0.6700496559,0.2943841108,0.6814480567
0.9951060316,0.01100966855,0.09819762259,-0.01811208413,0.9972594545,0.07173236915,-0.09713875793,-0.07315987681,0.9925783063
-0.04097031577,0.8212436974,0.5691047555,-0.929680415,-0.2400222873,0.2794344783,0.3660816292,-0.5176370265,0.7733279702
0.6587170219,0.5040575138,0.5585856316,-0.4654262217,0.8563090776,-0.2238597681,-0.5911601451,-0.1125201602,0.7986669496
0.9711109851,-0.1276641791,-0.2016068252,0.1589471548,0.9762135995,0.1474544341,0.1779866752,-0.175239452,0.9683036083
0.9822264119,-0.1414736652,0.1233550886,0.1618889647,0.971112895,-0.1753046156,-0.09499073066,0.1921586512,0.9767557596
0.6603433633,0.7264682964,0.1902378954,-0.7503254169,0.627817499,0.2070192181,0.03095821902,-0.279444095,0.9596627462
0.9996863008,-0.02381255446,-0.007762876219,0.0234470901,0.9987481368,-0.0441858944,0.008805337176,0.04399001646,0.9989931654
0.9383124769,-0.3070661707,-0.1589970516,0.1039839579,-0.1879598177,0.9766567685,-0.3297833108,-0.9329423743,-0.1444350863
0.9442247752,-0.1016314091,0.3132261652,0.2881599605,0.7153850679,-0.6365438255,-0.1593844755,0.69129969,0.7047704077
0.1315482247,-0.2864748205,-0.9490138259,-0.9555630846,0.2181206371,-0.198299216,0.2638072326,0.9329284886,-0.2450513805
-0.732801594,-0.6792340831,0.0405325066,0.3548621417,-0.3306639694,0.8744908231,-0.5805813329,0.6552117213,0.4833455453
-0.09181694244,0.05909014273,0.9940211286,-0.9189057783,-0.3896192052,-0.06171746529,0.3836428283,-0.9190784678,0.09007191774
-0.2048461886,-0.7475718538,0.631802471,0.7938712524,0.2506824995,0.5540096742,-0.5725438618,0.6150565891,0.5421244492
-0.0553149449,-0.8529454681,-0.5190609649,0.4050987781,0.4559763891,-0.7924522147,0.9125980697,-0.2541054132,0.3203048581
0.9447360209,-0.2157869684,0.2467991798,0.3187369854,0.7806927767,-0.5375179277,-0.07668497288,0.5864765747,0.8063278752
-0.6963732927,-0.4364485706,0.569716493,-0.6975187746,0.2247580195,-0.6804053143,0.1689135762,-0.8712040392,-0.4609465542
-0.4905254696,0.857128975,0.1572090453,-0.8487057698,-0.5108244869,0.1369556858,0.1976949165,-0.06624397174,0.9780227279
-0.06783458105,0.03454027813,0.9970985101,0.7366949054,0.6756974761,0.02671211645,-0.6728143027,0.7363693978,-0.07128130214
0.8301253495,0.5551932579,0.05150097649,-0.5461158924,0.8282176687,-0.1257494544,-0.112469268,0.07626230807,0.9907243432
-0.9704023071,0.1478189946,0.190968341,-0.03950402268,0.6829616149,-0.7293852649,-0.2382410432,-0.7153411615,-0.6569080819
0.9627096905,0.1037243638,-0.2498625787,0.02213023325,0.8902929285,0.4548502548,0.2696299402,-0.4434182652,0.8547981852
0.9540668343,0.2982002393,-0.0288633499,-0.03432424413,0.01309105447,-0.9993250075,-0.2976211047,0.954413559,0.02272523871
0.8458144563,0.4305457706,-0.3150051506,-0.1926496217,0.7971375158,0.5722393766,0.4974776666,-0.4233227141,0.7571749144
0.7160233516,-0.360522762,0.5977741195,0.2441475178,0.9315682192,0.2693931004,-0.6539897166,-0.04694668314,0.7550453361
0.999994556,0.003108214223,-0.001107698687,-0.003287590051,0.9097799,-0.415077975,-0.0002823892649,0.415079357,0.9097851657
0.9005270558,-0.4113033217,0.1409985789,0.1200395311,-0.07649829736,-0.9898174182,0.4179013432,0.9082827688,-0.01951612861
0.8353719363,0.3591579542,-0.4161241304,-0.5210344322,0.2761603122,-0.8076252859,-0.1751480757,0.8914824989,0.4178302355
-0.2589008284,0.830289088,-0.4935487731,0.7555367164,0.4924250816,0.4320669036,0.6017762302,-0.2610317401,-0.7548031527
-0.4999221978,-0.5650276711,0.656369962,0.8043146321,-0.02184118915,0.5938021009,-0.3211787176,0.8247828159,0.4653789187
-0.4906280025,0.1145146957,-0.863811639,-0.4443748876,-0.8856118021,0.1349914637,-0.7495432759,0.4500867922,0.4853934045
-0.5866924589,-0.07464307136,0.8063624313,0.140962963,0.9711281286,0.1924567509,-0.7974468018,0.226580162,-0.5592316412
-0.5683499331,-0.0146512828,0.8226564857,-0.752021794,0.4149149508,-0.512160917,-0.3338286609,-0.9097422292,-0.2468349685
0.7576535266,-0.3978023947,-0.5174112373,0.4163301566,0.9051140978,-0.08624193104,0.5026234519,-0.1500723982,0.8513800214
-0.9519944448,-0.08951250773,0.2927355257,-0.3021782184,0.4276759856,-0.8519281517,-0.0489377292,-0.8994891674,-0.4341938926
0.7586840717,0.0534326389,0.6492637619,-0.09433547751,0.9951370993,0.02833674691,-0.6445923495,-0.08274724554,0.7600352599
0.7750925539,0.448568529,-0.4449919187,-0.503944276,0.863706757,-0.007127739275,0.3811452475,0.2297757879,0.8955062186
-0.3788567939,0.1140699558,0.9183983748,-0.6015198196,-0.7845152642,-0.1506974017,0.7033074977,-0.6095275592,0.365834277
0.9892148845,0.06946324265,-0.1289525889,-0.08811038416,0.9854933442,-0.1450497455,0.1170062924,0.1548474293,0.9809851177
0.8249152251,0.4472526646,-0.3456586835,-0.3824055467,0.8918965864,0.2414259244,0.4162701879,-0.06697412287,0.9067709731
0.4931447925,0.04069850139,0.8689947328,0.573194796,-0.7666213393,-0.2893776908,0.6544126676,0.6408083598,-0.4013834905
0.6113117826,-0.2791938154,0.7405057177,0.7721726253,0.415378469,-0.4808431805,-0.1733416891,0.8657433459,0.4695115737
0.1033960937,-0.02310597856,-0.9943718427,0.949778438,0.2991525233,0.09180787778,0.295347535,-0.9539255115,0.05287676257
0.5206367146,-0.6842347876,-0.5106468122,0.1945157122,-0.4873114648,0.8512879501,-0.8313248758,-0.5425405899,-0.120617823
0.7242367054,0.3478810944,-0.5953653825,-0.6010080313,0.7417323826,-0.2976951779,0.3380392594,0.5734211513,0.7462691487
0.961505039,0.2736565929,0.02490239117,-0.2696087742,0.9570139336,-0.1069366154,-0.05309584515,0.09610619139,0.9939539382
0.1959654721,0.4239416476,-0.8842347048,-0.9797115734,0.04603540538,-0.195053773,-0.0419853148,0.9045187786,0.4243618886
0.9910216512,-0.1001863371,-0.08853691101,0.08637651182,0.9852082372,-0.1479994172,0.1020548135,0.1390231172,0.9850164404
0.7417754458,-0.6236996037,0.2465116474,0.2959039983,-0.0254836665,-0.9548776919,0.6018388587,0.7812486077,0.1656520484
0.4195237012,0.2107425069,0.8829425009,-0.8195433471,0.506172255,0.2685858344,-0.3903185446,-0.8362877759,0.3850638774
0.9039785174,0.0382460527,0.4258639214,0.3336500553,0.5597698327,-0.7585086519,-0.2673957379,0.8277650475,0.4932591059
0.9901372604,-0.130912922,-0.04990002468,0.1269745245,0.9890450465,-0.07528191064,0.05920874712,0.06820339285,0.9959129588
0.6460999335,0.2953011223,0.7038125624,-0.5492301373,0.820199545,0.1600592473,-0.5300010681,-0.4899693393,0.6921191475
0.6985938847,-0.6522213074,0.294234516,0.2224990216,0.5888501234,0.7770133316,-0.6800446821,-0.4773498699,0.556485698
0.7478374719,0.6286885476,-0.2132834398,-0.440818636,0.7104631382,0.5485627216,0.4964051227,-0.3162164439,0.8084485851
-0.5644885463,-0.5598512718,0.6065634629,-0.6954234158,0.7184240111,0.01591266846,-0.4446784837,-0.4128359162,-0.7948758095
-0.3204796778,-0.4581140572,-0.8291105395,-0.4007185972,0.8586675249,-0.3195538883,0.8583224231,0.2298294852,-0.4587603141
0.989459529,-0.07536787458,-0.1236508146,0.03763324508,0.9583784602,-0.283009657,0.1398341137,0.2753732205,0.9511130375
0.8507890359,0.2549565136,0.4595162593,-0.4257804835,0.8469519503,0.3184075594,-0.3080081108,-0.4665507155,0.8291329408
-0.1610607077,-0.3439338534,-0.9250778091,-0.7354730347,-0.583211984,0.3448814244,-0.6581328617,0.7359166299,-0.15902154
-0.1741350882,0.9285326509,0.327878159,-0.4234925431,0.2299848123,-0.876219751,-0.8890056451,-0.2914345591,0.3531782282
0.3358337349,-0.9377150819,-0.08891640879,-0.2181363257,0.01440539942,-0.9758119839,0.9163144907,0.3471064818,-0.1997119034
0.6220175645,0.2145650312,0.7530312057,0.2605259439,0.8502126181,-0.4574546279,-0.7383903994,0.4807289792,0.4729474247
0.4887105606,0.0838895918,0.8684034341,0.8622932499,-0.1978543068,-0.4661587975,0.1327114882,0.9766351467,-0.1690309179
0.6996281073,0.6015432237,-0.3855726409,-0.5365827527,0.08600921384,-0.8394530151,-0.4718044732,0.7941965532,0.3829521824
