0.9074941055,-0.2040242584,0.367190074,0.2473037876,0.9660763643,-0.07441300222,-0.3395515941,0.158336857,0.927164578
0.9130225924,-0.1590975181,0.375603149,-0.1965367136,0.6352950896,0.7468423323,-0.3574395977,-0.7557037308,0.5487702663
0.8076782928,-0.01672421061,-0.5893861859,0.5834087145,-0.1220813314,0.8029510697,-0.08538177308,-0.9923791862,-0.08884539113
0.04839584131,-0.940761247,0.3355981505,0.73096519,0.2623349828,0.6299763867,-0.6806965062,0.2148223286,0.7003596459
0.9922246948,0.1194503397,-0.03495384564,-0.1219689438,0.877332643,-0.464123917,-0.02477360979,0.4647784955,0.8850803457
-0.310924993,0.7025425911,0.6401246414,-0.949813806,-0.2540155124,-0.1825646556,0.03434214261,-0.6647631361,0.7462644237
-0.9267624151,0.2824517277,0.2476538866,0.366787701,0.5380582339,0.7589203643,0.08110615522,0.7941752694,-0.6022519681
-0.1871130228,0.3216890449,0.9281728692,0.1553373032,-0.923283324,0.3513093023,0.9699788858,0.2099144159,0.1227880249
0.002431144967,-0.005777511205,0.9999803548,-0.6748485703,0.7379326174,0.00590418466,-0.737952232,-0.6748496666,-0.002104924008
0.6227422189,0.7493091921,0.2252284695,-0.7349393863,0.6589449377,-0.1601738666,-0.2684329104,-0.06578224403,0.9610496704
0.4050043779,0.719856731,-0.5637177846,-0.8766941693,0.4807849938,-0.01590984526,0.2595742424,0.5006516519,0.8258142262
-0.7905400078,0.5117300408,0.3364206614,-0.5811967636,-0.453765397,-0.6755052083,-0.1930202528,-0.7295404923,0.656135544
0.631042991,-0.5285768586,-0.5677950758,-0.39490971,0.4111039402,-0.8216081008,0.6677058218,0.7426978221,0.05068412605
-0.153359817,-0.7332745752,0.6624116272,0.9204347683,0.1379103424,0.3657602696,-0.3595561206,0.6657996207,0.6537815088
0.6529264898,-0.2065209412,-0.7287222378,0.1848333059,-0.8895784212,0.4177162693,-0.7345227348,-0.4074301577,-0.5426573676
-0.7218125476,0.5160375073,-0.4611853609,-0.3071747045,-0.8360102329,-0.4546763589,-0.6201857359,-0.186526624,0.7619563449
0.9913694947,0.08780441352,-0.09734942224,-0.09263175996,0.9946270198,-0.04622173215,0.09276789364,0.05484046356,0.9941763634
0.4021551862,0.9124619077,0.07539544581,0.4008601547,-0.24951138,0.8815073497,0.8231538997,-0.3242797223,-0.466111917
0.5594238658,0.6062933552,-0.5652020045,-0.5650706342,-0.2199122615,-0.7951941748,-0.6064157953,0.7642296544,0.2195744033
0.6987346615,-0.673686216,0.240659002,0.1145020456,0.4373891582,0.8919529168,-0.7061580236,-0.5956824714,0.3827574153
-0.09350990242,0.7117397846,-0.6961913366,0.1544847629,-0.6804138989,-0.7163598148,-0.983560042,-0.1745376899,-0.04632751455
0.9434580972,-0.2106953488,-0.2559185199,0.3304776645,0.6581677172,0.6764612105,0.02591007736,-0.7227881613,0.6905837689
0.5423327061,0.5583860855,0.6277580867,-0.3413405828,0.8291802632,-0.4426586695,-0.7676990572,0.02578896292,0.6402914079
-0.3631900456,0.05333185111,0.9301874566,-0.9283769914,-0.1051492923,-0.3564544685,0.07879817614,-0.9930253471,0.08770123975
0.9823688108,0.06633353528,0.1747895354,0.06659044454,0.7494667769,-0.6586844943,-0.1746918208,0.6587104162,0.7318356067
-0.8720666769,0.4796810104,0.09698370604,0.2719921371,0.6398131541,-0.7187902373,-0.4068414782,-0.6004542081,-0.6884291943
-0.624139855,-0.7481224955,-0.225304623,0.6620727287,-0.3533031084,-0.660936166,0.4148603902,-0.5616846493,0.7158220529
0.843481613,0.4935251491,0.2120653101,-0.4605208695,0.8676272795,-0.1874658171,-0.2765127435,0.06046346883,0.959106288
0.4470347569,-0.4127017004,0.7936228529,-0.1664008737,0.8333558585,0.5270946426,-0.8789031092,-0.3676891616,0.3038651101
0.6326614415,0.7618166783,-0.1391935671,-0.3418051699,0.1134036518,-0.9329034449,-0.6949163448,0.6377891191,0.332138997
-0.3069565516,-0.3011986666,0.9028050945,0.7659147616,-0.6412603736,0.04647269362,0.5649356188,0.7057368465,0.4275315779
-0.9850187095,0.08536982452,-0.1498336913,0.08587029472,-0.5106686095,-0.8554787337,-0.1495474321,-0.8555288215,0.4956874027
0.2759393649,-0.315006337,-0.9080905652,-0.3734789188,0.8353930318,-0.4032765548,0.8856472007,0.4504325589,0.1128695965
0.7840819251,-0.3871100833,0.4851405139,0.4790273187,-0.1195779629,-0.8696171219,0.3946496709,0.9142466266,0.09167738586
0.9736149929,-0.001007983812,0.2281947184,-0.07481636779,0.9433075378,0.3233781072,-0.2155837579,-0.3319184736,0.9183429481
-0.1131665833,-0.6483932234,0.7528476289,0.9562651344,-0.2767719356,-0.09462710211,0.2697226672,0.7092133132,0.6513571672
-0.7651946932,-0.5332586769,-0.3607107775,0.1399317334,-0.684650884,0.7153127127,-0.6284076634,0.4968786074,0.5985110342
-0.8889730765,0.4018760784,0.2195961906,-0.3980295441,-0.4408672797,-0.804492712,-0.226493601,-0.8025781328,0.5518776942
0.996135203,-0.009355853916,0.08733341485,0.02125407493,0.9904364199,-0.1363230077,-0.08522277659,0.1376523379,0.9868074342
-0.4872632492,0.008224952225,-0.8732163971,0.01167080011,0.9999276711,0.00290604408,0.8731771403,-0.008775125542,-0.4873239977
0.3887738065,-0.829868183,0.4002170988,0.9191600443,0.3195344653,-0.2303096578,0.06324350062,0.4574019286,0.8870083062
0.9280552623,-0.3563386859,-0.1083336097,0.3610978749,0.9321258532,0.02738098884,0.09122365277,-0.06453010702,0.9937374454
0.7932593157,0.468268332,0.3891843103,-0.1998819373,-0.4034851963,0.8928868391,0.5751407386,-0.7860817169,-0.2264700093
-0.8125740799,0.4530957691,0.3666436808,-0.02666265691,0.5994906252,-0.7999375557,-0.5822477714,-0.659784218,-0.4750498062
-0.3242424444,-0.9365163122,-0.1334317583,0.898518579,-0.2607829078,-0.3530674697,0.2958567228,-0.2343703733,0.9260341936
-0.05642028658,0.2494592089,-0.9667403242,0.05569674136,0.9675612673,0.2464205084,0.9968523583,-0.0399411701,-0.06848414902
0.7685984215,0.6365988094,0.06323307996,0.5928822782,-0.7459527422,0.3033893713,0.2403062019,-0.1956948193,-0.9507662526
0.9957870275,-0.08952367602,0.01984205821,0.08609199106,0.9872653597,0.1337732357,-0.03156524855,-0.1315014105,0.9908133094
-0.551911852,0.6287670346,0.5477639307,0.06696514799,0.6881645327,-0.7224577807,-0.8312093458,-0.3620519191,-0.4219116393
-0.1295498478,-0.2797049604,0.9513054042,-0.5514346148,-0.7770277578,-0.3035584444,0.8240975079,-0.5639086794,-0.05357516931
0.8933144066,0.4494321753,-0.0003013347068,-0.4336560927,0.8617805839,-0.2632045184,-0.1180328948,0.2352550638,0.964740012
-0.321702611,-0.4681695965,-0.8229973627,0.6585102207,0.5139326713,-0.5497613106,0.6803467641,-0.7188118239,0.142960982
0.8847404632,0.1550902676,-0.4395239718,-0.2377354306,0.9612818468,-0.1393523451,0.4008942228,0.2277810791,0.8873553979
-0.07133585094,0.8682034849,-0.491053872,-0.3762826173,-0.4793573362,-0.7928606032,-0.9237546148,0.1282156504,0.3608852431
0.9208536332,-0.2580372559,-0.2923103842,0.2516022803,0.965963346,-0.06009248415,0.2978672165,-0.01820957687,0.9544336188
0.9585204817,0.2215905421,-0.1792654955,-0.2163459499,0.9751089998,0.04854759004,0.1855610848,-0.00775049548,0.9826021645
0.1107091157,-0.8862204534,0.4498408603,0.9911261155,0.06494331991,-0.1159801209,0.07356979646,0.4586890811,0.885546053
-0.8649831845,-0.3876277101,-0.3186673013,0.4776858315,-0.4415666446,-0.7594966391,0.1536890921,-0.8091746763,0.5671119874
-0.7194550939,-0.005871545828,-0.6945141415,0.3604784738,-0.8578893102,-0.3661710002,-0.593666268,-0.5138009891,0.6193294001
0.8168357846,0.2543606771,-0.517764374,-0.1953977259,0.9664808307,0.1665368807,0.542769776,-0.0348633024,0.8391576255
0.8840434618,0.4654336463,0.04287981487,-0.4641607766,0.8849954674,-0.03657589529,-0.05497209411,0.01243155292,0.9984104994
0.1676796588,0.3498073934,-0.9216931808,0.108376293,0.9227229918,0.3699146652,0.9798663741,-0.1619168551,0.1168110479
-0.3844092674,0.7233180246,-0.5736205631,-0.716799784,0.1576978628,0.6792123775,0.5817452921,0.6722666282,0.4578536839
0.9495989439,-0.3065285082,0.06559054386,0.2492647902,0.8652694687,0.4349434571,-0.1900760641,-0.3966724344,0.898065738
0.4506490349,-0.8476432286,-0.2800292919,0.8877200569,0.392423868,0.2407417878,-0.09417296836,-0.3570776733,0.9293153325
0.4509634798,-0.7288014232,-0.5152479262,-0.102723772,0.5310648199,-0.8410814371,0.8866113955,0.4322252221,0.1646256079
-0.4985725631,0.1396323199,0.8555280326,0.7391597486,0.5840623041,0.3354312016,-0.4528446371,0.7996086794,-0.3944080305
-0.4810353143,-0.1807549174,-0.8578651912,-0.2818041416,0.9584655508,-0.04393419627,0.830175555,0.2206160639,-0.5119932618
0.5685497127,0.6254598094,0.5343699572,-0.1443738279,-0.5636282127,0.8133138605,0.809881116,-0.5395583979,-0.2301506315
0.289608695,0.1605614096,-0.9435819188,-0.78454882,-0.5248888282,-0.3301134155,-0.548279083,0.8358897964,-0.02604410413
0.3919835552,-0.4453709472,0.804980504,-0.08214720432,0.8545652525,0.5128060706,-0.9162972931,-0.2671384446,0.2983895476
0.480171043,-0.8755472008,-0.05341225211,0.873011698,0.4829307961,-0.06803250144,0.08536008764,-0.01396228373,0.9962523325
-0.8311897917,-0.3129976862,0.4595171146,-0.452415186,0.8611650548,-0.2317655018,-0.3231780154,-0.4005336401,-0.8573965089
0.9274966794,0.04592666966,-0.3709995294,-0.3695010165,0.2632444621,-0.8911629211,0.05673542646,0.9636353533,0.2611283156
0.9700363683,-0.1764892949,-0.166975965,0.1812678048,0.9833383324,0.01370061953,0.1617758543,-0.04355746585,0.9858657719
0.8465700237,0.063377223,-0.528490797,-0.437933592,-0.481420208,-0.7592422224,-0.3025448131,0.8741955793,-0.379800902
0.9210717979,-0.2959811166,0.2530255358,0.2857805781,0.9551928444,0.07704603273,-0.264492352,0.001344856018,0.9643868451
0.7257426989,-0.6193451927,-0.2995147198,-0.2049929839,0.2209068621,-0.9535082773,0.6567156246,0.7534000867,0.03336012323
0.03219352202,0.538190689,-0.8422080262,0.6705750053,0.6132134612,0.4174906145,0.7411428603,-0.578204145,-0.3411557231
0.4057524882,0.3080627267,-0.8605011765,-0.3446387673,0.923556558,0.1681291299,0.8465158229,0.2283432519,0.4809057297
0.9653349221,0.05302379637,0.2555718398,-0.04214555855,0.9979645852,-0.04785852576,-0.2575892858,0.0354282883,0.9656047826
0.4286993845,-0.2533721564,-0.8671905143,0.2492459793,0.9557862612,-0.1560418685,0.8683854441,-0.149248696,0.4728969731
0.03631218901,-0.005654607264,-0.999324497,0.8458302472,-0.5323836227,0.03374716442,-0.532214823,-0.8464843198,-0.01454917687
-0.4588936789,0.8880820404,-0.02696073231,-0.2892975654,-0.1780402767,-0.9405363249,-0.8400735147,-0.4238065,0.3386215297
0.8163518932,-0.4131922323,-0.403536573,0.5708057827,0.470705036,0.6727685542,-0.08803604364,-0.7795568923,0.6201134628
0.9974502204,-0.01316371554,-0.07014110331,-0.0004176048009,0.9817476268,-0.1901878622,0.07136444063,0.1897322163,0.9792388895
0.9869787508,0.08650579631,-0.1356086009,-0.02086029091,0.9047893852,0.4253481123,0.1594922998,-0.4169807137,0.8948124333
0.9446784663,-0.2884276728,0.1561796174,0.3242737512,0.8928286821,-0.3125755567,-0.04928620158,0.3459283479,0.9369655535
0.08653697615,0.8692791163,-0.4866879593,-0.9649121534,-0.04842875138,-0.258068193,-0.2479029809,0.4919435679,0.8345871063
-0.49872242,0.2998882061,0.8132299869,-0.6656801418,-0.733406917,-0.1377833189,0.5551089052,-0.6100666832,0.565396096
0.7217634157,-0.6920824714,0.008912041826,-0.449460581,-0.4784504344,-0.7543675284,0.5263485137,0.5404692725,-0.6563918095
-0.4047295635,-0.9127186334,0.0560238935,0.5772534444,-0.2074965925,0.7897617521,-0.7092055001,0.3519799147,0.6108499802
-0.2535169806,-0.7858888119,0.5640105635,0.5602364835,0.3560326887,0.7479143047,-0.7885836818,0.5055882711,0.3500232521
0.6868199695,-0.502185778,-0.5254405521,0.7129480189,0.6060849387,0.3526558796,0.1413628375,-0.6168229012,0.7743035947
0.8033207772,0.5837111193,0.1181399939,0.5115483175,-0.5747278579,-0.6387536366,-0.3049492546,0.5735583828,-0.7602872705
0.9873824767,-0.00263133544,-0.1583316798,0.006813088822,0.9996419855,0.02587436157,0.1582069107,-0.026626619,0.987046907
0.7773163227,0.587292891,0.2255357946,-0.5756724944,0.5194199823,0.6315093516,0.2537331543,-0.6207172804,0.7418419941
0.9609471073,0.2501605606,0.1183230787,-0.2352364819,0.9636232638,-0.1268621417,-0.1457547758,0.09407390332,0.9848378781
0.9058986639,0.1237959907,-0.404996498,0.3557941878,-0.7411601406,0.5692909116,-0.229691329,-0.6598152762,-0.715461875
0.7593806695,0.4887277984,-0.4295184955,-0.1341731185,-0.5283268098,-0.8383724449,-0.6366620557,0.6942736644,-0.3356270337
0.8123416307,-0.2965313202,-0.5021655616,0.5827643598,0.4453332555,0.6797528908,0.02206300218,-0.8448357637,0.5345706279
0.6744822029,-0.5863572826,0.448618875,-0.5217050255,0.05142218068,0.8515747916,-0.5223960416,-0.808418763,-0.2712221954
0.9932238695,-0.07723085844,-0.08684318894,0.1151774042,0.554419084,0.8242291216,-0.01550840136,-0.8286464106,0.5595575177
-0.2659222633,-0.496512179,-0.826293535,0.252289526,-0.8631259449,0.4374512526,-0.9303952628,-0.09213717711,0.354789227
-0.8239594704,0.3147019715,0.4712254878,0.3328296499,0.941814421,-0.04701085482,-0.4586013686,0.1181027751,-0.8807590586
-0.6793530445,-0.3869508679,-0.6234969661,0.5459259037,0.3012585998,-0.7817980326,0.4903512502,-0.8715000183,0.006585555289
-0.280759907,0.6378328857,-0.717177164,-0.5851557652,0.4785376012,0.6546712875,0.7607671162,0.603465802,0.2388774179
-0.2899839885,-0.07565387509,0.9540365704,0.8865377821,-0.3967414157,0.2380063234,0.3604997189,0.9148074881,0.1821186768
0.887991057,-0.4597129552,-0.01165682139,0.4167768722,0.8152501398,-0.4020749288,0.194342279,0.3521806475,0.9155325609
0.3489023126,0.8165057026,-0.4599843627,-0.8641321145,0.4702504919,0.1792767795,0.3626883856,0.334937177,0.8696402833
0.5909363736,-0.1915076002,0.7836574771,-0.2576302528,-0.9653461201,-0.04163557731,0.7644742345,-0.1772898969,-0.6197962869
0.3890937796,-0.9084624117,0.1526501792,-0.3581697229,0.003478658776,0.9336500139,-0.8487169612,-0.4179520851,-0.3240302058
0.9983470378,-0.03351802263,-0.04668762436,0.02794882278,0.9929475624,-0.1152128536,0.05022006984,0.113717547,0.9922430469
-0.1618957312,-0.5785954948,0.799385405,-0.9551557216,0.2954025034,0.0203693032,-0.2479260369,-0.7602398401,-0.6004732016
0.9471757577,0.1669013948,0.2738649456,-0.1796430945,0.9834871929,0.02193855031,-0.265681092,-0.06997760934,0.9615179102
-0.1255681987,0.3531297393,0.9271094945,-0.7190737176,-0.6762221569,0.160176725,0.6834951472,-0.6465469679,0.3388383125
0.9936875327,0.1017443946,-0.04725637983,-0.09772047227,0.9919266555,0.08082214633,0.05509806314,-0.07569404342,0.9956076613
-0.6030094258,0.7420517111,-0.2928120395,0.6227647038,0.6672807626,0.4085345856,0.4985416293,0.06399720288,-0.8645002035
0.3031661196,0.9473491563,0.1030528017,-0.4019806735,0.02908582498,0.9151860756,0.8640033808,-0.3188786459,0.3896338886
-0.6046568135,0.7428372035,-0.2873726273,-0.7193928531,-0.3544887806,0.5973371137,0.3418538589,0.56791777,0.7487358317
0.3909763176,-0.7492932247,0.534506485,-0.8022206467,-0.5621088358,-0.2011857122,0.451197909,-0.3501332891,-0.820869738
0.9369547627,-0.04583660026,0.3464314921,0.1157739494,0.9760891374,-0.1839738798,-0.3297152791,0.2124829449,0.9198580504
0.13394832,-0.8126477312,0.5671521071,0.08543072937,-0.5607097085,-0.8235934757,0.9872990621,0.1587711806,-0.005681035068
-0.231394296,0.1279075111,0.9644150291,-0.9468406079,-0.2573436587,-0.1930468972,0.2234939439,-0.9578172633,0.1806558803
0.6664621819,0.387913117,0.6366722656,-0.1218171119,0.8991593634,-0.4203249106,-0.7355193752,0.2025730804,0.6465101668
-0.04434715453,-0.8883514132,-0.4570176107,-0.7231924537,0.3441538972,-0.5987910904,0.6892213032,0.3039570063,-0.6577112843
0.7722420117,-0.2751516386,0.5726550891,0.2633526543,0.9589026475,0.1055987318,-0.5781761451,0.06926246059,0.8129668239
0.8322247492,0.4714260792,0.2918208674,-0.536923773,0.8165163069,0.212164989,-0.138256388,-0.3332545159,0.9326449479
0.3615397213,0.8377203653,-0.4092842771,-0.3431164779,0.527716833,0.7770366958,0.8669256672,-0.1404974509,0.478226258
0.9863039777,-0.003928612454,0.1648909627,0.02172859521,0.9940981791,-0.1062858335,-0.1635002499,0.1084129893,0.9805683515
0.3235216914,0.8096825959,0.4896404897,0.8926889503,-0.08959141151,-0.441678409,-0.3137517381,0.5799892007,-0.7517794716
0.5198187523,-0.5346317664,-0.6663012375,-0.02554962068,-0.7893402999,0.6134240848,-0.8538944207,-0.3018455985,-0.4239735287
0.1780547813,-0.08160922787,0.9806306281,-0.7381846808,0.6478870715,0.1879513756,-0.6506764725,-0.7573521483,0.05511670897
-0.1056081265,-0.813956593,-0.5712456462,-0.7098521426,0.4640031226,-0.5299160668,0.6963884399,0.3495365029,-0.626791332
0.8783838832,-0.4378032958,-0.191755125,0.4276060087,0.8990706325,-0.09394199832,0.213529518,0.0005214936211,0.9769364734
0.9927414692,0.08495464368,-0.08512980636,-0.1042821095,0.9606610146,-0.2574017416,0.05991341292,0.2644108989,0.9625472765
0.7067440995,-0.4782676223,-0.5213183857,-0.5552264817,-0.831636079,0.01024627255,-0.4384476386,0.2822082805,-0.853300741
-0.6437124909,-0.6448716379,-0.4120373766,-0.4778946008,0.7592733285,-0.4417247594,0.5977047595,-0.0874333076,-0.7969343996
0.8992345151,0.2908681293,0.3267614087,-0.317013198,0.9479913405,0.02854909218,-0.3014629648,-0.1292600082,0.9446755692
0.06337818059,0.8324839116,0.5504123392,-0.1181968045,-0.5413780517,0.8324297692,0.9909655502,-0.1178148639,0.06408538225
0.05190931626,0.9940138156,-0.09613509893,0.9977689862,-0.04757573062,0.04683588391,0.0419818181,-0.09835183891,-0.9942657807
0.8247438803,0.4230081743,-0.3753153558,-0.259126048,0.8725904888,0.4140525692,0.5026442312,-0.2442333377,0.8292761022
0.9986033807,-0.0515809287,0.01143222469,0.0510531438,0.9977934528,0.04244763858,-0.01359648756,-0.04180470438,0.9990332838
0.6339788258,0.5282734505,0.5647990882,-0.5688076732,0.813333364,-0.1222565746,-0.5239548449,-0.2437539756,0.8161221232
0.7541260769,0.4458545603,-0.482190389,-0.6275591271,0.27284033,-0.7291966102,-0.1935546492,0.8525091585,0.4855561064
0.2511736889,0.1225122448,0.9601575537,-0.9302122488,0.3048050213,0.2044482115,-0.2676134342,-0.9445023287,0.1905213923
0.7878072256,-0.6002397853,-0.1381013235,0.5771527786,0.7977159518,-0.1747682194,0.2150684672,0.05797810347,0.9748764506
-0.1623988932,0.3281028737,-0.9305778332,-0.7031499027,-0.7001212172,-0.124139017,-0.6922476535,0.6341756739,0.3444044145
-0.4772033694,0.06813380283,-0.876147664,0.6432026095,0.7064232993,-0.2953921551,0.5988049327,-0.7045025955,-0.3809314184
0.9274837192,-0.2099290671,0.3093602067,-0.03448294533,0.7759061182,0.6299052486,-0.3722698983,-0.5948945138,0.7124013197
0.6836585697,-0.5238087334,-0.5081686442,-0.511624837,0.1525538891,-0.8455574121,0.52043346,0.8380642707,-0.1636987842
0.1292886043,0.5527239436,-0.8232743765,-0.465745195,0.7668138156,0.4416763358,0.875423252,0.326332368,0.3565688088
0.4728378987,-0.873594556,-0.1151384959,0.862102725,0.431629099,0.2654716791,-0.1822174884,-0.224786282,0.9572188435
0.9392491204,0.3000799624,-0.1666226456,-0.3429182735,0.8412828323,-0.4179117776,0.01476982073,0.4496612195,0.8930770628
0.325835296,0.6634989725,0.673498681,0.7929673088,0.1961156769,-0.5768374888,-0.5148147309,0.7220164505,-0.462231585
0.8862394728,0.4569522572,0.07598836388,-0.4565761041,0.8893799376,-0.02327203841,-0.0782167368,-0.01406987209,0.9968370884
0.9709344859,-0.2253946429,-0.08052005332,0.1922752316,0.9348698411,-0.2984101464,0.1425358178,0.2742546902,0.9510351758
0.8797242574,-0.4597372828,0.1213542817,0.439056328,0.8833961669,0.1638314779,-0.1825233458,-0.09084515987,0.9789956002
0.5537083349,-0.4800922526,-0.6803811497,0.3406567839,0.8761655727,-0.3410085699,0.7598421122,-0.04295716687,0.6486868631
0.5216489007,-0.4018864426,0.752575386,0.1748354556,0.9137384201,0.3667624069,-0.8350538832,-0.05974434586,0.5469146417
0.827864277,0.07775216733,-0.5555135816,-0.3302123637,0.8681100771,-0.3706004436,0.4534319505,0.4902443212,0.7443520483
-0.0151458894,-0.3309424246,0.943529392,-0.9975493384,-0.05946367587,-0.03686989013,0.06830753678,-0.941775548,-0.3292307664
0.8230172109,-0.1344245748,-0.5518810599,0.06224515188,0.987085934,-0.1476038618,0.5645956178,0.08712859824,0.8207559904
0.7600596779,0.2951028094,-0.5789849894,-0.3917148369,0.9189437916,-0.04584533046,0.5185255757,0.2616421978,0.8140482711
0.7751753818,-0.1937405156,0.6013050308,0.5270219695,0.7231641841,-0.4464094606,-0.3483546629,0.6629465857,0.6626845806
0.7544714343,-0.6509258679,-0.08407359446,0.3236870949,0.4804557862,-0.8151005473,0.5709636761,0.5877565415,0.5731864693
0.9694923167,-0.09419620015,0.2263000746,0.1571490517,0.947373881,-0.2789030388,-0.1881191735,0.3059571954,0.9332745422
0.97563483,0.1978967576,-0.09472883296,-0.2057632568,0.9751591707,-0.08201264457,0.07614565376,0.09950610573,0.9921191331
0.8997536629,-0.3459790766,-0.2659733534,0.3756725059,0.3039306198,0.8754977708,-0.2220664641,-0.8876512023,0.4034375151
0.05803014736,-0.9902894268,-0.1263303338,-0.07916926131,-0.1307100044,0.988254584,-0.995170704,-0.04734707993,-0.08598560322
0.9925023228,-0.1084201633,-0.05642878186,0.1157018716,0.982222107,0.1478269575,0.03939817416,-0.1532475143,0.9874021386
-0.0001706748982,0.9787874919,0.2048780529,0.2265352081,-0.1995139925,0.9533498656,0.9740029622,0.04657480523,-0.2216957761
0.1497140818,-0.5520736384,-0.8202441048,-0.6466888402,0.5728636205,-0.5036078001,0.7479165981,0.6058398882,-0.2712541099
0.1152721117,-0.2683992218,0.9563860089,0.8775985871,-0.4235116865,-0.2246298539,0.4653311296,0.8652165677,0.1867276914
0.9064886145,0.193202532,0.375434646,-0.2448723983,-0.4838085084,0.8402183262,0.3439707842,-0.8535819286,-0.3912569371
0.5927656203,-0.01690331249,0.8051976139,-0.08837539375,0.9923770884,0.08589239951,-0.8005115297,-0.1220737177,0.5867531835
0.9138827857,-0.3959065753,-0.0898678893,0.02949398079,0.2855222166,-0.9579181431,0.4049053704,0.8727743393,0.2726106997
0.6582459779,0.009085573514,-0.7527480886,0.7424554648,-0.1730549048,0.6471567683,-0.1243869584,-0.9848702718,-0.1206583287
-0.5934374832,-0.396008619,0.7007204344,-0.1014158478,0.9004407597,0.4229908559,-0.798465265,0.179954472,-0.574516848
0.9212672551,0.2269765451,-0.315829531,-0.1574396718,0.96017876,0.2308018602,0.3556394162,-0.1629060985,0.9203163634
0.7254376314,-0.6132997496,0.3124158449,0.5166929512,0.7851209738,0.3414871163,-0.4547181953,-0.08630453995,0.8864439572
0.9976576369,-0.06295951396,0.02674582499,0.06817782936,0.9470253659,-0.3138387165,-0.005569841644,0.3149270646,0.9490995316
0.2834247483,0.05443451629,-0.9574483252,0.6688490362,0.7042593368,0.2380330928,0.6872491388,-0.7078528589,0.1631960515
-0.4792506409,-0.7733198858,-0.4150845425,-0.7774632524,0.1545942812,0.6096322657,-0.4072710576,0.6148796325,-0.6753172019
0.2714321776,-0.6393621224,-0.7194029812,0.8937253947,-0.1099594264,0.4349296994,-0.3571827149,-0.7610026288,0.5415676386
0.9861153178,0.1068787884,-0.1270964381,-0.1044437059,0.9941989156,0.02569102103,0.1291049661,-0.01205988636,0.9915575963
0.5970272272,-0.717786924,-0.3582463143,0.7761398908,0.6297658857,0.0316512093,0.2028924833,-0.296945889,0.9330904454
0.8062461598,0.1829463933,0.5625813248,-0.3420739495,-0.6317019379,0.6956565781,0.482651575,-0.7533148603,-0.4467260663
0.1504314552,-0.1884796303,-0.9704874065,0.2058887193,0.9661069846,-0.1557148982,0.9669437484,-0.1763879905,0.1841387092
0.8793040442,0.3588991531,-0.3130747446,0.4759208446,-0.6869849699,0.5491365957,-0.0179929849,-0.6318568263,-0.7748762504
0.5619090344,0.805153567,-0.1896996855,0.8110090361,-0.4910794624,0.3179706038,0.1628575463,-0.332518714,-0.9289288048
0.6564441552,-0.7522956121,0.05596769722,0.01783803798,-0.05869052619,-0.9981168401,0.7541636927,0.6562063198,-0.02510757518
0.8833519428,0.1845660487,0.4308418722,-0.3923166818,0.7941220408,0.4641743265,-0.2564702055,-0.5790557468,0.7738975874
0.3367077814,0.9314438314,-0.1379864443,-0.8974890094,0.3617981469,0.2522212895,0.2848532042,0.03891644638,0.957780853
0.1567890815,0.7379702016,-0.6563666396,0.2429678317,0.6153402931,0.7498819617,0.9572793828,-0.2770492832,-0.0828243804
0.5078484412,0.7547381076,0.415283457,0.5273788768,0.108785665,-0.8426370508,-0.6811471802,0.6469436359,-0.3427863051
0.9508455544,0.2986624284,0.08181372416,0.1509297217,-0.6776660216,0.7197145145,0.2703940656,-0.6719892239,-0.6894327612
-0.3829827183,0.4690131177,0.7958334832,-0.8319061268,0.1993973606,-0.5178541192,-0.401567471,-0.8603879288,0.3138091429
0.997747167,-0.06440880324,-0.01876424277,0.06370132614,0.997314637,-0.03613386049,0.02104119267,0.03485714979,0.9991707799
0.9443209717,0.1237099635,0.3048831701,-0.08668444781,0.9874292272,-0.1321715844,-0.3174014949,0.09838376975,0.9431738572
0.9969099996,-0.06801898262,0.03929211893,0.0659878571,0.9965232028,0.05086363056,-0.04261520061,-0.04811365919,0.9979323727
0.7366271744,-0.1439291752,-0.6608061732,0.1486926818,0.9876505399,-0.04936494067,0.6597506289,-0.06189348529,0.7489314416
0.4657482278,0.5656981296,-0.6804882178,-0.6335277615,-0.3237384309,-0.702734661,-0.6178358712,0.7584056003,0.2076048693
0.2169115946,0.8705256032,0.4417403472,0.3335293961,0.3591939121,-0.871629437,-0.9174461848,0.3363999224,-0.2124325545
0.3670399988,-0.5344762952,0.7613256394,-0.3933417205,-0.8308538576,-0.3936548719,0.8429495419,-0.1549740532,-0.5151884244
0.9072123337,0.3098533328,0.2845288977,-0.3915226239,0.8693115926,0.3016743109,-0.1538694786,-0.3850821563,0.9099647886
0.8830640083,0.04829569555,0.4667606271,0.3074361495,-0.8110215828,-0.4977218161,0.3545151213,0.5830193119,-0.7310318124
-0.5561709827,-0.5596005836,-0.6144273959,0.8047396994,-0.5472523819,-0.2300192311,-0.2075279599,-0.6223841397,0.7546987005
0.9293500528,-0.365102046,0.05485412807,0.289956822,0.6298055283,-0.7206039397,0.2285465396,0.685598638,0.69117363
0.8492693515,-0.51897276,0.09699919044,0.5272584469,0.8431708509,-0.1051734106,-0.02720475476,0.1404641967,0.9897119332
0.9925225943,0.01229925782,0.1214398127,-0.01701471595,0.9991378375,0.03786926259,-0.1208693481,-0.03965236267,0.9918761469
0.9957100407,-0.04416054362,-0.08131027715,0.04270335318,0.9988960158,-0.0195748138,0.08208494631,0.01601861716,0.9964965958
0.0994039104,-0.09255762274,-0.9907330362,-0.2763987125,0.9539129205,-0.1168498686,0.9558883901,0.2854526695,0.06923986672
0.7294035631,-0.5041688679,-0.4623680297,-0.6831906871,-0.5023444213,-0.5300005353,0.03494176955,0.7024698108,-0.710855286
-0.670700352,-0.7403866869,-0.04459362866,-0.4819627555,0.3893222393,0.7849459193,-0.5638022172,0.5479559725,-0.6179573707
-0.4586635419,0.6417333435,0.6146593131,-0.7772991024,-0.6249460747,0.07244659545,0.4306203209,-0.4445455203,0.7854587319
-0.1844668055,0.5641297174,-0.8048165378,0.007917445976,0.8196957325,0.5727444633,0.9828068537,0.09928025008,-0.1556731199
0.558913018,-0.8177668373,0.1373813604,0.3018017991,0.3549201253,0.8848431379,-0.772354784,-0.4530884069,0.4451729811
0.2364223659,-0.1395254601,0.9615805275,0.7595700828,0.6436910663,-0.09335470227,-0.6059354373,0.7524589405,0.2581623301
-0.2891139048,0.7302305381,0.6190125292,-0.5030319508,0.4342704668,-0.747240268,-0.814476523,-0.5274206318,0.2417756617
-0.5319031492,-0.2319891818,0.8144077968,-0.7892496924,-0.212696632,-0.5760599498,0.3068614719,-0.9491792045,-0.06996338202
-0.8625989882,-0.4505211862,0.2301165929,0.4543501303,-0.4899018937,0.7440175358,-0.2224611081,0.7463422776,0.6272832375
0.8997844634,0.1446634789,-0.4116556781,0.1110139125,0.8364954428,0.5366109256,0.4219761021,-0.5285336812,0.7366059443
0.713148542,-0.6894843336,0.1266116531,-0.3134669286,-0.152099847,0.9373388508,-0.6270228398,-0.7081504009,-0.3246003205
0.6147954653,-0.01531958572,0.7885377899,-0.5932336945,-0.6678166646,0.4495494257,0.5197117659,-0.7441681347,-0.4196587515
0.5373720683,0.5636378374,-0.6273305735,0.1379642896,0.6750853885,0.7247244807,0.831983843,-0.4759959101,0.2850101377
-0.1612624382,0.9821462925,0.0968663313,-0.810008954,-0.07564503643,-0.5815181191,-0.5638084076,-0.1722396254,0.8077459941
0.3638044287,0.9059512144,0.216561157,0.9144714754,-0.303156052,-0.2680267316,-0.1771673176,0.2955483127,-0.938756058
0.9759820452,-0.009003875189,0.2176648287,-0.1950356267,0.4090283886,0.891435293,-0.09705746626,-0.9124772367,0.3974482868
0.904463645,-0.2280432233,-0.3604744141,0.3938509853,0.121973956,0.911045419,-0.1637892436,-0.9659806635,0.200136057
-0.2365846001,-0.9051167072,-0.3532583662,0.1864817833,0.314520358,-0.9307531836,0.9535472046,-0.2860781198,0.09437710456
0.3667279558,-0.912284757,-0.1823379515,0.5561233183,0.3720888715,-0.7431532322,0.7458132885,0.171132679,0.6437982175
-0.7241092863,-0.6412840474,0.253811962,-0.6558661887,0.7541029403,0.03418037453,-0.2133196757,-0.1417163575,-0.9666494659
0.9252225287,-0.1011348808,0.365697974,0.1273927133,0.9906740721,-0.04833197185,-0.3573994528,0.09130508638,0.929477817
0.2416771751,0.719230226,-0.6513831631,-0.9189792308,0.3851805525,0.08433928672,0.3115594909,0.5782247176,0.7540469876
0.5822295729,-0.03631796325,0.81221286,0.5146737663,0.7898137836,-0.333624192,-0.629380361,0.6122705225,0.4785448448
-0.8667236714,0.1377086748,-0.479402126,-0.3530521593,-0.8483125401,0.3946137443,-0.3523410994,0.5112750289,0.7838709042
-0.8687000106,0.2129992012,0.4472042395,0.2779923506,0.9568814909,0.08425001699,-0.4099762731,0.1975073484,-0.8904551099
0.706394806,0.4950636576,0.5058837346,-0.6746393526,0.6871623643,0.2695730497,-0.2141684432,-0.5317140773,0.8193973504
0.2349450137,-0.6523105609,-0.7206190205,0.4226621518,0.7361730107,-0.5285886905,0.8753042591,-0.1803891087,0.4486671634
0.0823142594,0.8526602623,-0.5159407329,-0.9913635106,0.01702190986,-0.1300332437,-0.102091883,0.5221884064,0.8466974168
-0.9293422113,0.2206981116,0.2959989828,-0.3687818978,-0.5158276002,-0.7732540324,-0.01797125979,-0.827776679,0.5607698311
0.7185465891,0.6561253476,-0.2306302832,0.3705475039,-0.6418013399,-0.6714056803,-0.5885451101,0.3969767857,-0.7042897734
0.9311058599,-0.3532729673,-0.09077493186,0.1862868718,0.2466142068,0.9510408164,-0.3135906234,-0.9024298552,0.295434049
0.257641702,0.965170659,0.04545715019,-0.6225978772,0.1298508138,0.7716933649,0.7389131456,-0.2271219171,0.6343681881
0.9935176151,-0.09082173352,-0.06836783681,0.08155099351,0.9884217781,-0.1279524286,0.0791971202,0.1215475267,0.9894210504
0.9354020146,-0.09594912014,-0.3403187291,-0.05102673886,0.9157720565,-0.3984442401,0.3498847566,0.3900708998,0.8517190559
0.9142476606,-0.3414171388,-0.2181411296,0.2103919526,-0.0600594649,0.9757705094,-0.3462462149,-0.9379910437,0.01692219321
0.8890891225,-0.1266334351,-0.4398687365,0.2439151691,0.9442376263,0.2211802327,0.387331799,-0.3039395963,0.8703992184
0.7403042534,-0.6333525302,0.2254200187,0.617813254,0.7731524806,0.1433248929,-0.2650592302,0.03316344745,0.9636616575
0.4889448335,-0.7404204737,0.4612054553,-0.02320380449,0.5174878954,0.8553758598,-0.8720060397,-0.4289333285,0.2358424609
-0.07396838995,0.7555611736,0.6508886159,-0.9000756477,-0.3316152261,0.2826573371,0.4294094848,-0.5649412844,0.7045912571
0.5095581418,-0.6448455637,-0.5696706935,-0.3484591062,-0.7600043993,0.5486069306,-0.7867189787,-0.08104018746,-0.6119687382
-0.3659130051,0.8124542008,0.4539006987,0.9243004179,0.2603903581,0.2790440806,0.10851917,0.5216464636,-0.8462319757
0.9779942204,0.09748072778,-0.1844581596,-0.07695870427,0.9903412426,0.1153324805,0.1939192171,-0.09859883842,0.976050002
0.9084182447,-0.2790968592,-0.3112575073,0.3001867775,0.9536493814,0.02099418701,0.2909711176,-0.1125068906,0.9500936839
-0.5438731919,-0.8194998255,-0.1806155783,-0.1952552609,-0.08574352443,0.97699715,-0.8161356102,0.5666287003,-0.1133780479
0.9928497133,0.06749637774,0.09845651708,-0.06762211804,0.9977088716,-0.002063188566,-0.09837019831,-0.004609402044,0.9951392151
-0.9306156803,0.3513567337,-0.1024836631,-0.3520423346,-0.7827375796,0.5132134801,0.1001031977,0.5136830999,0.85212031
0.9895912112,-0.02562872413,-0.1416065086,-0.05623046127,0.8369214075,-0.54442694,0.1324664863,0.5467227142,0.8267689543
0.7244199285,-0.4135143374,0.5515629247,0.5976722052,0.7754552581,-0.2036101122,-0.3435166695,0.4771530524,0.8089012686
0.9927947496,-0.109457901,-0.04876015796,0.1077673677,0.9935221873,-0.03605353982,0.05239064358,0.03053901117,0.9981596011
-0.4096444721,0.4193160921,-0.8101638238,0.5543343422,-0.5909072806,-0.5861245796,-0.7245031701,-0.6892043243,0.009620590926
-0.7795711465,0.6013353944,-0.1751130235,0.501561433,0.7668462656,0.4004783813,0.3751065935,0.2243714518,-0.8994178646
0.5757996412,0.6079842183,-0.5466351284,-0.2703807177,0.772575163,0.5744753128,0.7715886474,-0.1829830806,0.6092357109
0.3542705919,-0.7378322175,0.5745397866,0.7000859825,0.6165848493,0.3601426673,-0.6199773906,0.2746392951,0.7349838725
0.9915470673,0.09402551047,0.08940702822,-0.09454371921,0.9955194734,0.001569460995,-0.08885886829,-0.01000906742,0.9959939358
-0.08199023758,0.8455008459,0.5276418488,-0.8437160189,-0.3406883539,0.4148189062,0.530491169,-0.4111687794,0.7412957267
0.6591361374,0.4990362135,0.5625854691,-0.4287262834,0.8639769872,-0.2640786617,-0.617845714,-0.06713138821,0.7834283952
0.9747185078,-0.1460900679,-0.1690607069,0.1627832548,0.9826002418,0.08943364458,0.1530537242,-0.1146928807,0.9815396582
0.9928113088,0.1170245386,0.02511896633,-0.1057350066,0.9558693041,-0.2741057858,-0.05608755199,0.2694793699,0.9613714452
0.5751520895,0.7933612341,0.1994442935,-0.8004016343,0.4954005183,0.337543405,0.168989046,-0.3537743332,0.9199382716
0.9994015483,-0.02801355003,0.02029251579,0.03019932294,0.9926813881,-0.1169258852,-0.01686849361,0.117468731,0.9929333065
0.6978457079,-0.6575006648,-0.2840849236,0.5243717392,0.1988158268,0.827953227,-0.4878992182,-0.7267497113,0.4835175385
0.9509968739,-0.07311330588,0.300432006,0.2388242772,0.7908226979,-0.5635267741,-0.1963871442,0.6076626572,0.769531146
0.1890995415,-0.2551648823,-0.9482258414,-0.9524511716,0.187280556,-0.2403388422,0.2389102952,0.9485867784,-0.2076174238
-0.6328326667,-0.7708538089,0.07285067791,0.3930991163,-0.2387981672,0.8879462372,-0.6670801307,0.5905589223,0.454141232
-0.2244576229,0.07438149759,0.9716409668,-0.9032590877,-0.3900686429,-0.1788000957,0.3657072544,-0.9177765777,0.154739644
-0.1695567512,-0.692001471,0.7017011275,0.765773052,0.3556795881,0.5358018882,-0.6203564628,0.6281926414,0.469608203
-0.009281481332,-0.8844328486,-0.4665751713,0.350966589,0.4340302796,-0.8297229476,0.9363419821,-0.1714533544,0.3063779361
0.9706209897,-0.1429779337,0.1935257216,0.2351618904,0.7339378624,-0.6372080503,-0.05092916406,0.663997383,0.7459984555
-0.6774513798,-0.3897636891,0.6238139904,-0.7129537908,0.1392636675,-0.687242696,0.1809876244,-0.9103240618,-0.3722278633
-0.4414406389,0.8798031838,0.1762853371,-0.8582942484,-0.4713154392,0.2029599466,0.2616508083,-0.06170992241,0.963187801
0.002642590988,0.06164086814,0.9980948953,0.724198693,0.688159409,-0.04441712359,-0.6895863033,0.722936395,-0.04282171229
0.9039356596,0.4276676459,0.0008413819151,-0.423728821,0.8958733576,-0.1336593185,-0.05791553772,0.1204629064,0.9910269818
-0.9175015131,0.07967495925,0.3896702123,-0.2358990843,0.6797896604,-0.6944333227,-0.320222728,-0.7290664705,-0.6049127921
0.9864349684,0.06791914405,-0.1494424403,-0.002457591834,0.9163961213,0.4002650486,0.1641341322,-0.394468172,0.9041320965
0.9728542803,0.2292272484,0.03177133876,0.02048484955,0.05145029788,-0.9984654415,-0.2305101306,0.9720122095,0.04535795682
0.8776201908,0.4472317525,-0.1725298824,-0.2608137695,0.747486606,0.6109336719,0.402192713,-0.4911695567,0.772653537
0.6598131623,-0.3699953577,0.6540260134,0.333398003,0.9241619332,0.1864684766,-0.6734184156,0.09501661157,0.733129921
0.9978159909,-0.01480031959,-0.06437545236,-0.01029862779,0.9278002156,-0.3729352466,0.06524711942,0.3727837314,0.9256214685
0.913808906,-0.357892754,0.1920053646,0.1372957009,-0.1727101829,-0.9753569004,0.3822344488,0.9176513332,-0.1086869668
0.8646439286,0.31714477,-0.3896281197,-0.4454781749,0.1254668294,-0.8864577093,-0.2322500215,0.9400410999,0.2497652056
-0.206670684,0.8214401093,-0.5315292797,0.7942190941,0.4581184654,0.3991785343,0.5714046368,-0.3396522023,-0.747083076
-0.4518048703,-0.488923313,0.7462079825,0.8829760969,-0.1256431312,0.4522908531,-0.1273796349,0.8632310222,0.4884737772
-0.5935095812,0.0304900287,-0.8042491748,-0.3327010815,-0.919198671,0.2106746155,-0.7328412976,0.3926119731,0.5556972838
-0.6602973055,0.03050583978,0.7503844762,0.1633364892,0.9810901917,0.1038423181,-0.7330270525,0.1911319687,-0.6527939268
-0.5347739835,0.07342167962,0.8417992893,-0.8025822342,0.2675192884,-0.5331933867,-0.2643455009,-0.9607511058,-0.08413541987
0.8051727439,-0.380767039,-0.4546573594,0.3674357689,0.9220766554,-0.1215137739,0.4654973772,-0.06921779769,0.8823384205
-0.9477613663,-0.2108723954,0.239334965,-0.3143963648,0.4908015487,-0.8125692374,0.05388245005,-0.8453677736,-0.5314602609
0.7514990929,0.1093755706,0.6506044097,-0.07009374349,0.9938168053,-0.08611053758,-0.6559999851,0.01910869228,0.7545189708
0.8252022131,0.3969864462,-0.4017997873,-0.4549258976,0.8887539512,-0.05620357592,0.3347890907,0.2291684441,0.9140011428
-0.3394393433,0.1243416755,0.9323733587,-0.6072484715,-0.7859600686,-0.1162586099,0.7183524386,-0.6056450431,0.342292062
0.9944980993,-0.03361410432,-0.09921503138,0.01631897597,0.9852686009,-0.1702335898,0.1034757048,0.1676778937,0.9803962987
0.8561335398,0.4264155502,-0.2918991959,-0.4036291408,0.9045273752,0.1375272487,0.322674571,7.733140569e-05,0.9465099658
0.507880258,0.04149159347,0.8604278536,0.5583876526,-0.7764331721,-0.2921553672,0.655942736,0.6288322327,-0.4175034732
0.625356496,-0.2010330258,0.7539993206,0.7735213694,0.287146374,-0.5649881866,-0.1029268862,0.9365536196,0.3350721917
0.1205746554,0.04645849351,-0.9916165392,0.9358587605,0.3278525994,0.1291551525,0.3311044138,-0.9435858633,-0.003947873958
0.6421785753,-0.534484371,-0.5494844261,0.09671156484,-0.6546038961,0.74976037,-0.7604298459,-0.534621545,-0.3686817775
0.5920682098,0.6202292717,-0.5145589233,-0.7931229997,0.5616443321,-0.2356088954,0.1428675692,0.5476050537,0.8244498547
0.9664779712,0.2493084584,0.06136467771,-0.2521709471,0.9666675479,0.04431326426,-0.04827157093,-0.05830218263,0.9971312406
0.2401123686,0.5848827213,-0.7747633527,-0.9618886382,0.03578683589,-0.2710895611,-0.1308292713,0.8103280229,0.5711849062
0.9945586662,-0.09268846167,-0.04755952745,0.08622574668,0.9885895678,-0.1235143193,0.05846520493,0.1187413808,0.9912024537
0.845354236,-0.4810869538,0.2322316917,0.272146588,0.01375386659,-0.9621575057,0.4596873398,0.8765649856,0.1425530624
0.4931644066,0.3520947274,0.7954986933,-0.8153717664,0.5058384698,0.2815960316,-0.3032453638,-0.7875003145,0.5365496286
0.8797552216,0.0655940219,0.4708802124,0.3398945847,0.6057377647,-0.7194118652,-0.3324190449,0.7929559791,0.5106059085
0.9721145887,-0.2013420067,-0.1202273796,0.1863682732,0.974489392,-0.1250491567,0.1423379542,0.09915554041,0.9848391166
0.6688690499,0.411587624,0.6190394348,-0.6457316363,0.7342572176,0.2095160908,-0.368299943,-0.5398721758,0.7568970774
0.7201560925,-0.5238082751,0.4549726293,0.06102819103,0.7010399568,0.7105058331,-0.6911228273,-0.4839089479,0.5368252675
0.7118235364,0.7022510648,0.01227578855,-0.5162051213,0.5112297486,0.6871509419,0.4762767323,-0.4954670384,0.7264109636
-0.5250421926,-0.6359661098,0.5655774069,-0.6740409382,0.7164555366,0.1798896264,-0.5196147705,-0.2867726821,-0.8048365792
-0.3019545671,-0.5189899557,-0.7996704729,-0.3899402795,0.8326828083,-0.3931741588,0.8699252944,0.1931029948,-0.4538074653
0.9934465172,-0.1102938457,-0.02998808039,0.1022437975,0.9748196048,-0.1981740245,0.05109034397,0.1938091992,0.9797080029
0.8794497278,-0.008337842552,0.47591875,-0.2819582824,0.7964247367,0.5349833322,-0.383494072,-0.6046801792,0.6980645942
-0.2511013446,-0.1707032027,-0.9527898673,-0.7889625506,-0.5341787365,0.3036299906,-0.5607906993,0.8279574229,-0.0005454351904
-0.1645504923,0.9229742479,0.3479104384,-0.4244164331,0.2521445425,-0.8696515515,-0.890389705,-0.2907604983,0.3502349295
0.123414899,-0.9693996817,-0.2122098487,0.4090752778,0.2445279308,-0.8791265598,0.9041162424,0.0216875128,0.426735834
0.8490324161,-0.03666781063,0.5270668155,0.2739020731,0.8836121807,-0.3797461895,-0.4517981969,0.4667815182,0.7602587741
0.5771320598,0.1482158381,0.8030881962,0.8100946155,-0.2282630351,-0.5400395362,0.1032729367,0.9622515535,-0.251806768
