0.8923643335,-0.1874411479,0.4105504992,0.2382925344,0.9682234103,-0.07589529488,-0.3832787033,0.1655573732,0.9086738644
0.9068271912,-0.1734583876,0.3841570422,-0.1897164939,0.645894202,0.7394784187,-0.3763935404,-0.7434600646,0.5528065079
0.7324532316,-0.08832213324,-0.6750640446,0.664977499,-0.119831754,0.7371874094,-0.1460040731,-0.9888577003,-0.02903892421
-0.07368552679,-0.9557563267,0.2847811215,0.7370816657,0.1401604447,0.661109422,-0.6717745614,0.2586211394,0.694142669
0.9967508627,-0.007096046718,-0.08023318348,-0.03230880404,0.8772400619,-0.4789634799,0.07378251007,0.4799995,0.8741605237
-0.3761357387,0.7102002423,0.5950945487,-0.9265617453,-0.2898889402,-0.2396825702,0.002288708598,-0.6415450243,0.7670819667
-0.9455398154,0.2349976632,0.2252344461,0.3150805876,0.4870386565,0.8145658785,0.081723196,0.841171472,-0.5345576432
-0.1877458795,0.3086417751,0.9324654092,0.1821103052,-0.921948881,0.3418275846,0.9651877131,0.2339882808,0.1168852556
-0.004160764263,0.00997860415,0.999941556,-0.6538767708,0.7565313533,-0.01027035424,-0.7565896224,-0.6538812881,0.00337702884
0.6884771576,0.6947078918,0.2082790161,-0.6697925357,0.7191871566,-0.1847912141,-0.2781675081,-0.01227920048,0.9604540898
0.3757003591,0.7741779707,-0.5094091772,-0.9008382526,0.4341303272,-0.004615384609,0.2175768437,0.4606292747,0.8605120501
-0.7405453518,0.5595413368,0.3721640423,-0.6272244825,-0.3767352096,-0.6816597614,-0.2412095157,-0.7382303667,0.6299475337
0.686866614,-0.4654929257,-0.5581492548,-0.3637437803,0.4446917194,-0.8184984649,0.6292095969,0.7652225891,0.1361237391
-0.2184163885,-0.7251731331,0.6530070507,0.9190362968,0.07214430205,0.3875144963,-0.3281258393,0.6847766984,0.6507029329
0.6104961037,-0.2563574614,-0.7493833194,0.1764948018,-0.8783422335,0.4442572518,-0.7721036798,-0.4034795816,-0.4909787519
-0.6610070918,0.5549559916,-0.5050677895,-0.3400802237,-0.8215446465,-0.4576131939,-0.6688909224,-0.1307219997,0.7317763953
0.9953158136,0.06810411171,-0.06861677074,-0.07271957141,0.9950875743,-0.06717576497,0.06370475015,0.07185088332,0.9953789004
0.3348500379,0.9324536241,0.1356675752,0.4363853567,-0.2810683473,0.8547329434,0.8351306919,-0.2270040153,-0.5010248541
0.5668278909,0.6224926652,-0.5396378637,-0.5519699988,-0.1993108304,-0.8096939627,-0.6115842236,0.7568210321,0.230622338
0.7122537982,-0.6692141525,0.2117709733,0.09292931955,0.3889489422,0.9165603428,-0.695743249,-0.633143853,0.3392199772
-0.1443718268,0.706810762,-0.6925137706,0.1105706923,-0.6839395832,-0.721110788,-0.9833264451,-0.1806798088,0.02058905176
0.9273603143,-0.2543641303,-0.274411619,0.3741124466,0.6431441027,0.6681358697,0.006536415057,-0.7222634923,0.6915871044
0.494497737,0.5841198405,0.6436427581,-0.3681511646,0.8115693556,-0.4536737826,-0.787360596,-0.01261717221,0.6163636093
-0.2769779141,0.05215621433,0.9594597253,-0.9589255479,-0.07859826936,-0.2725511066,0.06119664,-0.9955410797,0.0717839111
0.9672676914,0.09853109861,0.2338478903,0.05949843431,0.8077877856,-0.5864629824,-0.2466843114,0.5811802784,0.7754845804
-0.8791820963,0.4603420919,0.1229796734,0.2683862454,0.691691508,-0.6704712381,-0.393710128,-0.5564602558,-0.7316722756
-0.6671156552,-0.7313979086,-0.1414701449,0.5562903954,-0.3627920208,-0.7476114938,0.4954772432,-0.5774418144,0.6488938684
0.8310032691,0.5112759924,0.2191584502,-0.4692627046,0.8558891538,-0.2173620723,-0.2987073497,0.07778570559,0.9511694398
0.4811703143,-0.4158833859,0.7716969211,-0.146630021,0.8297180336,0.5385792622,-0.864277019,-0.3723022887,0.3382546974
0.6862503818,0.7109741572,-0.1535453072,-0.3438646087,0.1310980015,-0.9298228029,-0.6409505007,0.6908900505,0.3344449039
-0.3104827153,-0.3112129238,0.8981909594,0.7763615664,-0.6282462355,0.05068910891,0.5485099832,0.7130590324,0.4366733501
-0.9939345107,0.03122229836,-0.1054483594,0.07260359882,-0.5338949334,-0.8424279896,-0.08260088282,-0.844974182,0.5283897481
0.2571304734,-0.3366386297,-0.90584676,-0.3589350714,0.8370392707,-0.4129538399,0.8972455262,0.4313231878,0.09439689336
0.8358571073,-0.3304748247,0.4383255484,0.4436113555,-0.06368705796,-0.8939535356,0.3233448026,0.9416636071,0.09336910492
0.9742224179,-0.1324254947,0.1826312373,0.05268747492,0.9207499651,0.3865792698,-0.2193506564,-0.3669918122,0.9039924221
-0.1300621434,-0.646661425,0.7516068389,0.9640192964,-0.2597274699,-0.05664307128,0.2318418318,0.7171963767,0.6571748034
-0.7649068019,-0.5811779352,-0.2777585137,0.2559533715,-0.6699350126,0.6969038317,-0.5911052833,0.4619732531,0.6611922999
-0.9573540918,0.140395106,0.2525120929,-0.2861236689,-0.5819583317,-0.7612212203,0.04007978239,-0.8010079365,0.5973105529
0.9965048351,-0.0529448231,0.06461392457,0.06032882942,0.991147191,-0.118269515,-0.05778015128,0.121754226,0.9908770673
-0.436481085,0.005712286992,-0.8996952997,0.04085058659,0.9990743969,-0.01347512728,0.8987855651,-0.04263471892,-0.436310427
0.3944248597,-0.8661037982,0.3070720448,0.9143124237,0.3364331252,-0.2254895654,0.09198816141,0.3696984757,0.9245870512
0.8866576662,-0.4594405555,-0.05246483454,0.4616186485,0.886096807,0.0417213617,0.02732043677,-0.06121131122,0.9977508552
0.5457375945,0.3254332633,0.7721811116,-0.4734414996,-0.6405801733,0.6045743858,0.6913925256,-0.6955215544,-0.1955150707
-0.8083495538,0.4921568012,0.3230366572,0.03181176526,0.5844417403,-0.8108118547,-0.5878426749,-0.6451430347,-0.4880895966
-0.3263622692,-0.937318447,-0.1221548124,0.9024067511,-0.2704957054,-0.3354014443,0.2813356087,-0.2196957038,0.9341220868
-0.1168516327,0.2261582686,-0.9670564273,0.09642331795,0.9717103881,0.2155956063,0.9884575053,-0.06805409077,-0.135352876
0.7485703058,0.6603887982,0.05940650227,0.6043227606,-0.7163850671,0.3486924672,0.2728305305,-0.2251201253,-0.9353525703
0.9938743217,-0.09196195991,0.06129298945,0.08033099992,0.9820228181,0.1708160275,-0.0758996909,-0.1648459363,0.9833946584
-0.5464489183,0.6074206365,0.5765706809,0.06859744132,0.7185982994,-0.6920338685,-0.8346783637,-0.3386098854,-0.4343447649
-0.08239498613,-0.3010027563,0.9500570546,-0.5404306379,-0.787467821,-0.296359843,0.8373444882,-0.5378585052,-0.0977877114
0.8641399288,0.5032350999,0.004076474674,-0.4848930376,0.8347567911,-0.2608828124,-0.1346882531,0.2234626007,0.9653618703
-0.5870842803,0.09256086977,-0.8042167203,0.6956612943,0.5657289826,-0.4427257412,0.4139896273,-0.8193797676,-0.396521607
0.9074001461,0.1465429482,-0.3938910246,-0.2082024811,0.9708901373,-0.1184232586,0.3650708175,0.1894663708,0.9114964578
-0.05982935805,0.8802895059,-0.4706493745,-0.4335836807,-0.4476104502,-0.7820806075,-0.89912493,0.1572745075,0.40845941
0.9275764859,-0.1936301458,-0.3195453481,0.1823772412,0.981072372,-0.06508104747,0.3260987653,0.002089850283,0.945333395
0.9671664832,0.1776448744,-0.1817451302,-0.1773729828,0.983981224,0.01788227797,0.1820104907,0.01494153596,0.9831830612
0.1003232371,-0.8763031934,0.4711984309,0.9948512378,0.08151406497,-0.06022019461,0.01436184933,0.4748138271,0.8799690716
-0.8573142835,-0.4208879945,-0.296421179,0.4966673534,-0.5247985606,-0.6913089113,0.1354022132,-0.7398917265,0.6589586283
-0.7912860526,-0.0709667692,-0.6073138403,0.3374021489,-0.8790116896,-0.3368949978,-0.5099276153,-0.4714893077,0.7194940305
0.8207595388,0.2131483338,-0.5300203461,-0.2073973782,0.9756622862,0.07119993488,0.5322970101,0.05148680448,0.8449905337
0.9050199056,0.4231662039,0.04323579964,-0.4202725966,0.9052325026,-0.06265030497,-0.06564994284,0.03852895131,0.9970985934
0.1606852224,0.4795757898,-0.8626629244,0.09494162552,0.8624570468,0.4971457837,0.9824288,-0.1617866011,0.09305239731
-0.3484914678,0.7526592713,-0.5586212654,-0.6953369767,0.1920555609,0.6925468579,0.6285381338,0.6297766929,0.4564220979
0.9556582385,-0.2944242898,0.005627506121,0.2700042765,0.8837019508,0.3823199613,-0.1175373212,-0.36384777,0.924012867
0.4228508065,-0.8782414329,-0.2233588615,0.901040092,0.3812082895,0.206898508,-0.09656059254,-0.2887424901,0.9525249741
0.3862207394,-0.743964344,-0.5452986295,0.0354472943,0.6027038193,-0.7971772673,0.9217250294,0.2885570327,0.2591482378
-0.5233646572,0.08775295853,0.8475782287,0.6737759689,0.6515462366,0.3485877871,-0.5216467956,0.7535163699,-0.4001221075
-0.4962195254,-0.1611969046,-0.8531012487,-0.2644524969,0.9639826464,-0.02832550792,0.8269407835,0.2115490852,-0.5209759352
0.5005804528,0.7074372425,0.4989506571,-0.03941587633,-0.557138555,0.8294835859,0.8647922288,-0.4348898464,-0.2510084113
0.2443916835,0.1793593978,-0.9529443381,-0.7970985334,-0.5224656391,-0.3027599445,-0.552183514,0.8335825468,0.01528085585
0.3542593161,-0.4456317631,0.8221390811,-0.1535851096,0.8394907254,0.5212167842,-0.9224488881,-0.3109142224,0.2289550071
0.5582462033,-0.8296656753,-0.004005468708,0.8238687314,0.5549029423,-0.1154254649,0.09798719262,0.0611358471,0.9933080682
-0.8212812276,-0.2892626091,0.49175633,-0.4444297905,0.8648409391,-0.2335215439,-0.3577419552,-0.410338023,-0.8388345489
0.9211768858,-0.04563465913,-0.3864590832,-0.3636898691,0.2523148239,-0.8966977801,0.1384298531,0.9665685219,0.2158297205
0.9448169333,-0.1744157147,-0.2773087107,0.1923284422,0.9805734878,0.03854095771,0.2651994209,-0.0897485018,0.9600075383
0.8688421706,0.02158538945,-0.4946183919,-0.4119554397,-0.5226033837,-0.7464438486,-0.2746015264,0.8523026307,-0.4451676396
0.7605619273,-0.4981770682,0.416371425,0.03211249387,0.6693747425,0.7422305854,-0.6484707723,-0.5511415997,0.5250986523
0.7579662953,-0.6098399814,-0.2314784919,-0.205689356,0.1133079755,-0.9720355917,0.6190145264,0.7843828783,-0.03955396664
0.09086765159,0.4245103299,-0.9008518467,0.7166182754,0.6002713667,0.3551514235,0.6915210172,-0.6778386726,-0.2496666111
0.3998301085,0.3490456541,-0.8475275899,-0.3882622359,0.9020953163,0.1883520014,0.8302941169,0.2537541559,0.4962061143
0.97048732,0.09433033132,0.2219372666,-0.08193827574,0.9945534617,-0.06441685142,-0.2268049397,0.04433058055,0.9729307884
0.395461355,-0.2319320927,-0.8887169522,0.2581928292,0.9566470947,-0.1347694294,0.8814458461,-0.1761642431,0.4382001595
0.05015982287,0.01876216374,-0.998564957,0.827857573,-0.5600776932,0.03106149442,-0.5586911767,-0.8282276009,-0.04362579723
-0.358779682,0.9313920447,-0.06153047143,-0.3018841944,-0.1781594065,-0.9365496031,-0.883257082,-0.317439892,0.3450925123
0.82132936,-0.3650399282,-0.4383650684,0.5659353004,0.4248806855,0.7065363677,-0.07166113416,-0.8283853294,0.5555559629
0.9969179743,-0.02494282869,-0.07438015752,0.01172013354,0.984822596,-0.1731678172,0.07757055502,0.1717623642,0.9820796807
0.982720569,0.1039848848,-0.1531255271,-0.03520366139,0.9171807216,0.3969133737,0.1817167729,-0.3846643572,0.9049930092
0.924026415,-0.3608373341,0.1263788068,0.3823079121,0.8754796238,-0.2955944666,-0.0039805509,0.321452713,0.9469172659
0.116800343,0.8668350157,-0.4847212966,-0.9488615726,-0.04673272536,-0.312214299,-0.293290634,0.4964001489,0.8170480378
-0.4888048688,0.269323994,0.8297797216,-0.6458824623,-0.7511006533,-0.1366881612,0.5864346895,-0.6027540085,0.5410933008
0.7313858147,-0.6819529215,-0.003873360329,-0.4193416383,-0.4452450145,-0.7911444036,0.537798643,0.5802560554,-0.6116171431
-0.4613235713,-0.8684656991,0.1815155419,0.5844600061,-0.143543184,0.7986249781,-0.6675230811,0.4745131018,0.5738033221
-0.25839212,-0.7083814053,0.656832777,0.622697261,0.3976888753,0.6738632499,-0.7385672843,0.5831289249,0.3383474892
0.6585797993,-0.5285474641,-0.5356400154,0.7367276365,0.5978902342,0.3158475226,0.1533135271,-0.6026316006,0.7831539544
0.769500022,0.6145150391,0.1738993471,0.5795588889,-0.5575300534,-0.5943666662,-0.2682931429,0.558150075,-0.7851670416
0.9845859145,0.02213640681,-0.1734951196,-0.004871489499,0.9950443274,0.09931291509,0.1748337657,-0.09693691767,0.9798144663
0.8223130618,0.5258642664,0.217412055,-0.5363012121,0.58849303,0.6050264156,0.1902162932,-0.6141194729,0.7659471488
0.9787517141,0.2038806646,0.02185764552,-0.2025817567,0.9779518825,-0.05070253765,-0.03171299266,0.04519723541,0.9984745846
0.9011926476,0.09871274706,-0.4220279677,0.3441142949,-0.7549591147,0.5582312131,-0.2635093243,-0.6482997214,-0.7143320707
0.8105263893,0.4621173667,-0.3598534586,-0.1539995748,-0.4246333008,-0.8921718953,-0.5650938888,0.7785461446,-0.2730106181
0.8305506436,-0.2109721573,-0.5154380441,0.5514117385,0.4416010596,0.7077666274,0.07829893418,-0.8720546158,0.4831045683
0.6188749645,-0.5559830605,0.5548663035,-0.5527999609,0.1935621617,0.8105219878,-0.5580376166,-0.8083418373,-0.1875566382
0.9943083801,-0.07179022653,-0.07872108167,0.1055996082,0.5661067433,0.8175401384,-0.01412685656,-0.821199926,0.5704656987
-0.2716916884,-0.4528815438,-0.8491654337,0.2330062978,-0.8870589566,0.3985404278,-0.9337514078,-0.08958077217,0.3465307975
-0.8497785205,0.3746154197,0.3708635241,0.3704713539,0.9249107499,-0.08538782526,-0.3750032561,0.06483357204,-0.9247535703
-0.6752834289,-0.4725454627,-0.5662976924,0.4508820358,0.3431421129,-0.8239896117,0.583693139,-0.8117599867,-0.0186559224
-0.3156484156,0.6148336068,-0.7227348847,-0.6487643907,0.4159894828,0.6372264241,0.6924383316,0.6700241683,0.2675757292
-0.2249727624,-0.1566986539,0.9616822698,0.9081517732,-0.3913486744,0.1486827896,0.3530546884,0.9068030365,0.2303489528
0.9013345987,-0.4330688753,0.006876798709,0.3959764415,0.8174941418,-0.4182176298,0.1754952959,0.3796770698,0.9083208264
0.4049710822,0.8213987958,-0.4016247514,-0.8396829805,0.5079433964,0.1921613859,0.3618437713,0.2594176639,0.895416976
0.5712535547,-0.2009920765,0.7957836147,-0.2285929407,-0.9701517815,-0.08093694061,0.7882985752,-0.1356750016,-0.6001480236
0.3348766749,-0.9261670877,0.1734132008,-0.4224590233,0.01692946693,0.9062239054,-0.8422505483,-0.3767332197,-0.3855983597
0.995296352,0.02541001631,-0.09348530735,-0.03519845842,0.9938918291,-0.1045949353,0.09025652411,0.1073934963,0.9901113053
-0.2517265544,-0.5789702814,0.7755173467,-0.9419368218,0.3305749825,-0.05895086694,-0.2222358333,-0.7453278434,-0.6285679281
0.9699496814,0.1067670654,0.2186284731,-0.1091936356,0.9940200056,-0.0009891981974,-0.2174266898,-0.02291336534,0.9758076717
-0.09717736551,0.3461714523,0.9331247962,-0.724373898,-0.6675520189,0.1722113757,0.6825240036,-0.6591961981,0.3156285108
0.9498383574,0.2464035391,0.192593849,-0.278312203,0.9468735089,0.1611610247,-0.1426513668,-0.2066781414,0.9679538901
-0.5760922155,0.7605036959,-0.299586194,0.6469579646,0.6482503287,0.4015182478,0.4995629602,0.03749186264,-0.8654658913
0.3353253043,0.9353707482,0.1124210999,-0.4207989567,0.04194096484,0.906183863,0.8429028285,-0.3511730611,0.4076669018
-0.5315834394,0.785564069,-0.316714604,-0.7744348057,-0.2993449037,0.5573538916,0.3430302883,0.5415549114,0.7674949506
0.314159077,-0.7532501383,0.5778566461,-0.8279745186,-0.5151955675,-0.2214310812,0.4645021753,-0.4088859944,-0.7855252846
0.9444162486,-0.09353116829,0.3151664161,0.1485061772,0.9766623072,-0.1551665333,-0.293298252,0.1933459549,0.9362657086
0.1087068135,-0.8345925158,0.5400353334,0.06405546161,-0.5362447384,-0.8416284682,0.9920079267,0.1260829615,-0.00483324789
-0.2425610065,0.09881188667,0.9650908606,-0.9449509208,-0.2492652222,-0.2119778437,0.2196176571,-0.9633810565,0.1538344065
0.7253522047,0.3364564715,0.6005507654,-0.1091468639,0.9175909791,-0.3822482926,-0.6796698766,0.2117164092,0.7022998084
-0.04276713437,-0.9131120519,-0.4054594344,-0.7412189492,0.3011133267,-0.5999376916,0.6698995757,0.2748766001,-0.6896937097
0.7272839618,-0.2013380008,0.6561410278,0.2471274363,0.9687022022,0.02332538772,-0.6403015455,0.1451862696,0.7542777194
0.8489918025,0.4437282939,0.2869113459,-0.5137041328,0.8202943742,0.251446224,-0.123777959,-0.3608633271,0.9243682578
0.3545538386,0.8473350278,-0.3953668249,-0.320500325,0.5073517237,0.7999211024,0.8783912097,-0.1568999015,0.451454653
0.9858961411,-0.07044964266,0.1518079274,0.09498733114,0.9823743045,-0.1609910954,-0.1377904419,0.1731403295,0.9752108595
0.2685932489,0.8182565308,0.5082459212,0.9140643377,-0.05005594332,-0.4024683703,-0.3038816434,0.5726697585,-0.7613838024
0.5546514794,-0.5764068211,-0.6000974195,-0.1079708704,-0.7649584029,0.6349653005,-0.8250478941,-0.2873914026,-0.4865204561
0.1569499322,-0.07141045908,0.9850214541,-0.7363439436,0.6562056895,0.1648990292,-0.6581521979,-0.7511954735,0.05040877943
-0.1093824667,-0.8487827596,-0.5173038787,-0.739810996,0.4170951691,-0.5279311605,0.663863816,0.3249606851,-0.6735617172
0.8440147848,-0.4850495163,-0.2288362074,0.4803361617,0.8734490556,-0.07977417565,0.2385711945,-0.04258772182,0.9701907395
0.9927091743,0.08060469003,-0.08961796283,-0.0992547064,0.9685043586,-0.2283589514,0.06838858511,0.2355890307,0.9694435569
0.6916519168,-0.4961583116,-0.5248281203,-0.5716004797,-0.8202334621,0.02213502259,-0.4414640616,0.2846822745,-0.8509203752
-0.6627548428,-0.559981177,-0.4971690856,-0.4269063814,0.8280085931,-0.3635281438,0.6152291929,-0.02868538252,-0.7878262429
0.8962252132,0.2726845438,0.3498907069,-0.3315582799,0.9357745926,0.1199792431,-0.2947023486,-0.2235375837,0.9290756021
0.07172921184,0.8256270495,0.5596381824,-0.1463181108,-0.54630344,0.8247081677,0.9866336355,-0.1410408685,0.08161827493
0.02395090446,0.9942324296,-0.1045381756,0.987972545,-0.007561106972,0.1544444237,0.1527632303,-0.106979931,-0.9824554391
0.80184665,0.4484107193,-0.394930091,-0.3360770573,0.8849308813,0.3224120761,0.4940588644,-0.1257981003,0.8602794176
0.9981474462,-0.06042353417,-0.007118431254,0.06072283819,0.996660971,0.05458613247,0.003796375565,-0.05491726008,0.9984836914
0.5899887774,0.5619027092,0.5798090961,-0.6178333313,0.7764965068,-0.1238351718,-0.5198030563,-0.2851640237,0.8052864473
0.7014645191,0.4951149632,-0.5126487118,-0.6810316475,0.2536027149,-0.6869363566,-0.2101033638,0.8309914778,0.5150822656
0.2343034014,0.1385289104,0.9622430343,-0.9361681007,0.2989945199,0.1849096111,-0.2620900671,-0.9441461847,0.19974178
0.7649517289,-0.6244992421,-0.1576373975,0.5989466838,0.7797174589,-0.1824926145,0.2368791304,0.04518164452,0.9704879683
-0.1979988523,0.2588864935,-0.9453963391,-0.7403044461,-0.6716512019,-0.02887888675,-0.6424529411,0.6941631267,0.3246409893
-0.4762688778,0.08786661985,-0.8748985159,0.6546571066,0.699691142,-0.2861055373,0.5870196153,-0.7090216942,-0.3907636222
0.9361577913,-0.1718880937,0.3066970379,-0.09100521972,0.7241372093,0.6836251546,-0.3395977618,-0.6678920461,0.6622639767
0.7028507519,-0.5231440665,-0.4819969982,-0.4756735019,0.1581557242,-0.8652869388,0.5289003122,0.8374407756,-0.1376859005
0.08517119921,0.620381812,-0.7796616408,-0.4632554377,0.7174393455,0.5202645337,0.8821225914,0.3168709404,0.3485004173
0.4890502211,-0.8680629112,-0.08542050907,0.8421689429,0.4444128968,0.3053664172,-0.2271152852,-0.2212780137,0.9483958498
0.9469066057,0.2506393106,-0.2013648827,-0.3141458366,0.8545473251,-0.41359553,0.06841252334,0.454894279,0.887913803
0.2827043487,0.7210631479,0.6325710933,0.7980072683,0.1891118916,-0.5722072109,-0.5322242487,0.666561797,-0.5219508787
0.8834959434,0.456166389,0.1065229714,-0.4618700319,0.8862335925,0.03558220173,-0.07817283116,-0.08063649909,0.9936733686
0.9625416328,-0.2607192562,-0.07442495968,0.2232678293,0.9179103053,-0.3280124201,0.1538345917,0.2991089112,0.9417371064
0.8861101969,-0.4475815537,0.1203306767,0.4280168856,0.8898532441,0.1579960431,-0.1777927575,-0.08849834343,0.980080496
0.5402245045,-0.4784547754,-0.6922705487,0.321707683,0.877576375,-0.3554769653,0.7775999302,-0.03067138677,0.6280108396
0.5140111571,-0.3939795063,0.7619532,0.1588808958,0.9166394743,0.3667818632,-0.8429409181,-0.06747016293,0.5337587337
0.7914543023,0.06456082091,-0.6078091705,-0.3372565656,0.875458236,-0.3461659804,0.5097627844,0.4789621879,0.7146587481
-0.06364212609,-0.4127693272,0.9086094663,-0.9925564315,-0.06854782615,-0.1006624353,0.1038335694,-0.9082525409,-0.4053343211
0.8483776701,-0.1059729542,-0.5186762591,0.06543242992,0.993237319,-0.09590737875,0.5253322053,0.04742743056,0.8495744305
0.7804485292,0.3243075349,-0.5345322404,-0.4052876314,0.913417232,-0.03756189699,0.4760693532,0.2459544329,0.844312968
0.8061334805,-0.201048877,0.5565322638,0.4852290637,0.762893888,-0.4272536382,-0.3386761984,0.6144690917,0.7125490635
0.7539549533,-0.6439338737,-0.1300042105,0.3192468235,0.5321112971,-0.7841804851,0.5741370865,0.5497333298,0.6067617918
0.9870245049,-0.05944219033,0.1491618341,0.1103516536,0.925926861,-0.3612228684,-0.1166410703,0.3729960778,0.9204720455
0.9599898782,0.2611488913,-0.1010974296,-0.2716881854,0.9560483115,-0.1102594938,0.06785988228,0.1333149752,0.9887477706
0.9301785824,-0.2616726963,-0.2574785522,0.334158266,0.3131046037,0.8889903039,-0.1520067698,-0.9129583272,0.3786832909
0.1658813868,-0.9783851006,-0.1234745336,-0.08720311578,-0.1392718776,0.9864070968,-0.9822825368,-0.1528592132,-0.1084208414
0.9892143283,-0.09077805223,-0.1149537204,0.1101608221,0.9783140642,0.1754029219,0.09653810583,-0.1861744799,0.9777624748
0.07953470276,0.9776710913,0.1945082729,0.1901423088,-0.2064231169,0.959810085,0.9785295772,-0.03935395772,-0.2023144398
0.140962239,-0.503766558,-0.8522610529,-0.6392977025,0.6109912953,-0.4668919411,0.7559286308,0.6106626664,-0.2359301021
0.05866829693,-0.2831343206,0.9572841728,0.8781563654,-0.4414148981,-0.1843753931,0.4747624972,0.8514621802,0.2227391456
0.920559834,0.2449348577,0.304263878,-0.1561666214,-0.4832019656,0.8614684247,0.3580245499,-0.8405490919,-0.4065656721
0.5456845448,0.08755716425,0.833403936,-0.1474428422,0.9890431339,-0.007368014041,-0.8249175631,-0.1188588336,0.5526152295
0.8939114338,-0.4357040145,-0.1052822885,0.04053983352,0.3124998181,-0.9490523619,0.44640662,0.8441006311,0.2970105287
0.663123617,0.02647255136,-0.7480416249,0.7391468212,-0.1807357869,0.6488424709,-0.1180213761,-0.9831753553,-0.1394172709
-0.5377254829,-0.4399168267,0.7192527307,-0.1271896608,0.8856474683,0.4465997671,-0.8334711124,0.1486665646,-0.5321880846
0.9549505508,0.1765055048,-0.2385691774,-0.1360332329,0.9748185014,0.1767027134,0.2637506496,-0.136289017,0.9549140792
0.7688952493,-0.5880541179,0.2509829675,0.5124025076,0.801526991,0.3082177036,-0.3824183125,-0.1083828262,0.9176107003
0.9973228265,-0.0633081796,0.03659582008,0.07089157931,0.9598041153,-0.2715703302,-0.01793219548,0.2734376248,0.96172257
0.2413918802,0.08615695711,-0.9665955405,0.7117416333,0.6613612773,0.2366962361,0.6596618888,-0.7451028382,0.09832574884
-0.4468697987,-0.7754839399,-0.4460179839,-0.7563600594,0.06126732696,0.6512801051,-0.4777309322,0.6283875982,-0.6139235969
0.293131636,-0.596330969,-0.7473039672,0.9083006712,-0.07028743449,0.4123706673,-0.2984354783,-0.7996555833,0.5210443487
0.9937020673,0.02597420201,-0.1090024871,-0.01131839705,0.9910546004,0.1329762121,0.1114813673,-0.1309050034,0.9851069916
0.6098577142,-0.7099373199,-0.3522251697,0.7670814123,0.6404677432,0.03724482177,0.1991473706,-0.2928994225,0.9351739159
0.7758709796,0.1770963395,0.6055254821,-0.3832771443,-0.630057426,0.6753712095,0.5011215956,-0.7560849995,-0.4209662931
0.0975032961,-0.1964838255,-0.9756470743,0.2543562548,0.9526809135,-0.1664390961,0.9621829363,-0.2319335753,0.1428664192
0.883773759,0.3588885825,-0.3002381191,0.4678954118,-0.6836132823,0.5601310239,-0.004222136898,-0.6355091389,-0.7720818013
0.5471009481,0.8233394989,-0.1509722564,0.8218725074,-0.494152867,0.2834405151,0.1587643983,-0.2791505215,-0.9470316004
0.6181065883,-0.7824315362,0.07579668025,0.01939561545,-0.08121278527,-0.9965080499,0.7858549838,0.6174183142,-0.03502241643
0.8062732579,0.2488819928,0.5366387866,-0.4987943031,0.7737285206,0.3905744737,-0.3180057812,-0.582582123,0.7479775352
0.294140711,0.9443911324,-0.1469919428,-0.8949267724,0.3261347271,0.3045360601,0.3355403317,0.04197057172,0.9410904085
0.1903698299,0.7510593138,-0.6321939853,0.2367382734,0.5898445186,0.7720352543,0.9527404252,-0.2966367326,-0.06551588454
0.4443601164,0.7700966119,0.4577065602,0.5723549938,0.1489976049,-0.8063556751,-0.6891689546,0.6202829371,-0.3745600485
0.9608560595,0.2765133771,0.01720422316,0.1757336215,-0.6563088112,0.7337413976,0.214180595,-0.7019965075,-0.6792109953
-0.3933276514,0.4386824385,0.807992003,-0.8087678369,0.2528651776,-0.530993209,-0.4372504371,-0.8623322562,0.2553333804
0.996401752,-0.08399246049,-0.01134967731,0.08408438721,0.9964274796,0.007879962076,0.01064727296,-0.008805938681,0.999904541
0.9572132553,0.1307773073,0.2581473992,-0.09409552413,0.9842424147,-0.1497093902,-0.2736582104,0.1190132979,0.9544354451
0.9986570073,-0.03973159615,0.03325029298,0.03861067141,0.998685868,0.03370093704,-0.03454558973,-0.03237186079,0.9988787038
0.7766169355,-0.1342629955,-0.6154994586,0.1368560338,0.9896485948,-0.04319820406,0.6149280946,-0.05068635786,0.78695256
0.4260871466,0.5258826324,-0.7361366724,-0.644894727,-0.3941094019,-0.6548194946,-0.6344765832,0.7537408283,0.1712139861
0.2995987075,0.8380175542,0.4560342019,0.296254789,0.3726471447,-0.8794129892,-0.9069033656,0.3985733112,-0.1366221108
0.2440713804,-0.6032753797,0.7592680538,-0.4215538039,-0.771104514,-0.4771689627,0.8733393107,-0.2036090488,-0.4425175743
0.8892169627,0.3625100749,0.2790692365,-0.4461951249,0.8219089357,0.3540841876,-0.1010104138,-0.4393769987,0.8926055956
0.893563716,0.1472936882,0.4240854335,0.3450255616,-0.8297010532,-0.4388092115,0.2872303036,0.5384243045,-0.7922108438
-0.5671558158,-0.540366532,-0.6215611729,0.7763402634,-0.602743574,-0.1843799864,-0.275009229,-0.5871151463,0.7613578193
0.9069396923,-0.4139783584,0.07798918717,0.3293219043,0.5813006162,-0.7440676562,0.2626927443,0.7005080388,0.6635367433
0.8308762202,-0.5490719723,0.09035859632,0.5561076165,0.8250892995,-0.09985973512,-0.01972372923,0.1332201829,0.9908901843
0.9806644609,0.05502426511,0.1878018782,-0.07103224715,0.9942930459,0.07959747977,-0.1823503087,-0.09139840901,0.978976351
0.9883636696,0.006563220556,-0.1519676961,-0.003075371863,0.999726695,0.02317493168,0.1520782648,-0.02243790334,0.9881137292
0.1602577305,-0.1267434765,-0.9789042604,-0.2618274642,0.9507383363,-0.1659608235,0.9517162596,0.2829005251,0.1191782451
0.7825791901,-0.4966387694,-0.3753927862,-0.6203147524,-0.5709945062,-0.537749832,0.05272019625,0.6536935113,-0.7549207735
-0.6713519245,-0.7376190939,-0.07214336943,-0.496944742,0.3757968325,0.7821909384,-0.5498477215,0.5609766599,-0.618847857
-0.4449720259,0.6494604515,0.6166044259,-0.789043821,-0.6099763477,0.07306643414,0.423567875,-0.4540153931,0.7838751674
-0.1494799865,0.5900558499,-0.7934039498,-0.02433644184,0.7999806714,0.5995320367,0.9884652099,0.1089266699,-0.1052212401
0.6317487443,-0.7589564869,0.157729436,0.2696873047,0.4059561668,0.8731943359,-0.7267477428,-0.5091017988,0.461143228
0.2153107109,-0.0928401088,0.9721224264,0.761425131,0.6392616447,-0.1075933059,-0.611451607,0.7633644371,0.2083306712
-0.3640497242,0.703492285,0.610382178,-0.5675639082,0.3520508182,-0.7442656996,-0.7384707228,-0.6173806171,0.2711128274
-0.6168089875,-0.2176954764,0.7564095137,-0.7306994781,-0.1988918777,-0.6530852116,0.2926174048,-0.9555368651,-0.03639167328
-0.8475398941,-0.4767159286,0.2332767699,0.4447839174,-0.3981936092,0.8022525266,-0.2895572392,0.783698777,0.5495205476
0.9135477932,0.09090084538,-0.3964435217,0.1029497862,0.8912874362,0.4415971553,0.3934866848,-0.4442338825,0.8048754478
0.7032586567,-0.6917368737,0.1640955801,-0.3562240446,-0.1431117929,0.9233761123,-0.6152492925,-0.7078270356,-0.3470579142
0.6352081486,-0.06167422189,0.7698745991,-0.5805128407,-0.6956066467,0.4232448875,0.5094265892,-0.7157706919,-0.4776576879
0.5224692728,0.5442640027,-0.6563555091,0.1585134919,0.6943574636,0.701955259,0.8377943255,-0.4707912574,0.2765072515
-0.1741492646,0.9635210614,0.203222041,-0.8234922157,-0.02934175472,-0.5665682943,-0.539937593,-0.2660192206,0.7985619387
0.3264924736,0.8864658698,0.3279953147,0.9386718048,-0.2633764369,-0.2225490853,-0.1108959311,0.3805405553,-0.9180909422
0.9964685846,0.01353981456,0.08286756466,-0.08001351867,0.4523636193,0.8882370138,-0.02545970702,-0.8917308054,0.4518495037
0.9337977554,-0.2371209939,-0.2679466108,0.3031853962,0.126713783,0.9444692863,-0.1900009672,-0.9631807989,0.1902166687
-0.1722352712,-0.8716392891,-0.4588899225,0.169410305,0.4327000631,-0.8854777264,0.9703788744,-0.2302511781,0.07313846504
0.3634041736,-0.9024098313,-0.2315035702,0.482749931,0.394930285,-0.7816537431,0.7967997934,0.1722979,0.5791575976
-0.7561361023,-0.6131095217,0.2288119516,-0.6234638098,0.7811621669,0.03284123696,-0.198874515,-0.1178235261,-0.9729165144
0.9238287446,-0.086217288,0.3729705482,0.1095326722,0.9931065705,-0.04173647466,-0.3668010964,0.07940981577,0.9269040063
0.2995831858,0.7568552057,-0.5808787416,-0.9246894515,0.3802690564,0.01857049048,0.2349453833,0.5315690382,0.8137782404
0.5766447297,-0.02062988994,0.8167345122,0.5818221715,0.7121739905,-0.3927991446,-0.5735536736,0.701699804,0.4226743056
-0.8630590523,0.1439625436,-0.484152722,-0.3610341602,-0.8461729052,0.3919767209,-0.3532469495,0.5130947287,0.7822725817
-0.8746429115,0.2731966075,0.4004539811,0.3277384336,0.941926604,0.07322425657,-0.35719364,0.1952892374,-0.9133864556
0.7718195417,0.4562809125,0.4428344205,-0.6176033506,0.7035827454,0.3514789066,-0.1511975411,-0.5447743104,0.8248395324
0.2981107047,-0.5653984064,-0.7690608882,0.4868694492,0.783075469,-0.386976678,0.8210287127,-0.2590703609,0.5087183907
0.1503126763,0.8003226942,-0.5804219882,-0.9808566622,0.04720637275,-0.1889226473,-0.1237994654,0.5977082428,0.7920975627
-0.9435896879,0.1796656456,0.2781344219,-0.3309417001,-0.5390583435,-0.7745280456,0.01077459936,-0.8228829553,0.5681087483
0.7058733137,0.6766862365,-0.2093766998,0.3620072923,-0.5986984868,-0.7145004145,-0.6088461098,0.428550883,-0.6675706369
0.9120280901,-0.3953052962,-0.1092633773,0.2357162887,0.287217875,0.9284092436,-0.335622696,-0.872490467,0.3551306673
0.2157568961,0.9764444566,-0.002277025898,-0.6255980044,0.1400229653,0.767476844,0.7497173458,-0.1641639189,0.6410726239
0.9954998251,-0.07782370288,-0.05407004208,0.06576154991,0.9781683817,-0.1971345622,0.06823134715,0.1926916924,0.9788842602
0.9471795663,-0.07416115499,-0.3120112052,-0.04738040328,0.9298600318,-0.3648498576,0.3171844361,0.3603615466,0.8772306363
0.9013556981,-0.4209580157,-0.1017460292,0.099257179,-0.02788355722,0.994671061,-0.4215517974,-0.9066514525,0.01665010194
0.876900818,-0.1260972574,-0.4638366491,0.2692126931,0.9282675088,0.2566007755,0.3982078367,-0.3498841434,0.8479455201
0.7504561161,-0.6411217755,0.1605568024,0.6248521502,0.7674022558,0.1437134935,-0.2153495025,-0.007526406965,0.9765080363
0.4556517133,-0.7610056215,0.4617921179,-0.0655232321,0.4886944662,0.8699910487,-0.8877433313,-0.426671024,0.1728109228
-0.02650431188,0.7327070121,0.6800279081,-0.9251633855,-0.2756477596,0.2609425662,0.3786426173,-0.6222208185,0.6851795541
0.4972551543,-0.6207602956,-0.6061303217,-0.337664932,-0.7820100542,0.5238727601,-0.7991994152,-0.05582947634,-0.5984675132
-0.3628552157,0.7764813001,0.5151823784,0.9250442512,0.2334757019,0.2996368301,0.112379828,0.5852912841,-0.802997439
0.9768240474,0.155714856,-0.1468593341,-0.1403035022,0.9839697301,0.1100840479,0.161646861,-0.08692786637,0.9830126339
0.8943366782,-0.3017071654,-0.330355403,0.2999256102,0.9522169853,-0.05768397704,0.3319736951,-0.04749314943,0.9420922813
-0.5079675445,-0.8432717145,-0.175675238,-0.205336277,-0.07952263473,0.9754553623,-0.8365440736,0.5315721645,-0.1327593569
0.9946500298,0.01280142537,0.102505813,-0.01286135785,0.9999172864,-7.625463801e-05,-0.1024983105,-0.001242517265,0.9947324025
-0.9421883492,0.311655313,-0.1230937877,-0.326987551,-0.7748748493,0.5409696011,0.07321377019,0.5499453916,0.8319854627
0.987406064,0.07237815261,-0.1406793083,-0.1420753757,0.7968518859,-0.5872322024,0.06959779018,0.5998237032,0.7970995375
0.7371750385,-0.3552783304,0.5747610552,0.5289719132,0.8326948622,-0.1637314312,-0.4204303481,0.4247311791,0.8017741252
0.9964116262,-0.06478605663,-0.05446685294,0.06129216619,0.9960953041,-0.06354066019,0.05837072525,0.05997426115,0.9964918196
-0.4063704083,0.3634369374,-0.8383177701,0.5744386763,-0.6118715951,-0.5437217655,-0.7105514045,-0.702514586,0.0398742767
-0.7576409644,0.6187842669,-0.2075721563,0.5131954923,0.7612980843,0.3963024269,0.4032499917,0.193729858,-0.8943479112
0.5710443252,0.6252023229,-0.5320060471,-0.265715671,0.7539427945,0.6008039986,0.7767261814,-0.2017233702,0.5966608091
0.3526511192,-0.7663359607,0.5369975637,0.7085418143,0.5935260402,0.3817005855,-0.6112329225,0.2458780894,0.7522886943
0.9618475957,0.1298583607,0.2408028423,-0.1354345012,0.9907637878,0.006679273541,-0.2377113767,-0.03903745604,0.9705510695
0.015238189,0.8223804767,0.5687338122,-0.8782582249,-0.2608774117,0.4007561185,0.4779438126,-0.5056019458,0.7182871184
0.6426245268,0.5920506024,0.4863227341,-0.509730376,0.8042507133,-0.3055417057,-0.5720215568,-0.05154487611,0.8186174102
0.9760302655,-0.1708352296,-0.1348341397,0.1819151645,0.9804831612,0.07456301758,0.1194646133,-0.09730413656,0.988058759
0.9949748248,0.05648969907,0.08266808228,-0.03365882629,0.9663034865,-0.2551953279,-0.0942983634,0.2511304161,0.9633490192
0.5955538419,0.7620143152,0.2542632591,-0.7943786356,0.5115683816,0.3275062965,0.1194914423,-0.397028934,0.909994407
0.9994692705,0.0284780937,-0.01581693721,-0.02873496298,0.9994548494,-0.01625748582,0.0153453324,0.0167033566,0.9997427262
0.9224204712,-0.3397624316,-0.1835809476,0.1069004267,-0.2321521686,0.9667872927,-0.3710967165,-0.9114092718,-0.1778211639
0.939771656,-0.04514995721,0.3388077862,0.2589361316,0.7410875849,-0.6194685394,-0.223117266,0.6698885526,0.7081440621
0.1943301788,-0.15987305,-0.9678204325,-0.9683050409,0.1265577814,-0.2153334061,0.1569112152,0.9789911827,-0.1302118839
-0.7031858041,-0.7110054559,0.0009831407302,0.2963478187,-0.2918311062,0.9094023179,-0.6463030986,0.6397701518,0.415916407
-0.16962213,0.09227537441,0.9811796921,-0.9091728611,-0.398855074,-0.1196634387,0.3803065102,-0.9123595153,0.1515489134
-0.1689720083,-0.7029301783,0.6908962475,0.8016872967,0.3097580737,0.5112214921,-0.5733637054,0.6402648672,0.5111897507
-0.09480557283,-0.8938888802,-0.4381490307,0.4192494083,0.3633442282,-0.8319921306,0.9029074354,-0.2625712124,0.3403153265
0.9407967172,-0.2194665797,0.2583330357,0.3257243087,0.7962850802,-0.5097388995,-0.09383608929,0.5637060328,0.8206279894
-0.7050739696,-0.3918547085,0.5910334887,-0.6823297945,0.1479028242,-0.7159265368,0.1931236622,-0.9080609242,-0.3716565741
-0.4510019809,0.8735221584,0.1831836563,-0.8696375256,-0.4762621888,0.1300188507,0.2008177963,-0.1006646224,0.974442839
0.00458172806,0.03484123784,0.9993823572,0.6914127911,0.7219039717,-0.02833739575,-0.7224454029,0.6911155792,-0.02078210981
0.8919287584,0.4521759501,8.031055529e-06,-0.4496335635,0.8869157157,-0.1058780989,-0.04788265283,0.09443211026,0.9943791169
-0.9104996946,0.1200984788,0.3956850535,-0.1861468093,0.7354128315,-0.6515499464,-0.369242023,-0.6668915374,-0.6472372098
0.9935863651,0.07930101007,-0.0806069779,-0.02511320596,0.8498107599,0.5264893154,0.1102518116,-0.5210883055,0.8463518866
0.9631097215,0.2591379929,-0.07257523716,-0.07287783293,-0.008452260409,-0.997305059,-0.2590530561,0.9658033236,0.01074496119
0.8782428642,0.4364304562,-0.1954940623,-0.2333794459,0.7479655896,0.6213545775,0.4174008933,-0.5000759279,0.7587493398
0.5777612312,-0.4434634812,0.6852241244,0.3247477633,0.8951096558,0.3054792863,-0.7488196378,0.04603091323,0.6611734304
0.9992116706,-0.02860576251,-0.02752721722,0.01857262365,0.9496676618,-0.3127081542,0.03508696321,0.3119503845,0.949450295
0.9056434032,-0.3963764661,0.1506509986,0.1361599214,-0.06462972154,-0.9885764891,0.4015849873,0.9158104041,-0.004560892494
0.8088292253,0.3659170559,-0.4603259632,-0.5274004569,0.1051721463,-0.8430821892,-0.260084683,0.9246856373,0.2780511281
-0.2223703627,0.8010150343,-0.5558114218,0.7584197976,0.5003559136,0.4176641837,0.6126588221,-0.32866225,-0.7187699862
-0.449335287,-0.523480588,0.723923942,0.8737620229,-0.08870314731,0.4781962766,-0.186112136,0.8474077092,0.4972549117
-0.5270523703,0.04853354872,-0.8484458107,-0.3755246043,-0.9089102694,0.1812826347,-0.7623628208,0.4141577197,0.4972688536
-0.679005025,-0.04459195356,0.7327780931,0.07331462897,0.9890449482,0.1281212536,-0.7304636481,0.140718329,-0.6682972473
-0.4818245576,0.1120548211,0.8690735371,-0.8291111648,0.2626712501,-0.4935367167,-0.2835838009,-0.9583566828,-0.03365555564
0.8203258281,-0.3426931584,-0.4578503412,0.3413554253,0.9357324277,-0.08877667112,0.4588485691,-0.08346390168,0.8845856475
-0.9450392417,-0.2076502047,0.2525514287,-0.3240485617,0.4920569448,-0.8080052554,0.04351277228,-0.8454356011,-0.5323018722
0.7132735912,0.1151726398,0.6913581179,-0.1098328897,0.9925868347,-0.05203952256,-0.6922264951,-0.03881544274,0.72063572
0.8356890352,0.4131768668,-0.3618130914,-0.4675734178,0.8808450765,-0.07407462629,0.2880953582,0.2310775367,0.9293030919
-0.3876079995,0.122976781,0.913584561,-0.6069962606,-0.7799264234,-0.1525461038,0.6937691103,-0.6136705024,0.3769521669
0.9914403185,0.06213574965,-0.1148270156,-0.08472944805,0.9753411823,-0.2037903302,0.09933285225,0.2117751795,0.9722573002
0.8599201593,0.3920188571,-0.3268922379,-0.3835769973,0.9188291956,0.09285255208,0.3367580834,0.04554256167,0.9404891644
0.5145501604,0.04884176656,0.8560681131,0.5483927307,-0.7862423663,-0.28476017,0.6591688292,0.6159849214,-0.4313456054
0.6132579553,-0.205586414,0.7626591025,0.7800953935,0.3091624835,-0.543939092,-0.1239590948,0.928521828,0.3499733671
0.1442415436,0.02281027249,-0.9892795705,0.9160484486,0.3750084193,0.1422108479,0.3742320362,-0.926740728,0.03319647854
0.627955014,-0.5695216455,-0.5303938118,0.09867332813,-0.6177573268,0.7801534845,-0.7719689597,-0.542237015,-0.3317272146
0.6496576941,0.5146476593,-0.5595379051,-0.7200215473,0.6527219688,-0.2356331957,0.2439546104,0.5559602668,0.7946032531
0.9554494847,0.2806721682,0.09132040424,-0.2844589336,0.9581794564,0.03122890234,-0.07873625156,-0.05581454345,0.9953317735
0.2329326795,0.5297984201,-0.8155096571,-0.9656906679,0.02700055583,-0.2582876379,-0.1148211685,0.8476936971,0.517910702
0.9853049208,-0.1571940307,-0.06681504088,0.1430968287,0.9732779121,-0.1795923257,0.09326044506,0.1673921818,0.9814694834
0.8157316565,-0.5351388028,0.219563946,0.2730892192,0.02168249042,-0.9617443257,0.5099060139,0.8444858385,0.1638277316
0.5216511885,0.3194257707,0.7911050591,-0.7774462096,0.5598610162,0.2865886143,-0.3513650933,-0.7645409208,0.5403885191
0.8702960417,0.1031029034,0.4816166432,0.3399150194,0.581908625,-0.7388099429,-0.3564303288,0.8066920995,0.4713865476
0.9828318036,-0.1520151493,-0.1045611797,0.1366602792,0.9805336648,-0.1409882982,0.1239581139,0.1242784234,0.984474103
0.6782975915,0.4171703923,0.6048811794,-0.6324688026,0.7505076381,0.1916285441,-0.3740261903,-0.5125496551,0.7729147818
0.7287936613,-0.5463284113,0.4127772599,0.04512409386,0.6398386145,0.7671833963,-0.6832449162,-0.5404921964,0.490962901
0.7163649712,0.6976238159,0.0119264222,-0.5171101678,0.5193711624,0.6803312943,0.4684210739,-0.4935327822,0.7328076763
-0.583688703,-0.5487837946,0.598451205,-0.6402546526,0.7643487846,0.07645204532,-0.4993810948,-0.3385369732,-0.7975031285
-0.3036524904,-0.5407317963,-0.7844770803,-0.3488192122,0.8292823154,-0.4365959213,0.8866342663,0.1410672384,-0.4404312795
0.9929253296,-0.1163843122,-0.02353681536,0.1077190371,0.9662889092,-0.2338425816,0.04995897166,0.2296528594,0.9719895397
0.8652193489,0.06207148654,0.4975365402,-0.3309568873,0.8161239476,0.4737185249,-0.3766470723,-0.5745335783,0.7266692166
-0.2667261388,-0.2079774118,-0.9410645903,-0.786541104,-0.5173114463,0.3372565185,-0.5569652221,0.8301411107,-0.02560229846
-0.1211192004,0.9438100307,0.3074943338,-0.3946533854,0.2384534501,-0.8873492309,-0.9108121896,-0.2288287091,0.3435965326
0.3725556868,-0.8953717325,-0.2439502425,-0.2762631387,0.14394919,-0.9502406584,0.8859350644,0.4214120208,-0.1937291158
0.8601455189,-0.0007270493454,0.5100481915,0.254983683,0.8666835074,-0.4287691913,-0.4417386192,0.4988578649,0.7456593209
0.6204063962,0.1099601846,0.7765337477,0.7733751588,-0.2503152016,-0.5824372615,0.1303332929,0.9618997129,-0.2403376274
