0.924082207,-0.1355584978,0.3573457266,0.1932854353,0.9723626023,-0.1309645379,-0.3297162647,0.1900917236,0.9247444628
0.8923282735,-0.1945225079,0.4073220425,-0.2055379592,0.6282992934,0.7503293579,-0.4018760999,-0.7532602418,0.5206674644
0.7343420059,-0.06154342698,-0.675983894,0.6604055476,-0.1653664859,0.7324741893,-0.1568640529,-0.9843100792,-0.08079193638
-0.05972915506,-0.9365429817,0.3454267961,0.694174434,0.2096998169,0.6885839397,-0.7173243919,0.2809149876,0.6375990013
0.9829392024,0.1466656051,-0.1109942553,-0.1803515311,0.8870084464,-0.4250756889,0.03610885877,0.4378415425,0.8983267412
-0.2297341922,0.7686750313,0.5969597115,-0.9728040604,-0.1999966289,-0.1168486561,0.02957128551,-0.6075689629,0.7937162556
-0.9595000958,0.1701250949,0.2245373428,0.2815479544,0.5522284893,0.7847129698,0.009503450862,0.8161501992,-0.5777616608
-0.2586748892,0.3536110097,0.898914098,0.166933204,-0.9002213923,0.4021625919,0.951430821,0.2540879744,0.1738352501
0.02199247506,-0.05223925801,0.9983924033,-0.6810631396,0.7302885176,0.05321354032,-0.7318943441,-0.6811385622,-0.01951738106
0.6595724041,0.728892374,0.1835215269,-0.6994637579,0.6845931383,-0.2051406503,-0.2751630336,0.006938455009,0.9613725411
0.267351857,0.7591333791,-0.5934976809,-0.9435190396,0.3313159722,-0.001244408873,0.1956905888,0.5603090569,0.8048347372
-0.7707035873,0.5843701962,0.254022547,-0.5959839049,-0.5200593244,-0.6118345236,-0.2254310664,-0.6229364117,0.7490868183
0.6982788851,-0.5175920831,-0.494474503,-0.2715622027,0.4475911621,-0.8520071137,0.6623145542,0.7292191626,0.1719850115
-0.1769876548,-0.6835852507,0.708086559,0.8894199368,0.1969752133,0.4124717461,-0.421435103,0.7027887096,0.5731321694
0.6888791942,-0.1510806203,-0.7089570523,0.2303546724,-0.8817131735,0.4117263709,-0.687300648,-0.4469413002,-0.5725917337
-0.7616852278,0.5352984377,-0.3650906687,-0.3274518251,-0.80421877,-0.4959914034,-0.5591161919,-0.2582397193,0.7878460074
0.9938042896,0.08822519196,-0.06759696282,-0.09824725502,0.9816983254,-0.1631437244,0.05196643879,0.1687741492,0.9842838898
0.5778753637,0.8159916819,0.01475259862,0.4143054646,-0.3088841739,0.8561200553,0.7031436881,-0.4886186061,-0.5165663672
0.5842693859,0.65259548,-0.4824400732,-0.4988552193,-0.1800974694,-0.8477666965,-0.6401349506,0.7359918756,0.2203252234
0.7133499932,-0.6739784488,0.1920542576,0.2288074764,0.4830152127,0.8451884068,-0.6624038994,-0.5589716942,0.4987702067
-0.1146918387,0.7321914826,-0.6713727839,0.09296826778,-0.6649552344,-0.7410745154,-0.9890412951,-0.1474115635,0.008194364664
0.8907346443,-0.3589151833,-0.2788757511,0.4506517836,0.617463171,0.6447109448,-0.05920104135,-0.6999422288,0.7117416055
0.6033964559,0.4109784876,0.6833808599,-0.260848669,0.9115443988,-0.3178754172,-0.7535719533,0.01354591245,0.6572258511
-0.3935022677,0.132682621,0.9096984596,-0.9190636822,-0.08030740266,-0.3858402119,0.02186122989,-0.9878998143,0.1535449233
0.9859558308,0.1002852922,0.1335438503,-0.01031219789,0.8346656412,-0.5506604453,-0.1666876071,0.5415497462,0.8239776174
-0.8871811893,0.4151684772,0.2013570781,0.1814708421,0.7151601465,-0.6749920728,-0.4242379884,-0.5622998314,-0.7098176025
-0.6894254564,-0.6769202119,-0.2578208039,0.6333916132,-0.3906809446,-0.6679696579,0.3514364871,-0.6238168211,0.6981009735
0.8657303511,0.4336395601,0.2499353738,-0.3985906056,0.8993462782,-0.1797270181,-0.3027151932,0.05597324249,0.9514360241
0.5120167931,-0.4216523331,0.7483636239,-0.1259876302,0.8249418,0.5509974081,-0.8496857776,-0.3764044854,0.3692610767
0.6663922242,0.7163947526,-0.2066396912,-0.3876609259,0.09616585983,-0.9167721276,-0.636899058,0.6910359512,0.3418024344
-0.2775677728,-0.3160772361,0.9072217547,0.7554604597,-0.6551879663,0.002867519103,0.593494419,0.6861660948,0.4206429187
-0.9699320887,0.1097857385,-0.2172068944,0.1294280461,-0.5231277481,-0.8423691234,-0.2061070699,-0.8451535072,0.4931890357
0.3502354103,-0.3275509514,-0.8775223824,-0.3491145597,0.8237040956,-0.4468003884,0.8691686727,0.4628411575,0.1741375357
0.781577099,-0.3402422876,0.5228502884,0.5546377839,-0.004586992323,-0.8320792559,0.2855068598,0.9403266163,0.1851261402
0.980925295,0.01132030297,0.194055189,-0.07996152879,0.9334266856,0.3497438727,-0.1771770853,-0.3585895611,0.9165270357
-0.0001521177194,-0.6416023139,0.7670374487,0.9268362904,-0.288086693,-0.2407915036,0.3754656679,0.7108815149,0.5947041315
-0.689316681,-0.5761352563,-0.4392159831,0.1668147037,-0.716201508,0.6776638212,-0.7049931687,0.393857292,0.5897974785
-0.843276451,0.4252373564,0.3287217941,-0.4798613795,-0.3201535422,-0.8168443951,-0.2421113044,-0.8465665361,0.4740329273
0.999763852,0.01452741043,0.01616151811,-0.01317860478,0.9966558135,-0.08064436595,-0.01727902478,0.08041233569,0.9966119062
-0.4634469405,-0.1311779837,-0.8763613809,-0.04114482731,0.9911009223,-0.1265940955,0.8851689311,-0.02261190855,-0.4647199857
0.4320805948,-0.8243715032,0.3656746973,0.9010495355,0.3777033808,-0.2131897996,0.03763102612,0.4216061916,0.9059978615
0.9554496175,-0.2917333216,-0.04480733831,0.2903873897,0.9562971687,-0.03421825677,0.05283173646,0.01968233433,0.9984094417
0.7970670809,0.4993506212,0.3396071637,-0.1575559356,-0.3709315111,0.9151972144,0.5829752959,-0.7829806965,-0.2169816424
-0.8352635943,0.4811969097,0.266053119,0.06677327876,0.5690529411,-0.8195853094,-0.545780228,-0.6668045323,-0.5074403003
-0.3455853669,-0.9202740663,-0.1834840512,0.9014840842,-0.2712914393,-0.3372349343,0.260570912,-0.2819514103,0.9233667755
-0.07676142716,0.3085143651,-0.9481173819,0.03339430152,0.9511851052,0.3068089248,0.9964900922,-0.008110626794,-0.0833169479
0.6842025565,0.7280687164,0.04222328722,0.7035706181,-0.6742046914,0.2245805409,0.1919772045,-0.1239515159,-0.9735403303
0.9959854205,0.05391423501,0.07145836125,-0.05862175191,0.9961287917,0.06550511891,-0.06765007267,-0.06943115773,0.9952903004
-0.4840279122,0.6946201997,0.5321839517,0.06635178303,0.6355569396,-0.7691975152,-0.8725333352,-0.3370017133,-0.3537165873
-0.08216505305,-0.2278675825,0.970219186,-0.5653733352,-0.7910455327,-0.233666337,0.8207325361,-0.5677352641,-0.06383395696
0.8492057759,0.5163773397,0.1104716848,-0.4904887465,0.8488300801,-0.1972518307,-0.1956280646,0.1133222757,0.9741086809
-0.2245990187,-0.5754281766,-0.7864080966,0.6731199264,0.4919258366,-0.5521942919,0.7046026153,-0.6533692562,0.2768461117
0.8904712717,0.1286361003,-0.4364787141,-0.1957047864,0.9742296452,-0.112143814,0.4108047599,0.1852818182,0.8926982116
-0.04243018425,0.8642301823,-0.5013041707,-0.373385017,-0.4791157766,-0.7943750385,-0.9267056213,0.153473987,0.3430195719
0.949357454,-0.1947960503,-0.246525705,0.1711307169,0.9786025497,-0.1142424067,0.2635046531,0.06626875978,0.9623792128
0.9714283712,0.1623715252,-0.1730965262,-0.1243470445,0.9694308904,0.2115220114,0.2021502711,-0.1839544415,0.9619230901
0.08471561973,-0.8976678013,0.432453214,0.9857430489,0.01218181088,-0.1678161048,0.1453750506,0.440504395,0.885901785
-0.8417346558,-0.4067064577,-0.3550670733,0.5356940506,-0.5473103987,-0.6430266026,0.06719117028,-0.7314650947,0.6785603598
-0.647482996,-0.07403897719,-0.7584747852,0.3865553155,-0.8896375624,-0.2431460376,-0.6567653751,-0.4506253848,0.6046453544
0.8431779066,0.2000949929,-0.4990120355,-0.1921302437,0.979015806,0.06792658613,0.5021324399,0.0386011073,0.8639287976
0.8723873202,0.4812021756,0.08593503261,-0.480518244,0.8764768282,-0.02984270024,-0.0896804371,-0.01525895768,0.9958536958
0.1543125964,0.3576143975,-0.9210317939,0.1821860365,0.9059134439,0.3822683354,0.9710797448,-0.2267879513,0.07464150594
-0.2175070377,0.6922459876,-0.6881033216,-0.7845888356,0.29536053,0.5451444912,0.5806126485,0.6584509473,0.4788854794
0.9394120547,-0.3272804699,0.1019435406,0.2545213776,0.8651620046,0.4321036613,-0.2296167672,-0.3799765779,0.8960434925
0.4071483681,-0.8880224743,-0.2136499273,0.9095326134,0.3727955456,0.1837767839,-0.08355017313,-0.2691459944,0.9594684999
0.4453231046,-0.7415592635,-0.5017740441,-0.05260239171,0.5377736535,-0.8414466626,0.8938234283,0.4011101549,0.2004752421
-0.4063054758,0.2035937488,0.8907667741,0.780867825,0.5836199741,0.2227850213,-0.4745116439,0.7860898876,-0.396107799
-0.4051070326,-0.1364940977,-0.9040230381,-0.2241879351,0.9734353538,-0.04651216777,0.8863566223,0.1838286519,-0.4249458375
0.5623265836,0.5942939669,0.5749812991,-0.1574708568,-0.6056479904,0.7799957954,0.8117830638,-0.5291551687,-0.2469879852
0.3606343606,0.1416027322,-0.9218956146,-0.7404441608,-0.5575794419,-0.3752966968,-0.5671730799,0.817957109,-0.09623338929
0.3298849435,-0.4890554279,0.8074656107,-0.08792050024,0.8357127664,0.542083165,-0.9399180335,-0.2498178547,0.2326910609
0.515574907,-0.8560676525,-0.03647861806,0.8489519835,0.5161278153,-0.113545621,0.1160303626,0.02757267781,0.992862882
-0.8408133579,-0.2939999586,0.4545293407,-0.4595268357,0.8314670436,-0.3122461251,-0.2861258193,-0.4714091426,-0.8342094676
0.9607276957,0.09151219989,-0.2619691052,-0.2771933337,0.3603416502,-0.890683867,0.01288993959,0.9283207487,0.371556775
0.9715757127,-0.2061860483,-0.1163097072,0.2034334592,0.9784561585,-0.0351905338,0.1210597464,0.0105289819,0.9925893805
0.7717696435,-0.0279046663,-0.635289656,-0.5698568658,-0.4736950502,-0.6714731207,-0.2821963321,0.8802467433,-0.3814851257
0.9484420713,-0.2009555583,0.2451010018,0.1879661376,0.9792665488,0.07553646453,-0.2551986845,-0.02557127225,0.966550434
0.7555128737,-0.5476595188,-0.3595404693,-0.2678790292,0.2425850639,-0.9324126299,0.5978638,0.8007630974,0.03656963852
0.08279788014,0.5191243402,-0.8506788057,0.7135115574,0.5650514179,0.4142682133,0.6957339782,-0.6412696894,-0.3236161569
0.2778390247,0.4677234753,-0.83907105,-0.3209375053,0.8684680063,0.3778391718,0.9054306125,0.1643109025,0.3914043092
0.9629745718,0.01019482766,0.2693994054,0.0116138879,0.9967882787,-0.07923537697,-0.2693419606,0.0794304277,0.9597633643
0.505216658,-0.2626672186,-0.8220474808,0.2709222749,0.9526722337,-0.1379011824,0.8193639298,-0.1530409991,0.5524682825
0.08092178674,-0.01198795702,-0.9966483599,0.8782116981,-0.4720357999,0.07698322469,-0.4713765774,-0.8814978687,-0.02767001624
-0.5551555584,0.8275000775,-0.08394002425,-0.2499742136,-0.2622498911,-0.9320610963,-0.7932938916,-0.4964560568,0.3524431659
0.7425642757,-0.5678752751,-0.3551281013,0.6462165475,0.4680576477,0.6027654704,-0.1760751836,-0.6770817605,0.7145332878
0.9931380497,-0.08875421313,-0.07615447328,0.08068405189,0.9913829691,-0.1031983159,0.08465753315,0.09634572276,0.991741198
0.9832768066,0.04048993531,-0.1775592486,0.05390062359,0.866589906,0.496101459,0.1739581685,-0.4973756126,0.8499153226
0.9453109313,-0.2864306932,0.1560278856,0.314345114,0.9276793669,-0.2014898052,-0.08703098559,0.2395171189,0.9669835352
0.02737072242,0.8593815162,-0.5106018538,-0.927339386,-0.1688801112,-0.3339478571,-0.3732191136,0.4826416037,0.7923159569
-0.4986250248,0.2196827412,0.8385180844,-0.6588641963,-0.7246494544,-0.2019434056,0.5632681914,-0.6531635794,0.5060694449
0.7907478943,-0.6062745382,0.08455147593,-0.3725660441,-0.5862527903,-0.7193762636,0.4857080507,0.5373442567,-0.6894554658
-0.2914715471,-0.9554862681,0.0457201117,0.6757792077,-0.1718482097,0.7167919191,-0.6770279165,0.2398211505,0.6957866168
-0.2122430651,-0.8135253688,0.5414142182,0.4989316496,0.3861711095,0.7758473324,-0.8402500166,0.4347969049,0.3239314143
0.7849932662,-0.4246174108,-0.4510938112,0.6001524567,0.7018139454,0.3837632275,0.1536313793,-0.5719766084,0.8057544035
0.7476367387,0.6449843418,0.1582229622,0.5821634347,-0.5218673771,-0.6234903175,-0.3195700898,0.5582558907,-0.7656535236
0.9849028269,0.09431543797,-0.1451586019,-0.09200097429,0.9955026254,0.02259078289,0.1466364289,-0.008894993124,0.9891504622
0.7957506165,0.5736310992,0.1942377879,-0.5609091135,0.5771148326,0.5935650229,0.2283898481,-0.5812794783,0.7809943952
0.9636225297,0.2339935915,0.1291457293,-0.2292264489,0.9720450107,-0.05083042715,-0.137429456,0.01937772788,0.9903219922
0.8990309965,0.1574788254,-0.4085874287,0.3639776184,-0.7875025653,0.4973529964,-0.2434410826,-0.5958524392,-0.7653079838
0.7223678729,0.5162226114,-0.4601074566,-0.1467847705,-0.5357375324,-0.8315284286,-0.6757506103,0.6682061896,-0.3112259642
0.8094287472,-0.2282756749,-0.5410317177,0.5856279452,0.3815646102,0.7151561774,0.04318579742,-0.8957112618,0.4425339788
0.7850261239,-0.4650263297,0.4092486988,-0.4593190492,0.00631632014,0.8882489038,-0.4156440734,-0.8852743172,-0.2086369753
0.9722937859,-0.2260699879,-0.05947398101,0.1814052779,0.5692314469,0.8019150111,-0.1474344566,-0.7904858762,0.5944704875
0.2589217909,-0.8913033339,-0.3722067614,0.31172796,-0.2876183826,0.9055944705,-0.9142128773,-0.3505053966,0.2033735033
-0.7706229246,0.298537779,0.5630412975,0.3509205714,0.9362662477,-0.0161327582,-0.5319728007,0.1851505005,-0.826271282
-0.7146918676,-0.3914190219,-0.5796608351,0.5198781926,0.2571418886,-0.8146193676,0.4679125979,-0.8835548644,0.01971299703
-0.240618067,0.5792948723,-0.7787941941,-0.6057272819,0.5373294885,0.5868317312,0.7584176987,0.6129392072,0.2216035256
-0.2198637546,-0.09389958922,0.9710009251,0.8851975364,-0.437517549,0.1581256328,0.4099820129,0.8942937221,0.1793139361
0.9115891602,-0.3947888576,0.1146601974,0.400573199,0.7902743336,-0.4636891091,0.09244628259,0.4686237676,0.8785473517
0.4201349081,0.8253876537,-0.377123163,-0.8167831797,0.5250345222,0.2391735517,0.3954135764,0.2075426981,0.894748083
0.5111714996,-0.1745899924,0.8415592864,-0.2652650236,-0.9633968752,-0.03874181387,0.8175195198,-0.2034325328,-0.5387736438
0.3584736966,-0.9175072347,0.1722703782,-0.2665987911,0.07623550436,0.9607878187,-0.8946628938,-0.3903442355,-0.2172778965
0.9990552205,0.009399921026,0.0424300353,-0.009162722712,0.9999413085,-0.00578136146,-0.04248188936,0.0053871247,0.9990827133
-0.2302494305,-0.5999005434,0.7662274713,-0.940867416,0.3383038474,-0.01786091637,-0.2485029281,-0.7250309268,-0.6423211423
0.9598077865,0.1341055655,0.2465455542,-0.1101274918,0.98795996,-0.108660264,-0.258149082,0.07714152399,0.9630203719
-0.1584052244,0.3289241274,0.9309762098,-0.6903282877,-0.7110251365,0.1337539177,0.7059423773,-0.6214918935,0.3396957259
0.9990036706,0.03974603965,-0.02029577641,-0.03871975626,0.9980638633,0.04867550954,0.02219113975,-0.04784116518,0.9986084199
-0.6736063145,0.6704381827,-0.3110742294,0.5529122365,0.7364117597,0.3898535351,0.4904514163,0.09061105504,-0.8667450865
0.2970354796,0.9420933906,0.1556597803,-0.4073186155,-0.02242979027,0.9130106516,0.8636327167,-0.334599683,0.377069732
-0.5833801971,0.7877509676,-0.1977775487,-0.7358662268,-0.4095792686,0.5392084188,0.3437563699,0.4601013321,0.8186197666
0.3655507441,-0.8221653722,0.4363676825,-0.8541939715,-0.4825581182,-0.193624176,0.3697638604,-0.3019631821,-0.8786881837
0.9614464574,-0.05660928618,0.2691023936,0.1036550947,0.9810042154,-0.1639705787,-0.2547083251,0.1855427661,0.9490508685
0.1393786684,-0.8295857196,0.5407042821,0.09376686235,-0.5325238087,-0.8412051882,0.9857897151,0.167946203,0.003565190602
-0.2762474855,0.1987063608,0.9403207479,-0.902882537,-0.3889659832,-0.1830535123,0.329378887,-0.8995672549,0.286859378
0.7228371092,0.2314051833,0.6511206913,-0.02630319419,0.950793383,-0.3087071182,-0.6905176721,0.2060184069,0.6933554359
0.01247175922,-0.8843640926,-0.4666311251,-0.7822757754,0.2820370204,-0.5554275204,0.6228074072,0.3719613835,-0.6882991085
0.7821581125,-0.3126637488,0.5389527504,0.2539745278,0.9498459968,0.1824541627,-0.568968915,-0.005827733206,0.82233838
0.8263480172,0.4852727467,0.2857609416,-0.5418280341,0.8234240082,0.1685090034,-0.153529593,-0.29408037,0.9433691749
0.4005162752,0.8294873468,-0.38927812,-0.3626582321,0.5336529596,0.7639983805,0.8414664105,-0.1648188708,0.5145571104
0.9783583679,0.02754787162,0.2050756413,-0.007390201617,0.9951177346,-0.09841788075,-0.2067856107,0.09477240685,0.973785347
0.3547903276,0.9349294532,0.005544446284,0.5812670347,-0.2159286774,-0.7845402734,-0.7322926039,0.2815701045,-0.6200530771
0.6916375612,-0.4001774796,-0.6012449324,0.03567800252,-0.8125201454,0.5818402646,-0.7213629906,-0.4238737998,-0.5476919186
0.06567599308,-0.01548422313,0.9977208541,-0.7582776161,0.6491658911,0.05998918909,-0.6486152333,-0.7604892403,0.03089327477
-0.04349248266,-0.8200844895,-0.5705872712,-0.6959456554,0.4346281371,-0.5716275249,0.7167761497,0.3722362322,-0.5896372942
0.8600207201,-0.4796646473,-0.1740292711,0.4582961943,0.8760760444,-0.1498511354,0.2243411674,0.04911812877,0.9732720329
0.9862684191,0.1643534817,0.01620303975,-0.1539865536,0.9506221269,-0.2694544733,-0.05968874896,0.2632593872,0.9628768085
0.6934568541,-0.5038728458,-0.5150046085,-0.6132619485,-0.7879751188,-0.05481783169,-0.3781896007,0.3538465308,-0.8554327902
-0.6733672089,-0.6281606176,-0.3898600268,-0.4302624862,0.761797147,-0.4842925767,0.6012077802,-0.1583645963,-0.7832431676
0.9082154527,0.2442744235,0.3398156816,-0.2645540736,0.9642705881,0.01390593793,-0.3242774021,-0.1025292106,0.9403892425
0.007086805798,0.873077389,0.4875301528,-0.1269875701,-0.4828094505,0.8664693829,0.9918789917,-0.06805076972,0.1074483994
0.1588310242,0.9871535321,-0.01733810471,0.9867878298,-0.1581544629,0.03517022572,0.03197631391,-0.0226951537,-0.9992309269
0.8799327415,0.3091218218,-0.3607798078,-0.1794198135,0.9193601877,0.3501219441,0.4399169251,-0.2433527163,0.86443771
0.9998549612,0.01421650358,0.009378036613,-0.01498966983,0.9959806346,0.08830563616,-0.008084945464,-0.08843340209,0.9960492794
0.6298151835,0.5375168308,0.5607214026,-0.604438469,0.7925412434,-0.08082397407,-0.4878390839,-0.28801742,0.8240503589
0.7576457011,0.3957255808,-0.5190127708,-0.6404095352,0.2973621818,-0.7081323041,-0.1258912974,0.8688941233,0.478721614
0.2545995012,0.2138377313,0.943107904,-0.9378947286,0.2922525362,0.1869276145,-0.2356534999,-0.9321276091,0.2749646309
0.7796036596,-0.6216220387,-0.07618513623,0.5977204792,0.7748469046,-0.205772941,0.1869448121,0.1148839217,0.9756297053
-0.1062629682,0.3122832827,-0.9440271887,-0.7080197986,-0.690364933,-0.148674894,-0.6981519508,0.6525913045,0.2944629739
-0.5053822509,-0.07470224297,-0.8596559517,0.6165483967,0.6657364402,-0.4203130579,0.6037026213,-0.7424382581,-0.2903938325
0.9545024435,-0.1689236812,0.2457435154,-0.03122771761,0.7629282804,0.645728479,-0.2965635093,-0.6240234201,0.7229418068
0.6965903696,-0.5426140237,-0.4693952262,-0.4513953936,0.1770776134,-0.8745774508,0.557677376,0.8211050725,-0.1215829107
0.1379023531,0.5823309561,-0.8011701434,-0.4888157482,0.7435370535,0.4563023277,0.8614186585,0.3286994184,0.3871880513
0.4290351117,-0.898591349,-0.09199163248,0.8832415589,0.3959963221,0.2511399242,-0.1892438152,-0.1889986783,0.9635695502
0.9605214184,0.2457939709,-0.1303224032,-0.2759176975,0.9015952475,-0.3331597724,0.03560939594,0.3559653545,0.9338204524
0.2842169645,0.631844834,0.7211052786,0.8243820681,0.2229509177,-0.5202759787,-0.489504773,0.7423375203,-0.4575151179
0.931640761,0.3633034382,-0.007490269821,-0.3625193999,0.9306535426,0.04963535467,0.02500354115,-0.04352695148,0.9987393191
0.9593047223,-0.2817946571,-0.01806159158,0.2389498948,0.844203396,-0.4798161877,0.150457295,0.4559741193,0.877183108
0.8775849373,-0.4615896738,0.129536292,0.440830231,0.8831374621,0.1604273373,-0.1884499544,-0.0836851012,0.9785108168
0.4854178169,-0.4933805749,-0.7217653022,0.3457087194,0.8665886634,-0.3598743806,0.8030286573,-0.07483112212,0.5912235438
0.5109471154,-0.5377969176,0.6706023566,0.2025818332,0.8334828379,0.5140690224,-0.835400291,-0.1268102293,0.5348135372
0.821283951,0.01872615659,-0.5702122437,-0.2488230161,0.9111537201,-0.3284600509,0.5134002127,0.4116408986,0.752975426
0.003017728753,-0.1964395561,0.9805112922,-0.9968191919,0.07749686238,0.01859395126,-0.0796391362,-0.9774485854,-0.195580855
0.8544769338,0.05099154957,-0.5169806877,-0.08337887825,0.9957308626,-0.03959813022,0.5127544561,0.07694095872,0.8550806726
0.7931711819,0.2855052009,-0.5379277428,-0.3791718613,0.9227237703,-0.06935087178,0.4765586804,0.2589741764,0.8401334418
0.7815445415,-0.1546335728,0.6043811611,0.4881409095,0.7548416762,-0.4381010115,-0.3884669641,0.6374186238,0.6654253646
0.8345619163,-0.529022461,-0.153758394,0.2647794979,0.6299154162,-0.7301358681,0.4831130566,0.5686315189,0.6657777184
0.9416834258,-0.02439324238,0.3356148018,0.162085641,0.9069223995,-0.3888701662,-0.2948907772,0.4205909306,0.8579875865
0.9872869302,0.1588607136,-0.005271721307,-0.1580844011,0.9779286514,-0.1366194532,-0.01654809652,0.1357159775,0.990609577
0.8792326562,-0.424293957,-0.2166208076,0.3663209424,0.3114448141,0.8768187355,-0.3045634637,-0.8502804042,0.4292602134
0.08043641496,-0.9918037351,-0.09927403617,-0.09833910482,-0.1070071562,0.989383085,-0.9918968715,-0.06981990854,-0.1061403635
0.9999196149,-0.01190685587,-0.004357808774,0.01230374454,0.9942220614,0.1066354091,0.003062937176,-0.1066804546,0.9942886397
-0.05880593643,0.9696416185,0.2373541521,0.172167292,-0.2243516624,0.9591792091,0.9833108793,0.09727005321,-0.1537473621
0.1708450786,-0.5823430764,-0.7947883369,-0.5266273975,0.6277910034,-0.5731858689,0.8327517897,0.5164832982,-0.1994228154
0.09673162083,-0.2432428681,0.9651299916,0.8706754153,-0.4491525525,-0.2004652232,0.4822523351,0.8597062822,0.1683383308
0.9353032671,0.171967422,0.3092490976,-0.1562013278,-0.5835436403,0.7969177906,0.3175042422,-0.7936649328,-0.5189287336
0.5778619767,0.04530567751,0.8148760221,-0.08147602796,0.9966724963,0.002364747302,-0.8120573827,-0.06775935911,0.5796304655
0.9215645651,-0.3779367989,-0.08878360444,-0.02373470792,0.1734151478,-0.9845627711,0.3874989239,0.9094454148,0.1508430357
0.6324951441,0.08785371328,-0.7695658631,0.7741247303,-0.1051677299,0.6242360535,-0.02609203956,-0.9905662389,-0.1345278106
-0.5336353302,-0.4379839622,0.7234662281,-0.265925836,0.8989582468,0.3480768884,-0.8028180268,-0.006642236287,-0.5961871322
0.8999034825,0.3151010339,-0.3014714923,-0.2390766262,0.9346374237,0.2632399153,0.3647137083,-0.1648157292,0.9164167645
0.6694341535,-0.6857042966,0.2857753169,0.575582354,0.7219678371,0.3840148381,-0.4696412119,-0.09258541847,0.8779892211
0.9961996092,-0.07172578377,0.04941407272,0.07972685133,0.9793570631,-0.1857508335,-0.03507089701,0.1889845362,0.9813535944
0.2378028409,0.06988870541,-0.968795839,0.7243741908,0.6517187863,0.2248213854,0.647094924,-0.7552338661,0.1043550044
-0.4888318352,-0.7182622092,-0.4951190116,-0.7608922945,0.07342730663,0.6447102813,-0.4267157755,0.6918871508,-0.5824137855
0.2916008427,-0.6823950522,-0.6703028728,0.8682632992,-0.105203524,0.4848206492,-0.4013574365,-0.7233734936,0.5618211431
0.9887436484,0.01115524497,-0.1492030775,-0.004210996841,0.9988964603,0.04677744219,0.1495602398,-0.04562260517,0.9876995052
0.6609464057,-0.641678992,-0.3890988563,0.7223474756,0.6845321129,0.09813210934,0.2033813492,-0.3459246416,0.9159542396
0.8021858777,0.08092253991,0.5915651783,-0.4088713524,-0.6475634965,0.6430285648,0.43511152,-0.7577024881,-0.4863793835
0.2597619138,-0.2039773023,-0.9438840015,0.1510322317,0.9739896532,-0.1689183841,0.9537887676,-0.0986783445,0.2838125635
0.8382499089,0.405975137,-0.3640347213,0.5446148873,-0.6564413581,0.5219955632,-0.02705022658,-0.635821462,-0.7713620121
0.6154566979,0.7783100149,-0.1242842462,0.7723977517,-0.5642056201,0.2916740155,0.1568909372,-0.2755095987,-0.9484090335
0.7816679188,-0.6235149879,-0.01497746974,0.02794699027,0.05900544497,-0.9978663854,0.6230683995,0.7795815655,0.06354803066
0.8930982341,0.1739408553,0.414873623,-0.3928059957,0.7510293095,0.5307150139,-0.2192692272,-0.6369454883,0.7390679609
0.4273051538,0.889228513,-0.1633491878,-0.8544203503,0.45624686,0.2486054458,0.2955946049,0.03333848204,0.9547315723
0.1143238638,0.7636021976,-0.6354854349,0.2292541109,0.6021354365,0.7647715141,0.9666295085,-0.2331192828,-0.1062204933
0.5582160894,0.7482708022,0.3584488863,0.5033022373,0.03807078601,-0.8632713786,-0.6596071979,0.6623000995,-0.3553546436
0.9552343179,0.2800019374,0.09553173764,0.1013557518,-0.6130892169,0.7834849224,0.2779467744,-0.7387289944,-0.6140236668
-0.3960256033,0.4674590765,0.7903453254,-0.8290563718,0.1879953005,-0.5266149441,-0.3947521424,-0.8637938289,0.3130989736
0.9978230429,-0.05730785674,0.03263410289,0.0592800185,0.9962470805,-0.06306848636,-0.02889730994,0.06486573919,0.9974755041
0.9549721345,0.06630234355,0.2891923609,-0.03332716661,0.9925137589,-0.1174978228,-0.2948177782,0.1025691846,0.9500326521
0.9861367397,-0.1040599929,0.1292511064,0.1192366076,0.9860859052,-0.1158327194,-0.1153991423,0.1296383637,0.9848233002
0.7744546864,-0.275232453,-0.56962008,0.2364433868,0.9610779771,-0.1429113246,0.5867831487,-0.02400455586,0.8093882367
0.9724895169,0.1706044707,-0.1586135372,-0.168605561,0.0456747678,-0.9846247917,-0.1607367549,0.9842804124,0.07318309536
0.1692540348,0.8096838572,0.5619298205,0.2786926293,0.5075669924,-0.8152951408,-0.9453483433,0.2945976913,-0.1397451617
0.3531187264,-0.5530364199,0.7546243326,-0.4059012867,-0.8172811436,-0.4090179431,0.8429420565,-0.1618710924,-0.5130754709
0.9261921404,0.2448564881,0.2867288255,-0.3490735331,0.8443017946,0.4065736688,-0.1425334612,-0.4766547807,0.8674586056
0.8449213485,0.07400482665,0.5297463548,0.3977101012,-0.7491841171,-0.5296695518,0.3576794517,0.6582145884,-0.6624341216
-0.6578410656,-0.4576246094,-0.5981846282,0.7328034182,-0.5723025835,-0.3680610047,-0.1739088346,-0.6804773838,0.7118330194
0.9432686288,-0.3306220494,0.03055084883,0.2409261099,0.6182319307,-0.7481603367,0.2284707935,0.7130766721,0.6628142698
0.8379269191,-0.5050005022,0.2070095918,0.5292576335,0.8444667089,-0.08223341755,-0.1332847915,0.1784670009,0.9748767583
0.9955116701,0.06820744337,0.06560685486,-0.07058208343,0.9969063208,0.03458261076,-0.06304509684,-0.0390580611,0.9972460998
0.9892298363,0.1035902656,-0.1034088385,-0.1097728807,0.9923784744,-0.05598998306,0.09682068819,0.06673844787,0.9930617976
-0.06021454964,-0.2519373037,-0.9658684191,-0.3105816881,0.924322076,-0.2217379416,0.9486375615,0.2866291938,-0.1339047506
0.7817077509,-0.495786808,-0.3783231863,-0.6192947381,-0.5455826278,-0.5646358327,0.07353243905,0.6756737654,-0.7335243303
-0.7284702972,-0.6826077447,-0.05811792283,-0.476063571,0.4433882967,0.7594539451,-0.4926403379,0.580907467,-0.6479598848
-0.5506890863,0.6442959478,0.5306828261,-0.7446504356,-0.6664603508,0.03641880699,0.3771435522,-0.3751177581,0.8467876999
-0.3120360456,0.5553594072,-0.7708498135,0.1444949825,0.8296630376,0.539240618,0.9390179478,0.05687857979,-0.3391314213
0.6000962704,-0.7762268138,0.1932780375,0.2022160651,0.3809770307,0.9022001802,-0.7739464641,-0.5023230391,0.3855884271
0.0150090434,-0.1944240882,0.9808027337,0.7569032937,0.6431655232,0.1159116631,-0.6533545229,0.7406330965,0.156813532
-0.2228988531,0.815313531,0.5343968072,-0.4603052972,0.3952019569,-0.7949430462,-0.8593224858,-0.4231775744,0.2872030742
-0.5535116645,-0.1916353548,0.8104941259,-0.7819299153,-0.21545745,-0.5849476001,0.2867236385,-0.9575249229,-0.03058720499
-0.8131061548,-0.5117301121,0.2774719325,0.541458177,-0.4898540639,0.6832759608,-0.2137321303,0.7058153359,0.675383808
0.9135379408,0.1509040423,-0.3777252981,0.1089736098,0.8038869092,0.5847141093,0.3918841451,-0.5753206126,0.7179366334
0.7093105673,-0.6931899041,0.1279307467,-0.3525160193,-0.1916689793,0.9159669528,-0.6104186885,-0.6948026765,-0.380313378
0.6388521239,-0.02784908821,0.7688253326,-0.5861713753,-0.6648610618,0.4629933987,0.498268083,-0.7464477187,-0.4410722398
0.5669684931,0.5333086439,-0.6277966375,0.1291483777,0.6951546863,0.7071638132,0.8135523489,-0.4820185188,0.3252548588
-0.03477215979,0.9983145658,0.04646422876,-0.8124239895,-0.001159981633,-0.5830659617,-0.5820293447,-0.05802311689,0.8110950374
0.3490373132,0.9202531221,0.1769382525,0.9066522348,-0.2838735859,-0.3120857451,-0.2369697851,0.269351032,-0.9334320235
0.9788627738,0.02183970608,0.2033487086,-0.1971055931,0.3660000965,0.9095016847,-0.05456239749,-0.9303585097,0.3625685979
0.8799554885,-0.3269190816,-0.3446770262,0.4180874312,0.1884302936,0.888648932,-0.2255686995,-0.9260766375,0.3024910301
-0.217541236,-0.8821143,-0.4177920204,0.1413986048,0.3950460019,-0.9077142122,0.9657547542,-0.2565404804,0.03879093579
0.3656072257,-0.9044999017,-0.2195706818,0.4984371921,0.3894871923,-0.7745063541,0.7860608896,0.1737229253,0.593235723
-0.8172063532,-0.5508847123,0.1694101831,-0.5552050344,0.8313346383,0.02510157022,-0.1546646245,-0.07354422386,-0.9852259137
0.9278557042,-0.1365549408,0.3470396811,0.1599186496,0.9863414801,-0.03945263206,-0.3369121809,0.09210446688,0.9370202503
0.2366585519,0.7980844219,-0.5541245214,-0.905644131,0.3877394981,0.171658934,0.3518542849,0.4612150659,0.8145423409
0.6008571872,0.01301158917,0.7992504859,0.482050307,0.79170107,-0.3752824501,-0.6376504859,0.6107700994,0.4694270374
-0.9415813666,0.08027939808,-0.3270775877,-0.2140728136,-0.8924012091,0.3972315602,-0.2599949242,0.4440442548,0.8574539866
-0.8081938661,0.1187393839,0.576822012,0.2175205135,0.970389908,0.1050154876,-0.5472727849,0.2103434932,-0.8100914231
0.7505972351,0.4839031397,0.449935042,-0.6372772139,0.7100797426,0.299440331,-0.1745896425,-0.5114924345,0.8413643362
0.2714313924,-0.5873653672,-0.7624479816,0.4006594062,0.7892411667,-0.4653712723,0.8750983027,-0.1791655831,0.4495582881
0.1519846852,0.7956836458,-0.5863345387,-0.9829110863,0.05934041985,-0.1742541564,-0.1038578448,0.6027986814,0.7911051117
-0.8752371272,0.287640819,0.3888736691,-0.4804878326,-0.4246159373,-0.7673543826,-0.05560048559,-0.8584661118,0.5098475468
0.6134000555,0.6925840844,-0.379562456,0.4038547586,-0.6880769104,-0.6028693883,-0.6787059053,0.2165120123,-0.7017697932
0.9015375365,-0.4127850881,-0.1297634053,0.2543663573,0.2629805378,0.9306658869,-0.35003975,-0.8720376757,0.3420854654
0.2908073227,0.9530602257,-0.08430484681,-0.491242111,0.2243413798,0.8416365805,0.8210434151,-0.2033399897,0.5334234332
0.993834997,-0.1108692549,8.364307056e-05,0.1093058479,0.9796937667,-0.1680843688,0.01855344414,0.1670572709,0.9857726097
0.93620054,-0.09588005733,-0.3381354219,-0.0537601526,0.9116842709,-0.4073593452,0.347330383,0.3995482508,0.8483647802
0.9105193808,-0.3604934347,-0.2024819517,0.2146149431,-0.006514411949,0.9766770135,-0.353404702,-0.9327390021,0.07143577966
0.915917085,-0.07450429947,-0.3943919405,0.1794646067,0.954942808,0.2363825042,0.3590102342,-0.2872861687,0.8880193179
0.8274350883,-0.5335245208,0.1752220319,0.5350043401,0.8437674533,0.04274155871,-0.1706503172,0.05837868215,0.9836007313
0.5341121787,-0.7396805413,0.409385976,0.09552264367,0.5339437125,0.8401068602,-0.8399997649,-0.4096056748,0.3558420804
-0.05806582184,0.7924244619,0.6071999938,-0.9308011014,-0.2628440659,0.2540124146,0.3608845661,-0.5504329833,0.7528518186
0.5582126783,-0.6402636063,-0.527694154,-0.4044358218,-0.7653060407,0.5007377858,-0.7244517042,-0.06609976176,-0.6861490725
-0.3304790937,0.8160903984,0.4741097238,0.9327950277,0.2058872363,0.2958105511,0.1437950097,0.5400063959,-0.8292864931
0.9724719248,0.1489637434,-0.1791874955,-0.1421507349,0.9885635052,0.05035240582,0.1846389015,-0.02349466683,0.9825255603
0.9421783994,-0.1456642521,-0.3017975968,0.1412617359,0.9892996437,-0.03648748883,0.3038831778,-0.008254728601,0.95267354
-0.5526483525,-0.7913711268,-0.2613647607,-0.2209302305,-0.1632762076,0.9615252016,-0.8035979291,0.5891286954,-0.08460347831
0.9934244999,0.02012908063,0.1127057372,-0.02248645836,0.9995533484,0.01968407961,-0.1122591746,-0.02208899981,0.9934334169
-0.9143391572,0.3531662533,-0.1981350631,-0.4010154849,-0.7216379043,0.5642918713,0.05630707423,0.5954093823,0.8014469295
0.9994812615,0.02402876929,-0.02144355629,-0.03183446686,0.8379258555,-0.5448548682,0.004875918328,0.5452548752,0.8382561342
0.7942975261,-0.4331367943,0.4260093397,0.5193966355,0.8478905758,-0.1063424025,-0.315148497,0.3057353249,0.8984471804
0.9930650426,-0.04441956511,-0.1088518418,0.05186555804,0.9964337884,0.06655576008,0.1055072751,-0.07173986024,0.991827408
-0.4614532883,0.4426088272,-0.7688681869,0.478364977,-0.6057400575,-0.6358033749,-0.7471464458,-0.6611931706,0.06779217997
-0.7664994978,0.5909917709,-0.2514105142,0.4429798853,0.7699299238,0.4593220371,0.4650240221,0.24070031,-0.8519483668
0.5454049371,0.575760163,-0.6091253478,-0.2695843985,0.8086151614,0.5229395499,0.7936357519,-0.1210031218,0.5962386585
0.3761014235,-0.7113477886,0.5937440887,0.6469216227,0.6603476207,0.3813573572,-0.663355209,0.2406768445,0.7085439459
0.9976509087,-0.03431480736,0.05928877028,0.03585913553,0.999039516,-0.02518268813,-0.05836768528,0.02724957574,0.9979231804
-0.06915988244,0.8205481269,0.5673779006,-0.8691377567,-0.3287461024,0.3694936536,0.4897105988,-0.467575418,0.7359054001
0.6640481861,0.4506900437,0.596589047,-0.4413317383,0.880348314,-0.1738192821,-0.6035447815,-0.1478693021,0.7834975215
0.9678762078,-0.20642555,-0.1435414178,0.2100003746,0.9776496577,0.01004934987,0.1382587754,-0.03987027816,0.9895932861
0.9993662937,0.01239149105,-0.03336857689,-0.02040983796,0.9675197029,-0.2519703615,0.02916246712,0.2524917335,0.9671594879
0.7080764077,0.6737320307,0.2114543725,-0.6780544676,0.565109338,0.4699931648,0.1971546089,-0.4761686538,0.8569676034
0.9972454044,0.05123180676,-0.0536367907,-0.05653511651,0.9931208222,-0.1025417629,0.0480144139,0.105291664,0.9932815721
0.757652298,-0.5653975158,-0.3260193928,0.5073964073,0.1960832044,0.8391068244,-0.4105019868,-0.8011722824,0.4354435586
0.9769317665,-0.1186503727,0.1775567871,0.200033388,0.7995502151,-0.5663091887,-0.07477277099,0.5887627218,0.8048400401
0.2322114869,-0.3221912159,-0.9177530418,-0.9361264991,0.1821565305,-0.3008092022,0.2640927925,0.9289842942,-0.2593128962
-0.6973667423,-0.6714260403,0.2507323258,0.4341205134,-0.1173508865,0.8931786772,-0.5702797617,0.7317211504,0.3733164227
-0.1707793612,-0.01358969316,0.9852155754,-0.9206778025,-0.35397796,-0.1644748854,0.3509797627,-0.9351550268,0.04794040106
-0.2267499833,-0.6985331508,0.6787016151,0.7534659459,0.3157516485,0.5767061339,-0.6171495066,0.6421466606,0.4547242602
-0.07438567145,-0.899955564,-0.4295890532,0.3580027328,0.3779665356,-0.8538005278,0.9307528217,-0.2173045806,0.2940712568
0.8969304722,-0.3675190514,0.2458566144,0.4249759869,0.8700605116,-0.2497801365,-0.1221111729,0.3285185732,0.9365705571
-0.679945292,-0.3920841122,0.6196325111,-0.7069995876,0.126417319,-0.6958234292,0.1944890307,-0.9112017946,-0.3631601665
-0.9537832973,0.2861914867,0.09160706736,-0.3004018508,-0.9157020062,-0.2669242663,0.007493322754,-0.2821068394,0.959353731
0.06280678012,0.1031766622,0.9926781375,0.75543643,0.6450787139,-0.1148444737,-0.6522048057,0.75711824,-0.0374280924
0.8795319605,0.4751026116,-0.02647713947,-0.4758211324,0.8776417643,-0.05778566852,-0.00421667863,0.06342272481,0.9979778442
-0.9128960908,0.09001455201,0.3981433258,-0.2109485948,0.7310026497,-0.6489497796,-0.3494587498,-0.676411492,-0.648341018
0.9914547893,0.09614778013,-0.08816464784,-0.06475780162,0.9494449269,0.3071819622,0.1132423414,-0.2988476788,0.9475580388
0.9618151596,0.2430571445,0.1258364941,0.1080689128,0.08515458487,-0.9904896803,-0.2514611478,0.9662670031,0.0556360493
0.8611459592,0.4750221597,-0.1810568549,-0.248379572,0.7039126488,0.6654431389,0.4435484473,-0.528072846,0.7241573339
0.6745638613,-0.4554300611,0.5809880003,0.4001899322,0.8869406754,0.2306171211,-0.6203318589,0.07693957271,0.780556652
0.9951795763,-0.05382874987,-0.08197607331,0.03484197013,0.9754315893,-0.217529887,0.09167141335,0.2136250929,0.9726050954
0.9318856235,-0.3535056976,0.08138124185,0.05347264306,-0.08802702337,-0.9946818183,0.3587894386,0.9312813565,-0.06312823357
0.8300139551,0.479534836,-0.2848213042,-0.4028961101,0.1623719478,-0.9007275254,-0.3856832363,0.8623698114,0.3279737027
-0.2208412232,0.7350647009,-0.6410218714,0.7688929493,0.5355670781,0.3492442375,0.6000273216,-0.4157496726,-0.6834613544
-0.4739329252,-0.4754709444,0.7411578533,0.8685047996,-0.1135997253,0.4824878397,-0.1452136203,0.872366026,0.4667874474
-0.5585086126,0.1424479829,-0.8171760531,-0.3447185095,-0.9359054879,0.07245734539,-0.75447815,0.3221637625,0.5718157319
-0.7151521717,0.08745525329,0.6934759909,0.1648406203,0.9852590329,0.04574065967,-0.6792532232,0.1470245446,-0.7190263153
-0.4494712568,0.1261938661,0.8843363034,-0.8324049736,0.3000706774,-0.4658964999,-0.3241566741,-0.9455330226,-0.02982874269
0.7919260595,-0.4883838417,-0.3665164927,0.4703548962,0.8706691537,-0.1438801463,0.3893833431,-0.05845038954,0.9192193232
-0.9278997722,-0.2586755726,0.268493875,-0.3690543933,0.5350478015,-0.7599491463,0.05292322306,-0.8042454839,-0.5919360896
0.7511816111,0.03811775201,0.6589941003,-0.04281583339,0.9990426097,-0.008981554973,-0.6587055424,-0.02146860267,0.7520944804
0.8346675779,0.3922943361,-0.3865684782,-0.468059613,0.8751662653,-0.1224916596,0.290258907,0.2831769091,0.9140900421
-0.3826656345,-0.06413412128,0.9216581941,-0.6044683669,-0.7370598221,-0.3022595111,0.6987023727,-0.672777551,0.2432804169
0.9995057593,-0.0168327147,-0.02654989404,0.01743066451,0.9995959258,0.02245344291,0.02616121351,-0.0229051278,0.9993952902
0.8525597747,0.4226821674,-0.3073786197,-0.3727330038,0.9040238799,0.2093106126,0.3663494758,-0.06387965249,0.9282819893
0.4942864074,0.02182087603,0.8690251992,0.455333978,-0.8580752653,-0.2374401137,0.7405078771,0.5130601217,-0.4340707264
0.6417408419,-0.2449990394,0.7267352768,0.7646916388,0.2766225136,-0.5820023046,-0.05844133341,0.9292230387,0.3648686816
0.1751409014,-0.03808171464,-0.9838066109,0.9512004936,0.2643940159,0.159101934,0.2540537063,-0.96366259,0.08252955204
0.7093255082,-0.5142029496,-0.4821334359,0.07817404862,-0.6223864696,0.7787964436,-0.7005327555,-0.5901105058,-0.4012772725
0.5924540351,0.5986497099,-0.5390888064,-0.7727416952,0.6114743968,-0.1702038033,0.2277465453,0.5174143281,0.8248720653
0.9833531597,0.1767894289,-0.04197691187,-0.1749267404,0.9835726068,0.04455965221,0.0491650161,-0.03647499043,0.9981244292
0.2369302512,0.5292884491,-0.8146887711,-0.9712504875,0.109049715,-0.2116143902,-0.02316347405,0.8414047167,0.5399088406
0.9996729816,0.02556595423,-0.0005584286708,-0.02553197089,0.9966459078,-0.07774993829,-0.001431195714,0.07773877041,0.9969727355
0.8527419551,-0.4745174861,0.2183215827,0.2062078977,-0.07819342966,-0.9753789471,0.4799056793,0.8767661849,0.03117043515
0.5643622492,0.393267612,0.7258345797,-0.7684896141,0.5714228731,0.2879229292,-0.3015277181,-0.7202891679,0.6247115733
0.8473131081,0.2188579549,0.483902565,0.2448016865,0.6476325082,-0.7215568367,-0.4713094855,0.72984473,0.4951707169
0.9356561735,-0.35290817,0.001829909293,0.3471779091,0.9195079594,-0.1843166081,0.06336422071,0.1730922763,0.9828652193
0.660901014,0.503064649,0.5568983827,-0.6880084263,0.7025452962,0.1818639934,-0.2997569933,-0.5033448776,0.8104256161
0.7317609987,-0.5100035344,0.4521307729,0.04249128691,0.6962221483,0.7165676596,-0.680235497,-0.5051446478,0.531138921
0.756588101,0.6524777821,0.04297894036,-0.5347191355,0.5795296695,0.6149965921,0.3763640413,-0.4882807655,0.7873576077
-0.6050769557,-0.6213002451,0.4978633178,-0.5853473694,0.7710225169,0.2507842413,-0.5396761389,-0.1396792181,-0.8302044213
-0.2979221182,-0.482486747,-0.8236801263,-0.4628425429,0.8276633905,-0.3174115507,0.8348767526,0.2866702826,-0.4698946234
0.9814963508,-0.1780138011,-0.0705407683,0.1720298044,0.9815543805,-0.08340710144,0.08408721529,0.06972865112,0.9940157219
0.8314220358,-0.01047806122,0.5555426254,-0.3129028187,0.81738668,0.483705325,-0.4591614362,-0.5759941195,0.6763146826
-0.2131327894,-0.2143077386,-0.9532295669,-0.8359063664,-0.4650909228,0.2914635142,-0.5058013055,0.8589310954,-0.08001507743
-0.1979946276,0.920943903,0.3356493037,-0.4510833098,0.2184068313,-0.8653451933,-0.8702424806,-0.3227394981,0.3721790447
0.02489594995,-0.992295917,-0.1213631111,0.4701385924,0.1187595438,-0.8745661065,0.8822414044,-0.03528432822,0.4694732373
0.8955482894,-0.08891644985,0.4359898237,0.3146201749,0.819416822,-0.4791348635,-0.3146544246,0.566259602,0.7618022422
0.621491297,0.1049215245,0.7763633437,0.7715561905,-0.253791911,-0.5833444186,0.1358293509,0.9615514233,-0.2386823157
