0.8773232419,0.07489191534,0.4740201791,-0.02145464011,0.9928812974,-0.1171598386,-0.4794200951,0.09261711704,0.8726846178
0.8750266376,-0.2174708221,0.4324752305,-0.1782796564,0.6858325243,0.7055849437,-0.4500497168,-0.6945071563,0.5613511042
0.7647964736,-0.1186331475,-0.6332555016,0.614672542,-0.1601439781,0.7723545639,-0.1930389081,-0.9799388157,-0.04955701139
-0.0525463544,-0.9947250041,0.08809680443,0.8521800019,0.001324428246,0.5232470642,-0.520603616,0.1025690606,0.847615162
0.9576726509,-0.02714533778,-0.2865767337,-0.1339627088,0.8391415209,-0.5271579466,0.2547883167,0.5432353437,0.7999864218
-0.4289182114,0.8186071066,0.3819837339,-0.9012328324,-0.4166644523,-0.1190382961,0.06171344816,-0.3953139755,0.916470573
-0.9381065707,0.1886080197,0.2904876537,0.3366899379,0.2999427995,0.8925660775,0.08121544029,0.9351263722,-0.3448807335
-0.2735157989,0.3473373141,0.8969648254,0.1595871079,-0.903212687,0.3984203772,0.9485362738,0.2521182902,0.1916123823
0.1365235808,0.117884259,0.9835977904,-0.6350667086,0.7724445932,-0.004430141536,-0.760297039,-0.6240453925,0.1803212702
0.7836469293,0.6153707464,0.08494901141,-0.5836701788,0.7761931175,-0.2384394402,-0.2126654943,0.1372701305,0.9674349068
0.3009600188,0.760131571,-0.5758672258,-0.9472594135,0.308006811,-0.0884952424,0.1101030002,0.5721291804,0.8127395218
-0.8052702263,0.5448125557,0.2339212297,-0.4887692755,-0.3866519784,-0.7820516881,-0.3356254727,-0.7440964499,0.5776469643
0.7075375045,-0.5844947875,-0.397185754,-0.3290044868,0.2249668757,-0.9171400942,0.6254172427,0.7795869087,-0.03312890578
-0.4181966274,-0.6828591525,0.5990116515,0.8807377527,-0.1434445833,0.4513586849,-0.2222894323,0.7163288556,0.6614078764
0.7251104262,-0.3346667726,-0.6018413588,0.02348920952,-0.8614370899,0.507320803,-0.6882318845,-0.3820003814,-0.6167759575
-0.6026249716,0.6399512631,-0.4767656913,-0.3021675902,-0.7359313201,-0.605887646,-0.7386053689,-0.2210598855,0.6368631219
0.9961134227,-0.001314471115,-0.08806997961,-0.007291715349,0.9952257638,-0.09732681999,0.08777744602,0.097590733,0.9913481572
0.393695367,0.9185888265,0.03461973138,0.3271300582,-0.1752006232,0.9285960729,0.8590633755,-0.354258817,-0.3694736899
0.5566913957,0.6631499189,-0.5003267682,-0.5362041144,-0.1731687496,-0.8261342094,-0.6344917948,0.7281790777,0.2591821621
0.7540943518,-0.6494100427,0.09802196192,0.006635524259,0.1567753355,0.9876120007,-0.6567325775,-0.7441022045,0.1225325711
-0.1053985772,0.8596343129,-0.4999199816,-0.1368263384,-0.5104749873,-0.8489368884,-0.984971925,-0.02107451958,0.1714239527
0.9443432823,-0.2616595373,-0.1993741502,0.3142466469,0.5383010446,0.7819725253,-0.09728725587,-0.8011031594,0.5905666075
0.6628326735,0.591945003,0.4585345793,-0.54940711,0.8005582205,-0.239287198,-0.508728488,-0.09331478484,0.8558549389
-0.1560433601,0.002874285289,0.9877460242,-0.9665299766,-0.2066114787,-0.1520904374,0.2036425154,-0.9784188445,0.03501843228
0.9299729343,0.1348356689,0.3420083097,0.09840372612,0.8050641553,-0.5849687278,-0.3542132806,0.5776599763,0.7354195426
-0.9298079274,0.3436608332,0.1317362894,0.186968426,0.7493607132,-0.6352175448,-0.3170173905,-0.5659997821,-0.7610152566
-0.7027810011,-0.709844662,-0.04711072368,0.4985518479,-0.4441860823,-0.7444090134,0.5074888368,-0.54664365,0.6660599076
0.8981848426,0.4255103327,0.1104759938,-0.4065975687,0.8996162488,-0.1592765586,-0.1671598206,0.09814052027,0.9810331456
0.4489931864,-0.2607070566,0.8546560415,-0.338642766,0.8354852273,0.4327649616,-0.8268773764,-0.4837316049,0.2868406157
0.2917485123,0.9293668168,0.2261860416,-0.7084993514,0.3688412838,-0.6016517069,-0.6425818816,0.01527832663,0.7660646827
-0.3225933706,-0.1827330618,0.9287314711,0.6929851365,-0.7139501544,0.1002336156,0.6447519817,0.6759318051,0.3569468825
-0.989894104,0.02454695425,-0.1396678557,0.111244521,-0.4763863483,-0.8721701117,-0.08794497958,-0.8788933349,0.4688413232
0.2728904457,-0.3605075874,-0.8919445521,-0.3830712929,0.8097463975,-0.4444852711,0.8824892006,0.4629741365,0.08287194773
0.8163502438,-0.4627112951,0.3456451024,0.4215623871,0.06829754395,-0.9042237551,0.3947878332,0.8838742574,0.2508163948
0.9525657846,-0.2932538978,-0.08136693096,0.3036821149,0.8984529963,0.3171110002,-0.01988967394,-0.3267787704,0.9448915473
-0.1126835617,-0.6829187328,0.72175094,0.9910977099,-0.129084611,0.0325958993,0.07090658906,0.7189987257,0.6913849058
-0.7046362163,-0.5847527862,-0.4019352955,0.2808513056,-0.7500301181,0.5988132982,-0.6516213217,0.3090614842,0.692726968
-0.9710009648,0.09107146494,0.2210500277,-0.2362875664,-0.5063640488,-0.8293151608,0.0364048404,-0.8574971944,0.5131990347
0.9971332136,-0.07549789035,-0.005042103227,0.07317269418,0.9790973398,-0.1897739603,0.0192642435,0.1888609746,0.981814861
-0.2566230986,0.07056673944,-0.9639320103,-0.1309769509,0.9855918919,0.1070217776,0.9575957517,0.1537171358,-0.2436830289
0.3603698441,-0.8154644993,0.4529362272,0.9207348348,0.2330846902,-0.3129199437,0.149602605,0.5298010736,0.8348232645
0.9199051033,-0.3919208004,-0.0131410466,0.3921368365,0.9192232696,0.03545817384,-0.00181724005,-0.03777124351,0.9992847596
0.4125065353,0.4567429163,0.7881778141,-0.5206313104,-0.5917831059,0.6154151397,0.7475168205,-0.6642128153,-0.006319735647
-0.7178360491,0.5487671579,0.4284460445,0.07657040229,0.6738913237,-0.7348519969,-0.6919887139,-0.4946969681,-0.5257628074
-0.3173547211,-0.935516219,-0.1552268824,0.8537760791,-0.2106226707,-0.4761349571,0.4127376743,-0.2836326756,0.8655634683
-0.1162402923,0.2910368853,-0.9496239918,0.04570540259,0.9566598573,0.2875985634,0.9921689426,-0.009972405797,-0.1245043794
0.7907555402,0.6016762114,0.1126561685,0.5961560106,-0.7987351118,0.08136480962,0.1389377077,0.002820977984,-0.9902971046
0.9941525367,-0.00495933954,-0.1078709358,0.03184545119,0.9679826036,0.2489890485,0.1031823681,-0.2509682928,0.9624802933
-0.6565053008,0.4740082856,0.5867852547,0.1520236335,0.8450787948,-0.5125725758,-0.7388434238,-0.2473013865,-0.6268591702
0.07270257057,-0.3928999072,0.9167027867,-0.5214664708,-0.7984681817,-0.3008675501,0.8501688397,-0.4561559227,-0.2629348173
0.8778289963,0.4786848435,-0.01664553858,-0.4671685219,0.8480070243,-0.2502751662,-0.1056873951,0.2274750696,0.9680316458
-0.5580645284,0.08410409927,-0.8255243683,0.6707203278,0.631466371,-0.3890815649,0.4885675225,-0.7708285949,-0.4088093115
0.8622846305,0.268149379,-0.4296057805,-0.3734281522,0.90968552,-0.1817241585,0.3420769375,0.3171248417,0.8845423696
0.01097321525,0.8850102877,-0.465442133,-0.5636257033,-0.3790074195,-0.7339478473,-0.8259574172,0.2703889173,0.4946556159
0.916663674,-0.1562464572,-0.3678515372,0.1644795619,0.9863387131,-0.009078363598,0.364244674,-0.05218225356,0.9298402174
0.9761903819,0.09371656531,-0.1956260304,-0.119576839,0.9849433593,-0.124851746,0.1809798827,0.1452714159,0.9726985647
0.05793901853,-0.916741111,0.3952578976,0.9792210779,0.1292608796,0.1562616574,-0.1943428689,0.3779912175,0.9051814674
-0.8695743627,-0.3501535164,-0.3481852132,0.476033535,-0.4069778661,-0.7795903348,0.131272622,-0.8436596064,0.5205823348
-0.7993628852,0.004046242098,-0.6008349238,0.2931873825,-0.8702219838,-0.3959227924,-0.5244617588,-0.4926432043,0.6944368486
0.7494698702,0.1129635531,-0.6523297857,-0.05755934608,0.9927224352,0.1057784872,0.6595315272,-0.04173011318,0.7505176629
0.9203801469,0.381594996,0.08535598546,-0.387655874,0.9190386021,0.07135104269,-0.05121824471,-0.09875883229,0.9937924252
-0.02998908706,0.5188118628,-0.8543622801,0.241824514,0.8331205159,0.497424477,0.9698564631,-0.1916884373,-0.1504459503
-0.3692442255,0.7397981447,-0.5624565824,-0.7111099993,0.1647354462,0.6835091818,0.5983153607,0.6523503183,0.4652502459
0.9380043943,-0.3201887592,0.132766392,0.2348709882,0.8688084324,0.435898528,-0.2549183698,-0.377691761,0.8901491776
0.5132704377,-0.8248177725,-0.2371267593,0.8581390897,0.4892863641,0.1555511383,-0.01227845346,-0.2833275422,0.9589445987
0.2178993272,-0.8483893947,-0.482447218,-0.04564396455,0.4849258348,-0.8733633627,0.9749033346,0.2123260928,0.06694115766
-0.4652298796,0.1065807234,0.8787500831,0.6581568145,0.7054970605,0.2628754556,-0.5919381443,0.700652872,-0.3983651419
-0.4769461347,-0.01099590447,-0.8788637407,-0.2198111308,0.9696393868,0.1071565509,0.8510026154,0.2442919354,-0.4648827798
0.5660465915,0.7453703001,0.3521567434,-0.05323015797,-0.3932425568,0.9178926091,0.8226529077,-0.5383153418,-0.1829174301
0.1592362047,0.04438606764,-0.9862422157,-0.7712316342,-0.6180576151,-0.1523369646,-0.6163161506,0.7848787559,-0.06418520943
0.3084869564,-0.4108170126,0.8579424106,-0.2717047095,0.8262998279,0.4933610699,-0.9115987871,-0.3853024483,0.1432818019
0.5103385578,-0.8557556395,-0.08506962965,0.8570771615,0.5142370512,-0.03128888809,0.07052159793,-0.05694331068,0.9958836095
-0.8003298019,-0.1758736239,0.5731846793,-0.3900600752,0.8787655379,-0.2749986674,-0.4553299308,-0.4436660881,-0.7719035279
0.9032574627,-0.06761016618,-0.423739096,-0.3803991435,0.3307682666,-0.8636485659,0.1985508694,0.9412870015,0.2730500559
0.9122241538,-0.2845336819,-0.2947671574,0.2770101745,0.9584636605,-0.06791741138,0.3018483998,-0.01969759857,0.9531524265
0.8605257544,-0.08910993976,-0.5015524345,-0.4474347763,-0.6028753551,-0.6605629622,-0.2435108763,0.7928434428,-0.5586606558
0.7358985,-0.5121730516,0.4428681102,0.0684514464,0.7069986894,0.7038943476,-0.6736228895,-0.4876798318,0.5553382612
0.7533731564,-0.6053773634,-0.2568017429,-0.1835361973,0.1814265398,-0.9661257035,0.6314612827,0.7749855861,0.02557322573
0.07565370229,0.3248742333,-0.9427264979,0.7537536494,0.6003105426,0.2673624663,0.6527878318,-0.7308104986,-0.1994594239
0.4766896422,0.5105883761,-0.7155882163,-0.4277710313,0.8458783739,0.3185933478,0.7679706569,0.1542377603,0.6216363756
0.9550328446,0.241563425,0.1719284077,-0.2357118879,0.9703223079,-0.05398633861,-0.1798670942,0.01103315698,0.9836290448
0.5089124622,-0.3142529296,-0.801407014,0.2314442656,0.9466531233,-0.2242351802,0.8291210152,-0.07136498016,0.5544956103
0.1417959828,0.1135546474,-0.9833611957,0.8867053668,-0.4561813905,0.07518065826,-0.4400539645,-0.8826119651,-0.1653742039
-0.4366764552,0.8628409858,-0.2545959675,-0.2989454242,-0.4060984077,-0.8635483291,-0.8484959086,-0.3009809237,0.4352759776
0.8112929353,-0.4342566178,-0.3914396034,0.5720331798,0.4513240486,0.684897543,-0.1207551839,-0.779568979,0.6145652061
0.9918171335,-0.01611034282,-0.1266460841,-0.01362191303,0.9729887458,-0.2304503072,0.126937848,0.230289725,0.964807455
0.9813646225,-0.1127926334,-0.1555676689,0.1365546924,0.97895717,0.1516432502,0.1351898433,-0.1700608162,0.9761162969
0.9295487151,-0.3386494782,0.1457934059,0.3686218858,0.8617126882,-0.348667676,-0.007555901178,0.3778462304,0.9258375314
0.1549157155,0.8491259357,-0.5049616484,-0.9713418425,0.03764884502,-0.2346861511,-0.1802668748,0.526846951,0.8306239487
-0.392167012,0.4123296423,0.8223073031,-0.7640100323,-0.6438676951,-0.04150977985,0.5123413952,-0.6445297955,0.5675276535
0.7092241186,-0.7031927495,0.05021062229,-0.4810467128,-0.5347768979,-0.6946997406,0.5153593015,0.4685441564,-0.7175452347
-0.2869515194,-0.9384488617,0.192282499,0.7072837866,-0.07217902479,0.7032352619,-0.6460715678,0.3377927209,0.6844615453
-0.3538635307,-0.6746299919,0.6478078231,0.5444898239,0.4145641335,0.7291552721,-0.7604679042,0.6107462266,0.2206300375
0.6854628441,-0.5662629882,-0.4576974082,0.7228458657,0.6046809069,0.3344470889,0.08737587595,-0.560095732,0.8238071542
0.7192805612,0.6749510174,0.1645496836,0.6400583349,-0.5517373876,-0.5347066327,-0.2701125732,0.4899254833,-0.8288620021
0.9716424623,0.1191417022,-0.2042453924,-0.08317307858,0.9807898415,0.1764469489,0.2213439958,-0.1544556298,0.9628864388
0.7260990066,0.6473523306,0.2317653827,-0.6551419838,0.5490230147,0.5190016478,0.2087323972,-0.5286858136,0.8227527556
0.9833600706,0.1743314752,-0.05110291955,-0.1816670058,0.9432394281,-0.2780224456,-0.0002657744689,0.2826798861,0.9592142677
0.8815801732,0.1282034853,-0.4542909471,0.4126709869,-0.6765694901,0.6098822687,-0.229170362,-0.7251328095,-0.649356107
0.7687897341,0.520404688,-0.3716736545,-0.1558836234,-0.411162983,-0.8981343426,-0.6202117708,0.7484142985,-0.234975312
0.7395077522,-0.2541658957,-0.623320128,0.669605583,0.3726249788,0.6424787844,0.0689684538,-0.8924966793,0.4457499632
0.6132248818,-0.3956709654,0.6836663891,-0.6722889992,0.1929640126,0.7146974124,-0.4147080249,-0.8978916287,-0.1476749035
0.9886348362,-0.08533098384,-0.1237731143,0.1462220564,0.73709288,0.6597826888,0.03493237534,-0.6703825098,0.7411929706
-0.3315223197,-0.4825133535,-0.8107242535,0.2530842517,-0.8733085756,0.4162697363,-0.9088681494,-0.06717883243,0.4116378158
-0.9368646527,0.1785951398,0.300646634,0.1854263945,0.982640413,-0.005905162622,-0.2964821659,0.05021548321,-0.9537173221
-0.5487669419,-0.569260128,-0.612207277,0.5387878236,0.3190985819,-0.779669017,0.6391889584,-0.7577064086,0.1315996725
-0.3360206274,0.7284820807,-0.596995809,-0.5449888851,0.3665761585,0.7540616919,0.7681648606,0.5787363632,0.2738374862
-0.2612235609,-0.2179085187,0.9403606376,0.902267217,-0.4013260722,0.1576428016,0.3430395317,0.8896365894,0.3014475384
0.8699132244,-0.4931641665,-0.006331425531,0.4279904057,0.7612056611,-0.4872270048,0.2451024166,0.4211354253,0.8732524027
0.4649393138,0.8185911237,-0.3372536236,-0.8112313524,0.546467011,0.2080324462,0.3545914935,0.1768682504,0.9181407815
0.4895065866,-0.1542156224,0.8582545331,-0.3681627258,-0.9287619868,0.04309732128,0.7904679051,-0.337073751,-0.5114115538
0.1472751481,-0.9833077282,0.1068454135,-0.2902300828,0.0603061935,0.9550547953,-0.9455562013,-0.1716655897,-0.2765038798
0.9810219442,0.109956926,-0.1597041624,-0.132135771,0.9819089056,-0.1356283123,0.1419016671,0.1541569832,0.9778034268
-0.2840990666,-0.4726560165,0.8341966258,-0.8779664525,0.477888868,-0.02823363254,-0.3853084849,-0.7404178009,-0.5507439074
0.971038103,0.1450744816,0.1898378184,-0.1657443395,0.9812985874,0.09788716101,-0.1720866539,-0.126516707,0.9769235929
-0.05296403759,0.3048168249,0.9509371767,-0.6775749563,-0.7104864256,0.1900032046,0.7335441291,-0.634267879,0.2441664765
0.9743650326,0.1900215482,0.1204350216,-0.1994445601,0.9772880282,0.07162386025,-0.104089628,-0.09380789483,0.9901340456
-0.5000161158,0.832228385,-0.2395408091,0.8040888789,0.5488642031,0.2284494721,0.3215975105,-0.07838368296,-0.943626536
0.3264604012,0.9447264231,-0.03025875004,-0.2039350847,0.1016584579,0.9736919632,0.9229485834,-0.3117010482,0.225850324
-0.6641800697,0.7104300095,-0.2327101988,-0.6411048786,-0.3811793235,0.6660982345,0.3845118589,0.5916008155,0.7086318546
0.2887080347,-0.6968312336,0.6565621849,-0.8476925697,-0.5048167652,-0.1630255837,0.4450449169,-0.5094960897,-0.7364433152
0.9545186513,-0.1890849961,0.2305233362,0.2302300207,0.9587122977,-0.1669277326,-0.1894420277,0.2124090266,0.9586418119
0.2006499843,-0.7928301848,0.5754649267,0.1119427615,-0.565008597,-0.8174558725,0.9732463213,0.2284416411,-0.0246173658
-0.4482672141,0.0554647147,0.8921772079,-0.890748352,-0.1114480708,-0.4406208131,0.07499252097,-0.9922212419,0.09936361944
0.7294769333,0.3502534101,0.5875252782,-0.1805941783,0.9270924381,-0.3284590599,-0.6597341484,0.1334996629,0.7395462754
-0.0108180473,-0.9135430613,-0.4065981369,-0.7972792449,0.2532964989,-0.5478929543,0.6035136913,0.3182451237,-0.7310890956
0.778795666,-0.1559791154,0.6075753666,0.2573775595,0.9627616839,-0.08274498088,-0.5720437941,0.2208176976,0.7899401509
0.8730603182,0.3904461003,0.2920916354,-0.4516201935,0.8733552955,0.1824547303,-0.1838610386,-0.2912084658,0.9388251956
0.3711909093,0.7743495398,-0.5124452157,-0.3312102872,0.6259847896,0.7060048079,0.8674774087,-0.09233543955,0.4888323967
0.9401681274,-0.2136159339,0.265428192,0.212921505,0.9765535514,0.03174262013,-0.2659855729,0.02667197037,0.9636079498
0.2711512766,0.7687147994,0.5792706987,0.9124485607,-0.01367395548,-0.4089628919,-0.3064549057,0.6394455256,-0.7051204228
0.4216178107,-0.6781433971,-0.6019634163,0.01046460014,-0.6601688506,0.7510443269,-0.9067132479,-0.3229529713,-0.271242446
0.03056815816,-0.1510992191,0.9880458561,-0.7604747854,0.6379771915,0.1210917168,-0.6486475842,-0.7550855111,-0.09540535856
-0.05716878673,-0.7936703449,-0.6056559366,-0.7369153105,0.4428311033,-0.5107410686,0.6735633267,0.4171186853,-0.6101839455
0.8461537855,-0.5282120331,-0.07082244891,0.5262907642,0.8491121109,-0.04501838127,0.08391544979,0.0008192729723,0.9964725416
0.9736183143,0.09824617348,-0.2059491866,-0.1244458571,0.9851415492,-0.1183611279,0.1912605728,0.1408680849,0.9713781838
0.7630642256,-0.5130582904,-0.3930701951,-0.5937800072,-0.7966771571,-0.112830893,-0.2552612206,0.3194944412,-0.9125595933
-0.6472930582,-0.6355838923,-0.4207669339,-0.4899806992,0.7698041308,-0.4090483035,0.5838926367,-0.05860645085,-0.80971271
0.827150008,0.3603374109,0.4312537705,-0.4273911205,0.9016265729,0.06638036769,-0.3649105293,-0.2392205538,0.8997854368
0.1393304494,0.8463743349,0.5140403789,-0.237812155,-0.4753126237,0.8470674641,0.9612660427,-0.2402673407,0.135052583
0.1475259108,0.959054456,-0.2417657048,0.9802185299,-0.1091642542,0.1650902761,0.1319383921,-0.2613383171,-0.956187505
0.7237001257,0.4836795196,-0.4922522223,-0.4201961904,0.8746618413,0.2416646954,0.5474424989,0.03194973811,0.836233176
0.9864440874,-0.02631428019,0.161974137,0.007940853035,0.9935573135,0.1130522338,-0.1639054766,-0.1102334948,0.9802976953
0.6597428369,0.6700401744,0.340272764,-0.6398555502,0.7383165093,-0.213245415,-0.3941119944,-0.07703828154,0.9158279528
0.7685736517,0.3843448645,-0.5114426332,-0.6309362407,0.3230364624,-0.7053842244,-0.1058961852,0.8648274215,0.4907744175
0.249337241,0.1312091328,0.9594868961,-0.9403044529,0.2697935943,0.2074583147,-0.2316429928,-0.9539368847,0.1906461223
0.7156120104,-0.6676114297,-0.2054128271,0.5876910355,0.7344065782,-0.3395087992,0.3775164863,0.1222372973,0.9178994203
-0.2269672752,0.2958116494,-0.9278907932,-0.6724645906,-0.7367739939,-0.07039500236,-0.7044694673,0.6079963405,0.3661464456
-0.5835717598,0.147176951,-0.7986131393,0.5485766588,0.7965649846,-0.2540627376,0.598755084,-0.5863643665,-0.5455906699
0.9394855715,-0.2621295955,0.2205786391,0.01811298388,0.6809642464,0.7320926273,-0.3421093111,-0.6837951231,0.6445040333
0.7790902118,-0.4805845863,-0.4025629109,-0.4002242956,0.1129686635,-0.9094276191,0.4825338901,0.8696416138,-0.1043288475
0.01409752309,0.6828673132,-0.7304063885,-0.6199754624,0.5790832532,0.52942706,0.7844945416,0.4453704282,0.4315246178
0.5218474824,-0.846318359,-0.1068664603,0.8321712936,0.4775309426,0.2818778759,-0.1875263798,-0.2360284604,0.9534801638
0.9155861883,0.2945695851,-0.2737347099,-0.4002333356,0.7334468962,-0.5494259983,0.03892568504,0.6126046115,0.7894304156
0.335085844,0.6697491325,0.6626866353,0.7797544877,0.1976732155,-0.5940608039,-0.5288671061,0.7157942437,-0.4560023955
0.8879710197,0.32782428,0.3225503212,-0.3295708606,0.9427590989,-0.05087562639,-0.3207655157,-0.0611271051,0.9451840884
0.9763835716,-0.04348334021,-0.2116230616,-0.02758201491,0.9464310386,-0.3217258486,0.2142763485,0.3199648235,0.9228803596
0.8553653289,-0.494613635,0.1539724199,0.4649530289,0.8640883249,0.1927953519,-0.2284049802,-0.09332051656,0.969083302
0.4869578934,-0.4418793384,-0.7534020576,0.3466358682,0.8895161006,-0.2976653854,0.801695444,-0.1162056674,0.5863281146
0.4755282888,-0.4385902676,0.7625689632,0.255687258,0.8983364274,0.3572333822,-0.8417225627,0.02510458828,0.539326327
0.8114231171,0.0450837336,-0.582717755,-0.1656233659,0.9738876577,-0.1552795249,0.5605010488,0.2225090721,0.7977018786
-0.001579962877,-0.3411520622,0.9400067947,-0.99414045,-0.1010646117,-0.03834983524,0.1080845471,-0.9345593693,-0.3389933863
0.734047064,-0.1799042913,-0.6548353638,0.05268522131,0.9764516405,-0.2092043526,0.6770518261,0.1190656947,0.7262397573
0.7962465073,0.2989392613,-0.5259532466,-0.3903073368,0.9180901361,-0.06907014416,0.4622247099,0.260280272,0.8477042512
0.7380948859,-0.1528499271,0.6571551104,0.5136135685,0.7588886122,-0.4003613075,-0.4375123331,0.6330284149,0.6386376001
0.6774276381,-0.7341951264,-0.04526932105,0.4280597041,0.4435146412,-0.787438666,0.5982112376,0.5140547436,0.6147284244
0.9824356313,-0.1850534742,-0.02398837316,0.1620131239,0.9096854089,-0.3823927361,0.09258497736,0.3717898178,0.9236884504
0.9136087321,0.2988373824,-0.2757087295,-0.3400996032,0.9332810373,-0.1154069553,0.2228258166,0.1992052316,0.9542881804
0.8171568841,-0.3280933339,-0.4739297321,0.5637724091,0.2836611089,0.7756913343,-0.1200637226,-0.9010500206,0.4167655971
0.2174372961,-0.9407795078,-0.2601056324,-0.09898272311,-0.2863603984,0.952995353,-0.9710424516,-0.181470769,-0.1553863483
0.9690188216,-0.1906266996,-0.1570477148,0.2148832312,0.9641728758,0.1555501929,0.1217691269,-0.184477985,0.9752641451
-0.1007758516,0.9915326248,0.08189799558,0.03549830832,-0.07868117077,0.9962676064,0.9942756649,0.1033069567,-0.02726856883
0.1404043115,-0.5029676015,-0.8528248479,-0.6181578938,0.6283183948,-0.4723312536,0.7734128572,0.5934977562,-0.2226947816
-0.007341883683,-0.2596658839,0.9656706092,0.8971502174,-0.4282359287,-0.1083304052,0.4416645606,0.8655562478,0.2361033626
0.9250135055,0.1788130166,0.3352251776,-0.2189463894,-0.4702037645,0.8549683611,0.3105036122,-0.864253623,-0.3957943682
0.5930059339,-0.009995637418,0.8051360442,-0.1119162066,0.989193985,0.09471020405,-0.7973824209,-0.1462714849,0.585479229
0.9169620288,-0.3917842502,-0.07540383988,0.0242131951,0.2432920056,-0.9696508244,0.3982390726,0.8873072192,0.2325758796
0.7663779289,0.08271879321,-0.6370419699,0.6356208607,-0.2412276623,0.733345305,-0.09301070653,-0.9669368212,-0.2374493467
-0.5301023686,-0.4730653163,0.7037049704,-0.1946363438,0.8756323243,0.4420234454,-0.8252927799,0.09735111281,-0.5562504727
0.9824320867,-0.05528576931,-0.1782433131,0.07241382455,0.9932088346,0.09106288471,0.1719983516,-0.1023703798,0.9797636819
0.8379383401,-0.5219338801,0.1595128928,0.3846654944,0.7721417586,0.5057959688,-0.3871586181,-0.3624667288,0.8477771375
0.9982272347,-0.04400588496,0.04007330767,0.05112430588,0.978716863,-0.1987450816,-0.03047446877,0.2004414733,0.979231598
0.2225624867,0.04863163077,-0.9737047314,0.6910276745,0.6966564811,0.1927446508,0.6877111985,-0.715754645,0.1214437961
-0.3299593571,-0.813468401,-0.4789530073,-0.815919869,-0.009412500155,0.5780883774,-0.4747647733,0.5815329444,-0.6606192887
0.2965059648,-0.513343286,-0.8053340198,0.9137856424,-0.0926454835,0.3954903464,-0.2776328737,-0.8531679114,0.4416157859
0.9986985833,0.01427483599,0.0489629331,-0.01524333302,0.999694347,0.01946415763,-0.04867011978,-0.02018518495,0.9986109241
0.5953338292,-0.7363801391,-0.3214372762,0.7844693877,0.6192151646,0.03435636223,0.1737394931,-0.272611208,0.9463074119
0.7747078256,0.2689309419,0.5722795937,-0.3590818276,-0.557844328,0.7482445769,0.5204690442,-0.7851661316,-0.3355981522
0.195107079,-0.03614795141,-0.9801155816,0.364560615,0.9303934328,0.03825726355,0.9105101788,-0.3647758021,0.1947044644
0.9229860066,0.2941236896,-0.248169472,0.3848244758,-0.7009916077,0.6004339171,0.002637121928,-0.6496937903,-0.7601914393
0.5373936254,0.8264551933,-0.1678687132,0.8118621145,-0.4531183136,0.368189762,0.2282279527,-0.3341490795,-0.9144705541
0.556953715,-0.8305209597,0.00612330686,-0.1145622426,-0.08412431663,-0.989847762,0.8226044322,0.5505978886,-0.1419996943
0.7433265168,0.2566372824,0.6177402324,-0.4923824445,0.8350147971,0.2455805711,-0.4527971045,-0.4867109962,0.7470523331
0.4322877049,0.8977985782,-0.0841727583,-0.8911039084,0.4396174826,0.1125623979,0.1380621769,0.02634733324,0.9900730545
0.275840942,0.6893910157,-0.6698147521,0.381731436,0.5609710806,0.734569641,0.8821524162,-0.4583137289,-0.1084234311
0.4921388417,0.7588231977,0.4265990098,0.520360532,0.1364271821,-0.842978375,-0.6978712468,0.6368476888,-0.3277205275
0.8980274952,0.4285896442,-0.0992851189,0.376036041,-0.6306440713,0.6788850795,0.2283495431,-0.6469922505,-0.7275008687
-0.3053687936,0.4100443292,0.85942629,-0.8128605988,0.3578561036,-0.4595613736,-0.4959914786,-0.838929471,0.2240307923
0.9796440118,-0.1906541304,0.0628379872,0.1919497552,0.9812868147,-0.01521442644,-0.05876139507,0.02696645801,0.9979077656
0.9775570064,-0.01723104054,0.2099652126,0.03848123832,0.9944866492,-0.09754741804,-0.2071267572,0.1034378833,0.9728304635
0.9962058657,0.05175582399,-0.06996576112,-0.0479272971,0.9973169458,0.05533429144,0.07264191104,-0.05177107589,0.9960135082
0.7269804183,-0.151379449,-0.6697639389,0.01874616844,0.9794082885,-0.2010173763,0.6864022527,0.1335801887,0.7148484319
0.4322115925,0.550552614,-0.7142023232,-0.5861070344,-0.4303948873,-0.6864683425,-0.6853259688,0.7152985811,0.1366611002
0.3172260091,0.8873594562,0.3346055211,0.2112880895,0.2778297145,-0.9371061802,-0.9245133868,0.3679726149,-0.09935367262
0.2601606643,-0.5190747996,0.8141730659,-0.2322206981,-0.8520956578,-0.4690485448,0.9372246135,-0.06703985672,-0.3422216847
0.9274907204,0.2377828449,0.2884792579,-0.3421648987,0.8508106879,0.3988036552,-0.1506125681,-0.4685941655,0.8704799609
0.8818169287,0.1747258828,0.4380294169,0.3825567535,-0.8081802027,-0.4477667812,0.2757702568,0.5624194394,-0.7795095507
-0.5536531842,-0.5652923763,-0.6114839989,0.706517677,-0.7075488482,0.01440137144,-0.4407957847,-0.4240508893,0.7911257293
0.9619752243,-0.2595952244,-0.08493519512,0.09414814805,0.6070513787,-0.789065745,0.2563977264,0.7510652057,0.6084087958
0.7988792986,-0.5940080055,0.09458517693,0.5995291558,0.7990579348,-0.04551052786,-0.04854541825,0.09306398986,0.9944759606
0.9811453116,0.09742837517,0.1669179115,-0.1311763863,0.9699519855,0.2049046158,-0.1419388359,-0.2229368915,0.9644441452
0.9823572427,0.04982125223,-0.1802556255,-0.04154046143,0.9979134411,0.04942827207,0.18234209,-0.04106831921,0.9823770943
0.2286059774,-0.09592117252,-0.9687819341,-0.2276583261,0.9622740265,-0.1489979344,0.9465257491,0.2546130918,0.1981443408
0.7838703672,-0.5167124562,-0.344318871,-0.5985202,-0.4811588676,-0.6405151945,0.1652901013,0.7081626802,-0.6864290209
-0.5448334223,-0.8347492132,-0.07968872603,-0.6159529003,0.3339117267,0.7135159307,-0.5689978616,0.4378318283,-0.6960924677
-0.5318884057,0.7103480783,0.4609775825,-0.770484395,-0.6318196718,0.08460318824,0.351352417,-0.3101765788,0.8833696672
-0.2840528528,0.5312282176,-0.7981920556,-0.06058699749,0.8208746896,0.5678855164,0.9568924665,0.2096695611,-0.2009862747
0.58725001,-0.752724583,0.2975619733,0.1722983191,0.4754582951,0.8627008165,-0.7908544209,-0.4553516353,0.4089060689
0.1992039803,-0.01945317632,0.9797649454,0.8404892352,0.5174761371,-0.160612244,-0.5038805609,0.8554764879,0.1194334915
-0.3385376126,0.6635921695,0.667111473,-0.5323649544,0.449515898,-0.7173025949,-0.775873598,-0.597980677,0.2010951761
-0.6852071406,-0.2231771282,0.6933131644,-0.701474366,-0.05397609588,-0.7106477995,0.1960226729,-0.9732823591,-0.1195682282
-0.8081159891,-0.5108312474,0.2932575402,0.4998041262,-0.3312367188,0.8002987389,-0.3116799377,0.7933055356,0.5229932539
0.8612883509,0.05017988374,-0.5056326293,0.1964677428,0.8848262289,0.4224724496,0.468596631,-0.4632111008,0.7522317951
0.5893879347,-0.7738527444,0.2318917686,-0.422855861,-0.05093834586,0.9047641713,-0.688342054,-0.6313138798,-0.357250615
0.6838963083,-0.1667175896,0.7102753585,-0.5921004353,-0.6956342287,0.4068293184,0.4262662478,-0.6987834179,-0.5744552383
0.5718654762,0.6423286892,-0.510278093,-0.04698061591,0.6466492561,0.7613393207,0.8190010371,-0.4114104941,0.3999733822
-0.1690334903,0.9649518025,0.2007378836,-0.8239562801,-0.02658439048,-0.5660294327,-0.5408546271,-0.2610771705,0.79957175
0.340677617,0.9170242518,0.2073771511,0.934629803,-0.3063933566,-0.1805276776,-0.1020092771,0.2553226048,-0.9614595545
0.9990168833,0.02702552912,0.03514096801,-0.04431099815,0.5847420647,0.810008181,0.001342497494,-0.8107689798,0.5853647232
0.9513347417,-0.2523566802,-0.1768567648,0.2167259261,0.1399129577,0.9661543548,-0.2190709525,-0.9574656496,0.1877962927
0.009115601492,-0.8823139557,-0.4705730437,0.3003913324,0.4512731136,-0.8403080533,0.9537724851,-0.1336961502,0.2691530906
0.5345128779,-0.8158613685,-0.2206041947,0.4670625102,0.5026898262,-0.7274307872,0.7043781619,0.2857851747,0.6497524444
-0.649771979,-0.590766719,0.4783210836,-0.6503984457,0.757783855,0.05239743223,-0.3934186538,-0.2770529061,-0.8766204709
0.9287070041,-0.06387080089,0.3652722563,0.08482969441,0.9955265011,-0.04160419021,-0.3609809183,0.06962403673,0.9299705749
0.2994800405,0.7485033672,-0.5916539653,-0.9383008425,0.3434464141,-0.04044860396,0.1729255165,0.5672629637,0.8051766861
0.6263285549,-0.02149529244,0.7792627886,0.6719537844,0.5216590566,-0.5256899659,-0.3952096316,0.8528832166,0.3411738062
-0.8566019739,0.133291387,-0.4984641056,-0.369655236,-0.8325231589,0.4126259764,-0.3599834231,0.5377160924,0.7624128403
-0.9297223317,0.3571169653,0.08991028279,0.3674020583,0.8828149925,0.2926660497,0.02514186591,0.3051313851,-0.9519783214
0.5983495314,0.6312662762,0.4934376626,-0.7803981185,0.5986947847,0.1803977035,-0.1815395686,-0.4930187048,0.8508677581
0.5079616347,-0.5653736468,-0.6498673844,0.3803447281,0.8241344161,-0.4196907815,0.7728601849,-0.0339868182,0.6336655511
0.03771057354,0.830345697,-0.5559711649,-0.9912793059,-0.03921660632,-0.1258069769,-0.1262665842,0.5558669637,0.8216256255
-0.9468962847,0.1899608718,0.2594268552,-0.3190493172,-0.454868861,-0.8314456402,-0.03993694054,-0.8700627486,0.4913205209
0.7189723553,0.65175666,-0.2414373801,0.4144823437,-0.6809012491,-0.6038028451,-0.5579275393,0.3340460225,-0.7596908027
0.9322849043,-0.3614600204,0.01383874527,0.1291989165,0.3684787841,0.9206144826,-0.3378646137,-0.8564870339,0.390227451
0.1845779353,0.9663080085,-0.1793873422,-0.5484731648,0.252733427,0.7970589705,0.8155416442,-0.04873035578,0.5766430257
0.9806866641,-0.03150659239,-0.1930310892,-0.02429694719,0.959669932,-0.280077275,0.1940704128,0.2793581147,0.9403699903
0.9785715282,0.04624860734,-0.2006460329,-0.09824527966,0.9612477169,-0.2575862801,0.1809575344,0.2717791254,0.9451933547
0.8859017237,-0.407624975,-0.2214046423,0.1946590704,-0.1065570228,0.9750658681,-0.4210534196,-0.9069109552,-0.01505115142
0.9142936241,-0.1228493011,-0.3859730797,0.2755344875,0.8870905247,0.3703392326,0.2968971459,-0.4449476938,0.8449104299
0.7970686931,-0.559327668,0.2276709432,0.5293465709,0.8285744021,0.1823641085,-0.2906436072,-0.02483988858,0.9565088988
0.3324101324,-0.7655387954,0.5508664599,0.04505538804,0.5963029899,0.8014940775,-0.9420581276,-0.2416052503,0.2327088033
0.03888309634,0.807794992,0.5881796968,-0.9316007442,-0.1835830554,0.3137153411,0.3613975073,-0.5601468671,0.745404138
0.4738138268,-0.5165101527,-0.713244502,-0.2273099637,-0.8542165622,0.4675941031,-0.8507823681,-0.05942496954,-0.5221475223
-0.2007622471,0.77675925,0.5969418628,0.9796299855,0.1619378892,0.1187485219,-0.00442849243,0.6086223686,-0.7934476674
0.984983503,0.0057947601,-0.1725512084,-0.008147496586,0.9998832114,-0.01292987984,0.1724561309,0.01414157872,0.984915681
0.8686439174,-0.2060775039,-0.4505439016,0.2394305516,0.9707539695,0.01759947779,0.4337404244,-0.1231616542,0.8925807813
-0.4482139959,-0.8187591192,-0.3588003882,-0.2932772361,-0.24447581,0.9242402508,-0.8444481492,0.5194854021,-0.1305459318
0.9981204609,0.009418680452,0.06055438844,-0.01374550879,0.9973502483,0.07143908794,-0.0597210724,-0.07213716626,0.995605154
-0.9669244205,0.1860661167,-0.1744607845,-0.2486700216,-0.8398623947,0.4824876976,-0.05674844001,0.5099123044,0.8583525245
0.992832884,0.1016321069,-0.06287908467,-0.1194085966,0.8653513709,-0.4867325672,0.004944845826,0.4907524017,0.8712850445
0.8273193179,-0.2778198094,0.4882201345,0.4450741706,0.8544561284,-0.2679807965,-0.3427123121,0.4389998612,0.8305584826
0.9934826591,0.05384603386,0.1004629819,-0.06288223935,0.9940392049,0.08906111981,-0.09506855462,-0.09479801541,0.9909466717
-0.4822517366,0.2312569168,-0.8449576918,0.6175181198,-0.5944046896,-0.5151256515,-0.6213731844,-0.7701969251,0.1438473574
-0.8110239162,0.5156764185,-0.2762571968,0.3589796145,0.8115481972,0.4610023427,0.461924067,0.2747132234,-0.843302319
0.4941353986,0.6373011639,-0.5913352977,-0.3561494721,0.7688720836,0.5310303877,0.7930874866,-0.05179715822,0.6069013866
0.2747110675,-0.7488970859,0.60306466,0.6749558048,0.5968902575,0.4337703104,-0.6848127416,0.2878804879,0.6694447951
0.9894570916,0.01914723433,0.1435550326,-0.032625692,0.9952120701,0.09213305426,-0.141103608,-0.09584528618,0.9853443322
-0.01044507631,0.7701517809,0.6377751444,-0.9172459127,-0.2613592389,0.3005849028,0.3981844245,-0.5818570122,0.7091484904
0.7101434566,0.5083618983,0.4870979896,-0.4475024043,0.8600245983,-0.2451515623,-0.5435419664,-0.04388474362,0.8382340127
0.9714367094,-0.1468558614,-0.1863976276,0.175400753,0.9734312799,0.1471941545,0.1598289569,-0.1756840894,0.9713855081
0.9763201583,-0.1911179341,0.1013552357,0.2072947748,0.9605001377,-0.1856565695,-0.06186941785,0.2022706621,0.9773733956
0.6078609777,0.7744605409,0.1752595285,-0.7934246109,0.5836951955,0.1725610197,0.03134355593,-0.2439483334,0.9692815856
0.9989172423,-0.03744467176,0.02760868703,0.04116378376,0.9879048057,-0.1494979521,-0.02167685285,0.1504725601,0.9883765086
0.9196471764,-0.3696951712,-0.1325690437,0.05376636768,-0.2158568892,0.9749435784,-0.3890478745,-0.903731865,-0.1786350122
0.9309334729,-0.08585231546,0.3549538687,0.3150814927,0.6802169017,-0.661837306,-0.1846253556,0.7279658966,0.6602871583
0.1302110225,-0.2952239985,-0.9465135394,-0.9544034127,0.2213207432,-0.2003278676,0.2686246741,0.9294406486,-0.2529443914
-0.7418783903,-0.6684835649,0.05240398212,0.3930481515,-0.3702196594,0.8416950484,-0.5432583221,0.6450326559,0.5374041945
-0.07755793876,0.1275819988,0.9887909788,-0.935932358,-0.351055731,-0.02811574261,0.3435336773,-0.9276220714,0.1466352798
-0.2241945787,-0.8044398918,0.5501029462,0.7410349158,0.225885546,0.6323313797,-0.632932891,0.5494107576,0.5454757326
-0.1045831162,-0.8051030033,-0.5838420384,0.4118327206,0.4993008885,-0.7622941906,0.9052381908,-0.320168357,0.2793493174
0.9460899914,-0.1973394572,0.2568479451,0.3083283773,0.7916330004,-0.5274948383,-0.09923376438,0.5782510971,0.8098014131
-0.7049374104,-0.4425310584,0.5542828788,-0.6934221675,0.2657271826,-0.6697423101,0.1490937456,-0.856478445,-0.4941818777
-0.5111490704,0.8505919829,0.1233689854,-0.8415928849,-0.5244623112,0.1290763351,0.174493679,-0.03784921165,0.9839305835
-0.1510976887,0.0492279842,0.9872923043,0.7410306991,0.6666682744,0.08016804165,-0.6542499458,0.7437271122,-0.1372114829
0.8589273401,0.4756649062,0.1897016643,-0.4626434307,0.8795955242,-0.1107825342,-0.2195560986,0.007389918656,0.975571888
-0.9815288638,0.1438178612,0.1261646239,0.01486046637,0.7147839416,-0.6991874451,-0.1907360901,-0.6843977935,-0.7037182705
0.9627896642,0.02833074717,-0.2687627787,0.07776025935,0.9233929855,0.3758972418,0.2588231143,-0.3828090426,0.8868302162
0.9488030289,0.3064450388,-0.076578395,-0.08214679553,0.005295002104,-0.9966061744,-0.304999535,0.9518736267,0.03019739197
0.8523652469,0.4151641906,-0.3179814156,-0.2065701555,0.8259066029,0.5246018054,0.4804188347,-0.3814668769,0.7897346169
0.6810092093,-0.3633522752,0.6357684963,0.1852161951,0.9254489739,0.3305134761,-0.708464126,-0.1073280992,0.6975379998
0.9977693165,0.0171878005,-0.06450558518,-0.03927950507,0.9324669341,-0.3591135438,0.05397695329,0.3608462227,0.9310620238
0.9147421131,-0.3936417028,0.09106632972,0.07769143118,-0.04981697541,-0.9957320475,0.3964983078,0.9179131107,-0.01498709809
0.8747149642,0.2554934256,-0.4118213702,-0.4641535945,0.1972072951,-0.8635222773,-0.1394100862,0.9464842271,0.2910883639
-0.2597742115,0.8078928938,-0.5289862297,0.7899228609,0.4928736402,0.3648252303,0.5554630796,-0.3230861294,-0.7662089272
-0.429429304,-0.6060102112,0.6695835248,0.7960060564,0.09621867795,0.5975921051,-0.4265733594,0.7896161029,0.4410686785
-0.4854293936,0.1208645651,-0.8658810892,-0.4698296817,-0.8712978725,0.1417747778,-0.737304804,0.475638281,0.4797393581
-0.5666423527,-0.02854869937,0.8234691348,0.2169012242,0.9589825885,0.1825000104,-0.7949027004,0.2820236987,-0.5372079023
-0.5324169646,-0.110586794,0.8392274643,-0.7867873582,0.4303651318,-0.4424381383,-0.312246423,-0.8958551302,-0.3161419887
0.764769014,-0.3952049051,-0.5088628874,0.3662929979,0.916424126,-0.1612335601,0.5300545206,-0.06308648177,0.8456135648
-0.9068832866,-0.1290252134,0.4011423672,-0.4161803927,0.4233703204,-0.8047058173,-0.06600443271,-0.8967218443,-0.4376452317
0.7789355312,0.1010418695,0.6189103157,-0.1482217432,0.9886344664,0.02514371985,-0.6093355012,-0.1113213027,0.7850591153
0.7686685476,0.4973311606,-0.4022566105,-0.5103180508,0.8559606637,0.08310733616,0.3856477032,0.141396814,0.9117471086
-0.3939160559,0.1031721313,0.9133376441,-0.6017743127,-0.7800520077,-0.1714250328,0.694764577,-0.6171502059,0.3693613487
0.9986559889,0.04404583121,-0.02731630565,-0.04647971293,0.9942942731,-0.09601320122,0.02293146501,0.09715381246,0.9950051681
0.8314767433,0.4114515366,-0.3733015649,-0.3291106332,0.9061408126,0.2656972314,0.4475853175,-0.09806355429,0.8888480876
0.4702096699,-0.0370389785,0.8817771716,0.5203958786,-0.7953134614,-0.3109093559,0.7128050196,0.6050657916,-0.3546891484
0.6404009219,-0.2474121176,0.7270996516,0.7388175243,0.4571036548,-0.4951816985,-0.2098459555,0.8543087807,0.4755220101
0.1304926114,-0.07576645272,-0.9885500104,0.9224668324,0.3746950932,0.09305122335,0.3633546772,-0.9240470939,0.1187869808
0.4305328481,-0.7448976218,-0.5096753866,0.2232167889,-0.4592743583,0.859791445,-0.8745374388,-0.4839365628,-0.03145904231
0.7933384095,0.3888152024,-0.4684409317,-0.5657548079,0.7550171474,-0.3314673506,0.2248013909,0.52798849,0.818958173
0.952668284,0.303032047,-0.02438686296,-0.3039860293,0.9484746066,-0.0893779311,-0.00395405716,0.0925607859,0.9956991847
0.09010124674,0.3537326536,-0.9309967643,-0.9954357547,0.002461666503,-0.09540229798,-0.03145510447,0.9353433327,0.3523399302
0.9938023374,-0.08303156427,-0.07390990126,0.06524106737,0.9739970734,-0.2169638313,0.09000287383,0.2107972019,0.9733776361
0.7324898733,-0.6271870599,0.2647545606,0.3148490646,-0.03271203903,-0.9485778771,0.6035964314,0.7781814148,0.1735080218
0.4266365777,0.1019901457,0.8986541274,-0.7952062263,0.5156391427,0.3190036555,-0.4308460146,-0.8507139853,0.301093718
0.911229998,-0.03667240299,0.4102621425,0.3681440852,0.5192456363,-0.7712677238,-0.1847425865,0.8538378675,0.4866529284
0.992143567,-0.08879172399,-0.08813156171,0.07837260353,0.9902268594,-0.1153624804,0.09751347309,0.1075490429,0.989406047
0.5615808713,0.3123697815,0.7661932162,-0.5576345216,0.8269963821,0.07155923615,-0.6112860749,-0.4674420858,0.6386135225
0.7718873021,-0.5901842634,0.2363737043,0.1950529572,0.5737076617,0.7954959854,-0.6050986174,-0.56792786,0.5579548451
0.807301409,0.5513272759,-0.2104819944,-0.3537183179,0.7375548049,0.5752358311,0.4723852101,-0.3899373599,0.7904435898
-0.5607754591,-0.5746083249,0.5961175701,-0.7370187526,0.6744923227,-0.04316786988,-0.377272107,-0.46355731,-0.8017358528
-0.3087886552,-0.4610339281,-0.8319238448,-0.3659699586,0.8649200646,-0.3434811075,0.8779040698,0.1983960658,-0.4358020713
0.9889389549,-0.04805510239,-0.1403226658,0.01059573264,0.9665324363,-0.2563255353,0.1479441579,0.2520034856,0.9563507565
0.8811792172,0.2414858385,0.4064575955,-0.4155783687,0.80554874,0.4223574871,-0.225428052,-0.5410876243,0.810189099
-0.1538908052,-0.3709489325,-0.9158135779,-0.7558028837,-0.5528241879,0.3509236644,-0.6364586563,0.7461784684,-0.1952897135
-0.1873149609,0.9247981961,0.3311516297,-0.4402426866,0.222330038,-0.8699170829,-0.8781227034,-0.3087355676,0.3654899001
0.3587939516,-0.9306854572,-0.07135460832,-0.2491133298,-0.02180410641,-0.9682288623,0.8995606979,0.3651700436,-0.2396693347
0.7140740326,0.1901622399,0.6737481714,0.2417957745,0.8361811847,-0.4922761722,-0.6569878837,0.5144310923,0.5511148445
0.4588495513,0.08979927146,0.8839644677,0.8713324414,-0.2401816054,-0.4278931794,0.1738875092,0.9665655111,-0.1884522403
