0.8887232001,-0.1233451489,0.4415394069,0.181724043,0.9790098862,-0.09228225655,-0.4208888758,0.1622517085,0.8924835782
0.90760918,0.1289142255,0.3995331012,-0.2308652418,0.9481286159,0.2185254398,-0.3506377284,-0.2905740012,0.8902920494
0.6561785304,-0.1092459548,-0.7466559165,0.7127320047,-0.2352993883,0.6607929232,-0.2478766343,-0.9657636974,-0.07653531843
-0.05432694274,-0.9438225562,0.3259563863,0.7107979711,0.1927142372,0.6764816827,-0.7012951074,0.2684403197,0.6603975827
0.9750542931,0.130798768,-0.1793343465,-0.1930679042,0.8983962312,-0.3944730614,0.1095167106,0.4192563584,0.9012381461
-0.2309059482,0.8234415679,0.5182918361,-0.9715939778,-0.2235234771,-0.07773285903,0.05184192607,-0.5215182063,0.8516637689
-0.9738234637,0.1299899414,0.1864684337,0.2264803001,0.6247254305,0.7472782682,-0.01935291423,0.7699485383,-0.6378124435
-0.2534695005,0.3814553897,0.8889572532,0.1696986432,-0.8871823807,0.4290801719,0.9523421564,0.2596135766,0.1601412128
0.009038920296,-0.04581464725,0.9989090629,-0.7043004405,0.7088363375,0.0388836219,-0.7098444811,-0.703883559,-0.02586016109
0.63163438,0.7460676923,0.2107629203,-0.7430161974,0.6601547706,-0.1101027214,-0.2212802305,-0.08705559945,0.9713168289
0.2784832295,0.7726462716,-0.5704952496,-0.9429474453,0.3328042725,-0.009561989371,0.1824752211,0.5406098919,0.8212452365
-0.7213481577,0.6412418951,0.2616594491,-0.6599820794,-0.5219233401,-0.5403884546,-0.2099535431,-0.5624987635,0.7996965992
0.6812493354,-0.5848981348,-0.4402198485,-0.1918906224,0.4376457661,-0.8784327934,0.7064540552,0.6829058174,0.1859094201
-0.08981659294,-0.6673511978,0.7393073504,0.8859958451,0.2855166866,0.3653650012,-0.4549113563,0.6878390803,0.5656262525
0.6630579531,-0.1373995978,-0.7358501895,0.2705454376,-0.8725769848,0.4067119028,-0.6979679914,-0.4687544733,-0.5413962751
-0.7630227612,0.5557669734,-0.3300292976,-0.3071214405,-0.7609973041,-0.5714538686,-0.5687465927,-0.3346732354,0.7513462177
0.9986384098,0.04577843646,-0.02501321995,-0.04898983701,0.9877529237,-0.1481356051,0.01792546475,0.1491592987,0.9886506872
0.5896533634,0.8038067072,0.07876349656,0.3440174377,-0.3381949563,0.8759430199,0.7307262918,-0.4894067316,-0.4759413173
0.6155215239,0.649871983,-0.4458695541,-0.4801421229,-0.1394172132,-0.8660406356,-0.6249774359,0.7471474061,0.226216618
0.6244513197,-0.7429123635,0.2411260446,0.2067595705,0.4549296535,0.866192525,-0.753200524,-0.491039948,0.4376856637
-0.07399436295,0.7677539871,-0.6364578929,0.06062368759,-0.633564149,-0.7713113752,-0.995414287,-0.09565711831,0.0003360977352
0.8968518189,-0.3614472461,-0.2549758874,0.4357381275,0.6227779808,0.6498306479,-0.07608612981,-0.6939045143,0.716035911
0.5787617445,0.3909937958,0.7156526356,-0.2182149588,0.9198176609,-0.3260639546,-0.7857589165,0.0325472328,0.6176759691
-0.3549288416,0.1257682763,0.9263950875,-0.9321588827,-0.1233406533,-0.3403922746,0.07145162567,-0.9843624454,0.1610131712
0.9865593527,0.1428395868,0.07935676448,-0.07367161738,0.8223104089,-0.5642500192,-0.1458531331,0.5508197925,0.8217812481
-0.8610180195,0.4206406427,0.285848596,0.1363930893,0.7324568381,-0.6670111734,-0.4899437675,-0.5353208664,-0.6880310128
-0.7102991058,-0.6527488918,-0.263427532,0.6144771411,-0.3924538732,-0.6843959384,0.3433555351,-0.6479960198,0.6798589081
0.8935845146,0.3783778924,0.2415303,-0.3562844138,0.9251271767,-0.1311530533,-0.2730716604,0.03114285607,0.9614894647
0.47208608,-0.4225531457,0.7736818288,-0.1259297616,0.8363101813,0.5335981407,-0.8725115634,-0.3493338228,0.3415983783
0.6871637749,0.7016739083,-0.1883073891,-0.2962462198,0.03395996718,-0.954507673,-0.6633582167,0.711688448,0.2312043021
-0.3164342841,-0.3174113658,0.8939347676,0.7649535545,-0.6426763627,0.0425811253,0.5609950118,0.6972927059,0.4461697872
-0.9728046761,0.1127501701,-0.2023325511,0.1274581675,-0.4688073175,-0.8740561279,-0.1934049576,-0.8760748246,0.4416870206
0.150444877,-0.2772349469,-0.9489505378,-0.5849818143,0.7488361078,-0.3115136605,0.7969709003,0.6019844416,-0.04951884608
0.7874258023,-0.3447556702,0.5109834966,0.5409403694,-0.01096809805,-0.8409894277,0.2955403909,0.9386283763,0.1778556962
0.9702406713,-0.03371762726,0.239783572,-0.05176556539,0.9384819348,0.3414263967,-0.2365446386,-0.3436783085,0.9088079303
-0.04304724564,-0.5869410492,0.8084844707,0.9113335174,-0.3546864014,-0.2089707557,0.4094119622,0.727803381,0.5501673235
-0.7282026913,-0.5506868407,-0.408001034,0.1680241486,-0.7205862262,0.6726985775,-0.6644461798,0.4213068882,0.6172615168
-0.3532386691,0.9120832573,-0.2081503648,-0.4659834767,-0.3644653296,-0.8062409212,-0.8112224369,-0.1878008393,0.5537589752
0.9951554896,0.09796567533,-0.008263043034,-0.09785473522,0.9951170331,0.01290508207,0.009486949949,-0.01203398538,0.9998825836
-0.4315371492,-0.09716875101,-0.8968466551,0.02113654867,0.9928198145,-0.1177372594,0.9018475122,-0.06976424427,-0.4263848204
0.7074506715,-0.5823792926,0.4004346475,0.705446144,0.6164268972,-0.3498051149,-0.04311943192,0.5299549414,0.8469288486
0.9324816272,-0.3536697257,-0.07345570094,0.3559793135,0.9342636817,0.0207388874,0.06129227698,-0.04548734146,0.9970828243
0.8119208104,0.4128068665,0.4127651736,-0.2508967471,-0.3916747953,0.8852353795,0.527100958,-0.8223024661,-0.2144370172
-0.7933742776,0.5357424667,0.2890281389,0.0239170985,0.5018691907,-0.8646127965,-0.6082641105,-0.6790488383,-0.4109835119
-0.4456420186,-0.8747241525,-0.1904228147,0.8599345118,-0.3591596255,-0.3626527249,0.2488289106,-0.3253644426,0.9122621075
-0.05185978844,0.2688773518,-0.9617772778,0.0889807224,0.9604868002,0.2637186714,0.994682358,-0.07190324246,-0.07373554326
0.6796114178,0.7291885849,0.0800770158,0.6886763643,-0.6718074909,0.2727628282,0.2526918797,-0.1302255843,-0.9587429849
0.9989418557,0.02143125744,0.04069238403,-0.02450442941,0.9967614731,0.07659046116,-0.03891917076,-0.07750656105,0.9962319163
-0.4066569752,0.7050188565,0.5810150742,0.1162889733,0.6707482535,-0.7325118805,-0.9061495347,-0.2303154191,-0.3547503749
-0.1213225656,-0.1852305672,0.9751771491,-0.4144647909,-0.8832398771,-0.2193313855,0.9019422222,-0.4307864395,0.03038537958
0.8832601433,0.446735836,0.1424029921,-0.4162479283,0.8868793286,-0.2004562761,-0.2158452721,0.1177800888,0.9692980291
-0.1905020701,-0.579601196,-0.7923202729,0.6852104377,0.4994619363,-0.530117374,0.7029904817,-0.6438945782,0.3020002565
0.9960477551,0.08874136999,0.003720055898,-0.08586614758,0.972795533,-0.2151647178,-0.02271286559,0.2139949072,0.9765706863
-0.1798793799,0.8368011948,-0.5171142707,-0.3842290736,-0.5436977784,-0.74616402,-0.9055448237,0.06447081601,0.4193233671
0.9341141047,-0.1946777628,-0.2992179941,0.1584702054,0.9772315193,-0.1410877444,0.3198719014,0.08437491512,0.9436963709
0.9777989969,0.1682730602,-0.1248731312,-0.1463783733,0.9749312137,0.1675783412,0.1499416337,-0.1455792081,0.9779182996
0.08932745167,-0.8519931077,0.515876294,0.97648845,-0.02710961644,-0.2138583076,0.1961910126,0.5228506604,0.8295397962
-0.8849544618,-0.3743968653,-0.2769162108,0.4608327154,-0.6185315396,-0.636436912,0.06699857462,-0.6908297343,0.7199065698
-0.6433468992,-0.1160890807,-0.7567219388,0.425700275,-0.8757813198,-0.227566157,-0.6363049923,-0.4685407189,0.61285035
0.8791827704,0.1707621943,-0.4448347213,-0.1886512186,0.9820354827,0.004126550334,0.4375481391,0.08029062031,0.8956031723
0.8117951847,0.5825489463,0.04031504995,-0.5839159375,0.8091659813,0.06551787997,0.005545804988,-0.07672769966,0.9970366614
0.2510353159,0.3146672502,-0.9154047148,0.1509832766,0.9213841652,0.3581274499,0.9561303888,-0.2281134407,0.1837904725
-0.229275365,0.5816076088,-0.7804904845,-0.7593374254,0.3947886796,0.5172509766,0.6089659115,0.7112485415,0.3511211057
0.8532902653,-0.5098444372,-0.1093360552,0.4360591713,0.5827400676,0.685759734,-0.2859162854,-0.632829095,0.7195687697
0.3654787073,-0.9256340881,-0.09811650944,0.9096795303,0.3328509273,0.248381586,-0.1972522917,-0.1800327612,0.9636803092
0.450491352,-0.7331043465,-0.5095248364,-0.07706646645,0.5366541696,-0.8402755869,0.889448313,0.4178041639,0.1852603009
-0.3745480029,0.1770751752,0.9101418438,0.8038470556,0.551226937,0.2235593322,-0.4621078929,0.8153485428,-0.3488023066
-0.3117330547,-0.102140638,-0.9446638517,-0.2273140156,0.9733521789,-0.03023035132,0.9225783657,0.2053115337,-0.3266440466
0.5519207118,0.6444443552,0.5292211267,-0.0767424475,-0.5926901744,0.8017661467,0.8303578293,-0.4831250669,-0.2776617458
0.4003135316,0.142355924,-0.9052534824,-0.7434244391,-0.5271321775,-0.4116452001,-0.5357883722,0.8377747062,-0.1051872706
0.3347210035,-0.5449762496,0.7687410079,-0.02026981813,0.8114456755,0.5840762366,-0.9420992433,-0.2110848245,0.2605613413
0.6830199984,-0.5785928298,0.4457735064,0.6024170484,0.1011474187,-0.7917467395,0.413010147,0.8093204167,0.4176398945
-0.8076959634,-0.3404514756,0.4813730607,-0.4838630074,0.8492701601,-0.2112268572,-0.3369032811,-0.4035256967,-0.850683955
0.9381184771,0.07789471153,-0.3374405677,-0.3396162844,0.3976357141,-0.8523770399,0.06778275749,0.9142309625,0.3994837231
0.9754258603,-0.1822141128,-0.1238644752,0.185349837,0.9825702313,0.01418373797,0.1191210688,-0.03679344509,0.9921977693
0.8407433001,-0.06510214375,-0.5375057342,-0.4933245959,-0.5012057296,-0.7109315436,-0.2231177861,0.8628757312,-0.4535018479
0.9906183133,-0.04169734714,-0.1301410335,0.04636146689,0.9983789581,0.03301621342,0.128553381,-0.03873999487,0.9909456297
0.7817285067,-0.5258399144,-0.3352505426,-0.2512463302,0.2264637196,-0.9410576312,0.5707677491,0.8198820453,0.04491779653
0.08956194729,0.5610433463,-0.8229271056,0.6766354423,0.572025817,0.4636280221,0.7308509669,-0.5983450746,-0.3283900667
0.3259380582,0.4318201937,-0.841008741,-0.2794798381,0.8938390147,0.3506320521,0.9031364251,0.1207606566,0.4120211906
0.883781023,-0.06412499265,0.4634858021,-0.1764335768,0.8717721382,0.4570388737,-0.4333616232,-0.4856967412,0.7591418703
0.5770068727,-0.2515101698,-0.7770493571,0.2327628524,0.9625888056,-0.1387236311,0.7828694165,-0.1008237362,0.613962581
0.06638907802,-0.002209844478,-0.9977913644,0.8485792335,-0.5259206627,0.05762587036,-0.5248864398,-0.8505307597,-0.03304015977
-0.5591519072,0.8267940009,-0.06132556276,-0.2354592738,-0.2292909601,-0.944449356,-0.7949264589,-0.5136509862,0.3228847927
0.7739824946,-0.514904309,-0.3685439602,0.6102205314,0.4511335344,0.6512368518,-0.1690621218,-0.7289390144,0.6633746394
0.9985192515,-0.02633981377,-0.04759746422,0.01946901265,0.990038367,-0.1394452916,0.05079627876,0.1383121325,0.9890851794
0.959028038,0.07595198211,-0.2729405039,0.05747172104,0.8912090244,0.4499371914,0.2774206617,-0.4471887424,0.850329351
0.9458958585,-0.303452933,0.1148796865,0.3228872646,0.9152414795,-0.2409913871,-0.032013111,0.2650459427,0.9637042124
0.2352329051,0.9688293309,-0.07768660102,-0.8052381354,0.149502422,-0.573794886,-0.5442949804,0.1975316517,0.8153062129
-0.4477196367,0.2564163269,0.8566199824,-0.733235511,-0.6535866787,-0.1875903486,0.511774181,-0.7120920732,0.4806371468
0.8248105081,-0.5652959145,0.01132054973,-0.3908446575,-0.5845119386,-0.7110458827,0.408568329,0.5820535394,-0.7030544771
-0.2244117427,-0.9744862277,-0.003995222645,0.6548167993,-0.1538296882,0.7399671522,-0.7217023826,0.1634411792,0.672631141
-0.1975603258,-0.7526283238,0.628108688,0.5486595308,0.4460866228,0.7070922459,-0.8123685352,0.4843111925,0.3248076845
0.5648764702,-0.2436238485,-0.7883920305,0.3061476672,0.949108634,-0.07393515174,0.7662820494,-0.1996001535,0.610714008
0.7088398199,0.6322033891,0.312833797,0.6402360095,-0.3905084975,-0.6615141461,-0.2960472291,0.66919503,-0.6815673481
0.9775595187,0.1801578941,-0.1091811366,-0.1671528801,0.9787876784,0.1184676973,0.1282080421,-0.09755928375,0.9869371227
0.7851004772,0.5595901067,0.2654734509,-0.5934750192,0.5570357943,0.5809462328,0.1772135498,-0.613653026,0.7694318173
0.9663377362,0.1716367656,0.1916564642,-0.159997115,0.9842825739,-0.07475786201,-0.2014753156,0.04157686178,0.9786107816
0.9051977253,0.1059585608,-0.4115699958,0.3420470326,-0.7563956453,0.5575566834,-0.2522318488,-0.6454753374,-0.7209304289
0.7093631327,0.4967830036,-0.5000105932,-0.1966845682,-0.5416988112,-0.8172377736,-0.6768449797,0.6780627148,-0.2865516152
0.7787123145,-0.2340326856,-0.5820960688,0.6247409592,0.3742918754,0.6852768243,0.05749665361,-0.8972927583,0.4376754971
0.8308993346,-0.4593536887,0.3140071406,-0.3723026309,-0.0395717381,0.9272673986,-0.4135178917,-0.8873715491,-0.2038987177
0.9604694476,-0.2627334494,-0.09203029272,0.2338128185,0.5819040749,0.7789218276,-0.1510960162,-0.7696484797,0.6203315336
0.2888215075,-0.9004575376,-0.3252051041,0.3245697813,-0.2274717823,0.9181018709,-0.9006867346,-0.3707193159,0.226562563
-0.7204490785,0.2478168206,0.6477190353,0.275672258,0.9593509142,-0.06042044005,-0.63636305,0.1350283187,-0.7594797046
-0.7484565273,-0.333650117,-0.5731408432,0.5112348383,0.2602201321,-0.8190997637,0.4224355179,-0.906070131,-0.02418989279
-0.2572933888,0.5883210128,-0.7666019163,-0.5367835463,0.5726445931,0.6196302078,0.8035319138,0.5709260512,0.1684633717
-0.1522343556,-0.07680816094,0.9853553711,0.8984490621,-0.4261934907,0.1055859428,0.4118421831,0.901365417,0.1338895116
0.9423046163,-0.3225365712,0.08962237639,0.3287732695,0.8412866923,-0.4291210069,0.06300910562,0.4338281475,0.8987897368
0.4380582381,0.8112406679,-0.3872900191,-0.8188154208,0.5378884449,0.2005425829,0.3710071249,0.2292697094,0.8998828333
0.4769621205,-0.1839919153,0.8594498884,-0.3039551902,-0.9520384147,-0.03512974954,0.8246928992,-0.2444786944,-0.5100115587
0.3242195962,-0.9299514869,0.1734124718,-0.3388852558,0.05696925155,0.9391013192,-0.8831978469,-0.3632419804,-0.2966762998
0.999413962,0.03320800707,-0.008304264529,-0.03323542194,0.9994424747,-0.00318534571,0.008193855709,0.003459474712,0.9999604456
-0.2362897146,-0.5901202339,0.7719619682,-0.9345852884,0.3554497464,-0.01434630723,-0.2659276396,-0.7248541835,-0.6355068081
0.9540627793,0.1489456734,0.2599603806,-0.1359689534,0.9884237463,-0.06731226851,-0.2669768845,0.0288735891,0.9632702938
-0.1628550453,0.402819798,0.9006744387,-0.6922164948,-0.6971414265,0.1866283895,0.7030750732,-0.5930683281,0.3923715072
0.999976935,-0.004480230698,-0.005104596098,0.004400439958,0.9998696165,-0.01553660409,0.005173538114,0.01551378327,0.9998662696
-0.6689644432,0.6773443793,-0.3060901265,0.5381106184,0.7254100217,0.4292053853,0.5127607006,0.1224127944,-0.8497597141
0.3387601624,0.9123643474,0.2298539755,-0.4349226914,-0.06478255129,0.8981344407,0.8343163698,-0.4042208786,0.3748622099
-0.546777935,0.8117168149,-0.2053039267,-0.7535581312,-0.3702052456,0.543229435,0.3649438761,0.451734312,0.8140958658
0.4030126522,-0.8136085736,0.419072656,-0.8383509403,-0.5118602723,-0.1875280312,0.3670810578,-0.275753786,-0.8883756787
0.9468616192,-0.07615980584,0.312494413,0.1323513726,0.9777531924,-0.1627323228,-0.2931487478,0.1954440551,0.9358768257
0.08968105324,-0.8738838215,0.4777911419,0.2235674654,-0.4498186487,-0.8646853599,0.9705539125,0.1843644484,0.1550317809
-0.3119888312,0.203186974,0.9281045323,-0.9023060932,-0.3692527927,-0.2224771657,0.2975007284,-0.9068447655,0.2985395919
0.7573200145,0.2135641141,0.6171359371,0.009180318315,0.9414394107,-0.3370572026,-0.6529794158,0.2609256699,0.7110103216
-0.03533516919,-0.9013744445,-0.4315964975,-0.8038735428,0.2822162238,-0.5235850745,0.5937497394,0.3284480383,-0.7345632261
0.7963554841,-0.2582300061,0.5469325433,0.1949865543,0.9656073901,0.1719959647,-0.5725366247,-0.03032543766,0.8193181197
0.8618673345,0.4373577249,0.2567156368,-0.482298135,0.8633557664,0.1483419346,-0.1567584343,-0.2516645406,0.9550349482
0.6693758038,0.7009886519,-0.2460710124,-0.0581312102,0.3796240071,0.9233127182,0.7406462014,-0.6037387872,0.2948604435
0.9849428316,0.04245023416,0.1675875772,-0.04121428559,0.9990914416,-0.01084776402,-0.1678958042,0.003777425149,0.9857975096
0.3357041097,0.9413191025,-0.03494421342,0.5302275948,-0.2194974642,-0.8189502799,-0.7785637087,0.2563965884,-0.5727995644
0.6851221773,-0.420710977,-0.594651054,0.05135971976,-0.7864167467,0.6155573732,-0.7266152912,-0.4522731193,-0.5171839558
0.05802445002,0.007199784297,0.9982891997,-0.7762777538,0.6290833398,0.04058325522,-0.6277149131,-0.7773045187,0.04209124719
-0.02358056022,-0.7675239939,-0.6405863533,-0.633405982,0.5072139293,-0.5844064441,0.7734602893,0.3919705968,-0.4981146776
0.8429127559,-0.5008266173,-0.1966488882,0.4728003599,0.8639022902,-0.1735875937,0.2568227123,0.05334353189,0.9649852652
0.9943466153,0.1043979162,-0.01938772317,-0.1058241873,0.9593327356,-0.2616905497,-0.008720670562,0.2622628024,0.9649570832
0.6896845157,-0.4997869774,-0.5239735166,-0.6072091666,-0.7934066352,-0.04246103129,-0.3945025942,0.3474462381,-0.850675505
-0.632437979,-0.6783245411,-0.3740294368,-0.4785253322,0.7218365188,-0.4999655454,0.6091270057,-0.1372146386,-0.7811123055
0.935118439,0.2103837541,0.2851178373,-0.2321161662,0.9716787572,0.04429986699,-0.2677229734,-0.1076060818,0.957468193
0.06187978965,0.8158017593,0.5750116356,-0.1314029922,-0.564441996,0.8149469227,0.9893958486,-0.1259869936,0.07227124027
0.1520861023,0.982757725,-0.1051526102,0.9850424989,-0.1419951389,0.09761483398,0.08100057269,-0.1184256495,-0.9896536125
0.8723457206,0.254335018,-0.4175244213,-0.1166901071,0.9376621758,0.3273729723,0.4747592682,-0.236861442,0.8476439669
0.9999684165,-0.006457858324,0.004632726433,0.006656174219,0.9990026277,-0.04415252269,-0.004342975144,0.04418196443,0.9990140603
0.6372943798,0.5167508332,0.5716856215,-0.5709250291,0.8148740777,-0.1001241663,-0.51759104,-0.2625810616,0.8143406544
0.7520607422,0.3803543688,-0.5382705586,-0.6505269003,0.2971157408,-0.6989542106,-0.1059216318,0.8758155004,0.470879833
0.2113389657,0.3743909104,0.9028661516,-0.8815601718,0.4719515712,0.01064790883,-0.4221226186,-0.7981811578,0.4297898722
0.7951694061,-0.6053060615,-0.03619651284,0.5801553221,0.7767811526,-0.2450119246,0.176423972,0.173826387,0.9688441409
-0.1242154101,0.2404133477,-0.9626899574,-0.7045442998,-0.7045463365,-0.08503992759,-0.6987044164,0.6676944525,0.2568973659
-0.5205730613,-0.06905885975,-0.8510197188,0.6229971174,0.6508460213,-0.4339055753,0.5838478223,-0.7560623853,-0.2957894352
0.9466454064,-0.1695265865,0.274086138,-0.05689075305,0.7492076394,0.6598873808,-0.3172158836,-0.6402723245,0.6995894751
0.7940421739,-0.4301943825,-0.4294529304,-0.4041097577,0.1541741044,-0.9016238957,0.4540840559,0.8894735178,-0.05142500664
0.2010668587,0.5250947315,-0.8269508095,-0.504572315,0.7791026715,0.3720293084,0.8396302146,0.3424537199,0.421599991
0.5406291689,-0.8406380672,-0.03236883853,0.8245023804,0.5218252859,0.2188474256,-0.1670805984,-0.1450034862,0.9752220581
0.9582452127,0.2542893983,-0.1307784929,-0.2851935886,0.8831012622,-0.3725543956,0.02075401911,0.3942956538,0.9187492629
0.2498916896,0.620248665,0.7435359689,0.8442747219,0.2364014256,-0.480951723,-0.4740826272,0.7479344621,-0.4645855175
0.9471528464,0.3157945593,0.05634964009,-0.3191401059,0.9454042735,0.06603296539,-0.03242033935,-0.08052674123,0.9962250577
0.9632408895,-0.2575402548,-0.07641993172,0.185344253,0.8430384012,-0.5049096572,0.1944594989,0.4721856322,0.8597826656
0.8366457847,-0.5121691704,0.1941818011,0.4653815985,0.8516342073,0.2411206019,-0.2888664029,-0.1113638982,0.9508702769
0.4338836097,-0.5527552534,-0.7114820047,0.4245683353,0.8219479182,-0.3796621505,0.7946614008,-0.137343546,0.5913121075
0.598820109,-0.487325516,0.6355535528,0.115166538,0.8377144506,0.5338269081,-0.7925598688,-0.2464717849,0.5577638512
0.8169473391,-0.01830619823,-0.5764216584,-0.2228221533,0.9118614845,-0.3447592218,0.5319279398,0.410089644,0.7408637869
0.01242456464,-0.2320594889,0.972622241,-0.9973432639,0.06694738428,0.02871344131,-0.07177774145,-0.9703949924,-0.230611176
0.8608463555,0.08728313622,-0.5013234549,-0.1287003813,0.9904945197,-0.04854707244,0.4923207939,0.1063120902,0.8638969703
0.7959170492,0.3042239323,-0.5234155613,-0.3751173777,0.9264266792,-0.03194622071,0.4751873354,0.2217688145,0.8514784725
0.7822980046,-0.1966472363,0.5910496565,0.4787523278,0.796850418,-0.3685452753,-0.398504756,0.5712786324,0.7175198141
0.9061613141,-0.3944381809,-0.1526112525,0.1891986959,0.7007815899,-0.6878292061,0.3782532569,0.5944103673,0.7096483558
0.9377236598,-0.04833887934,0.3440024573,0.1888652797,0.9020689615,-0.3880740842,-0.2915548731,0.4288763708,0.8550209439
0.9625370666,0.2711449012,-0.001684620683,-0.2661539981,0.9435962326,-0.1969471991,-0.05181162711,0.1900173478,0.9804126493
0.8519067936,-0.4628195715,-0.245056849,0.3950954385,0.2608633786,0.8808234171,-0.3437359589,-0.8472002963,0.405089186
0.1051331675,-0.9907670031,-0.08560235222,-0.1020949667,-0.09637787674,0.9900949059,-0.9892035356,-0.09535224425,-0.1112848356
0.999559304,-0.02344180098,0.0182120785,0.02157265203,0.9950692807,0.0968077852,-0.02039162869,-0.09637223956,0.9951364594
-0.006979133759,0.9575581394,0.2881556896,0.09065269432,-0.2863703045,0.9538208101,0.9958581127,0.03277893266,-0.08480660864
-0.06687637285,-0.9497480741,-0.3057877476,-0.6871131303,0.2660594611,-0.6760827681,0.7234660302,0.1648968132,-0.6703774639
-0.09008569463,0.1556727956,0.9836923037,0.837814842,-0.5221779072,0.1593628679,0.5384708517,0.8385083267,-0.0833842192
0.9625110732,0.1864281988,0.1970202038,-0.05776267605,-0.5688206505,0.8204307045,0.265020579,-0.801054052,-0.5367275831
0.6532553772,-0.01739686826,0.7569377525,0.00900786677,0.9998438114,0.0152056277,-0.7570840577,-0.003114763634,0.6533100549
0.9121677133,-0.3777675067,-0.1588765991,-0.07868176692,0.2190313152,-0.9725402113,0.4021930412,0.8996204721,0.170069879
0.6559581627,0.1175201638,-0.7455923148,0.7547913198,-0.09821465127,0.6485706946,0.002992045095,-0.9882018485,-0.1531279018
-0.6020842076,-0.4414210339,0.6653135184,-0.3095463077,0.8971534834,0.3151138058,-0.7359862025,-0.016220297,-0.6768021953
0.9183847504,0.2600350271,-0.2982469361,-0.2027288668,0.9565164345,0.2097076942,0.3398094419,-0.132129085,0.9311667134
0.64978984,-0.6711318386,0.3568686301,0.5741565596,0.7410309762,0.3481628029,-0.4981138513,-0.02133418706,0.866849147
0.9798547255,0.007024678167,0.1995880028,-0.006722953083,0.9999750038,-0.002189436355,-0.199598394,0.0008035087797,0.9798774594
0.228514922,0.002929574851,-0.9735360024,0.7846029176,0.59145747,0.1859470969,0.5763498869,-0.8063308742,0.1328583046
-0.4582447595,-0.7661671284,-0.4505548487,-0.7490997105,0.0600750265,0.6597276824,-0.4783945695,0.6398272599,-0.6014646402
-0.1627526135,-0.7222764311,-0.6721817789,0.8912747399,-0.3998644649,0.2138638534,-0.4232504281,-0.564291739,0.708825725
0.985619453,-0.02512178515,-0.1671023334,0.0354372498,0.9976265071,0.05903857705,0.1652225628,-0.06411121715,0.9841703392
0.8761630921,-0.3094994626,-0.3695244494,0.3214613459,0.9464316377,-0.03049193755,0.3591668681,-0.09207191655,0.928720584
0.8079960345,0.1399908439,0.5723154478,-0.3662911465,-0.6414832174,0.6740401159,0.4614901995,-0.7542558223,-0.4670384892
0.1402531023,-0.1695214316,-0.9754955415,0.1877599195,0.9719103645,-0.1419029809,0.9721498238,-0.163256631,0.1681427741
0.8051787924,0.4408399026,-0.3966702567,0.5895078794,-0.6677994833,0.4544494583,-0.06455673755,-0.599753308,-0.7975765777
0.626714686,0.7589466021,-0.1767166022,0.7613012202,-0.547937017,0.3466777718,0.166280349,-0.3518026158,-0.9211871499
0.7200128777,-0.6934679654,-0.02614645004,0.004309376182,0.0421443881,-0.9991022369,0.6939473216,0.7192538019,0.03333291649
0.8181076101,0.2097792486,0.5354368358,-0.4863681537,0.7492009294,0.4496042554,-0.3068321322,-0.6282440881,0.7149569277
0.4125434734,0.8999198237,-0.1412522336,-0.8522614987,0.4360538334,0.2889764561,0.3216492194,0.001168489383,0.9468581807
0.3132144297,0.5687020751,-0.7605752236,0.005508259474,0.7997718572,0.6002787982,0.9496664573,-0.1922054271,0.2473675276
0.5463401599,0.7583251957,0.3556055781,0.4811686674,0.06334630287,-0.8743362966,-0.6855575419,0.6487912942,-0.3302736946
0.9450949107,0.2872860274,0.155763758,0.066219413,-0.6351046147,0.7695824308,0.3200165608,-0.717013854,-0.6192580512
-0.363716032,0.5332789861,0.7637566177,-0.8405743915,0.165440589,-0.5158140207,-0.4014291226,-0.829604083,0.3880872646
0.9981256212,-0.05957033202,0.01402212183,0.05958799651,0.9982226989,-0.0008449810758,-0.0139468645,0.001678947408,0.9999013282
0.9613985223,0.08469553192,0.2618005886,-0.03388781152,0.9806512758,-0.1928073951,-0.2730650061,0.1764928957,0.9456668336
0.9838239497,-0.08006418963,0.1602503088,0.1016615086,0.9860952572,-0.1314575269,-0.1474970291,0.1456223515,0.9782835771
0.7381772379,-0.2884147065,-0.6098453268,0.2370669569,0.9572478484,-0.1657583018,0.6315802589,-0.02221517042,0.7749921695
0.9761922778,0.1211788045,-0.1799009009,-0.1879902499,0.05891610829,-0.980402243,-0.1082049108,0.9908807141,0.08029388369
0.1422647449,0.7876389661,0.5994877825,0.3103325626,0.5396198294,-0.7826264372,-0.9399225729,0.2973807302,-0.1676611414
0.3143010608,-0.4998803001,0.80705299,-0.3173534967,-0.8565512883,-0.406947968,0.8947075507,-0.1282169104,-0.4278537397
0.9410624817,0.1698757034,0.2924784622,-0.2630130332,0.9112263032,0.3170027898,-0.212662996,-0.3752450796,0.9022004103
0.8369903633,0.09376941792,0.5391237594,0.4126703197,-0.7551771136,-0.5093238011,0.3593749282,0.6487794875,-0.6707718223
-0.5290711685,-0.4627169508,-0.7113204075,0.8168785363,-0.5046893691,-0.279281395,-0.2297676122,-0.7288221073,0.6450001397
0.960500394,-0.2767798063,-0.02884323136,0.1756855143,0.6835073406,-0.7084859317,0.2158091593,0.6754336786,0.7051352726
0.9996567001,-0.02385463208,0.01083690166,0.02362550079,0.9995044497,0.020801218,-0.01132773683,-0.02053804971,0.9997248976
0.9979959721,0.0304491903,0.05546969021,-0.03463566218,0.996494947,0.07614585648,-0.05295668633,-0.07791448751,0.9955525712
0.9916694016,0.1089381809,-0.06873333024,-0.1077513893,0.9939611978,0.02075512832,0.07057928918,-0.01317611385,0.9974191466
-0.1216773884,-0.2233220738,-0.9671203981,-0.3107014057,0.9339625099,-0.1765748187,0.9426872491,0.2790005044,-0.1830286013
0.7111690594,-0.5731685317,-0.4070827965,-0.6922053603,-0.4697113056,-0.547926116,0.1228426155,0.6714529943,-0.7307944774
-0.7113224392,-0.7019169022,0.03651095683,-0.4850387498,0.527806379,0.6972501972,-0.5086824143,0.4782604821,-0.7158974177
-0.6483560431,0.6213301525,0.4399810031,-0.7139292433,-0.6969206444,-0.06787231436,0.2644607287,-0.3581207297,0.8954384769
-0.3757912258,0.5790048791,-0.7235567045,0.1463159441,0.8080627369,0.5706367126,0.9150806517,0.1085723874,-0.3883805319
0.6117402149,-0.762035232,0.212311598,0.1646525951,0.3851683227,0.9080390334,-0.7737334375,-0.5205263379,0.361094031
0.01494494744,-0.1575371131,0.9873999729,0.7390540658,0.6668834123,0.0952134555,-0.6734803162,0.7283190045,0.1263949815
-0.2430204107,0.8293510502,0.5031082543,-0.410256136,0.3821094508,-0.82805934,-0.878994302,-0.4076385693,0.2473859615
-0.5187039888,-0.2781459143,0.8084435802,-0.7838295343,-0.2228884163,-0.5795964243,0.3414050866,-0.9343209321,-0.1024058719
-0.7759066559,-0.5648727156,0.2808695008,0.568450898,-0.4329790605,0.6995660867,-0.2735551826,0.7024585029,0.6570537374
0.9243613963,0.1575327019,-0.3474758363,0.09077187165,0.7938080472,0.6013561769,0.3705623784,-0.5874114674,0.7194659768
0.7424399908,-0.6616468404,0.104911004,-0.2934197236,-0.1803908702,0.9388098848,-0.6022356067,-0.72779296,-0.328069629
0.6266295566,-0.1078157024,0.7718232785,-0.6256800636,-0.6600404324,0.4157776877,0.4646072071,-0.743453026,-0.481058979
0.4968270353,0.6061861892,-0.6210484691,0.03948918365,0.6990857578,0.713946572,0.8669506914,-0.3792326558,0.3233869067
0.003564272286,0.9988120363,0.04859847905,-0.8496702908,0.02865131129,-0.5265353732,-0.5273022785,-0.03941596839,0.8487630344
0.4075092854,0.9050230259,0.1219405794,0.8671945253,-0.3416648251,-0.3622689643,-0.2861989475,0.2533741696,-0.9240626021
0.9747967856,0.08190088202,0.2075174023,-0.2230009898,0.3307582218,0.9169893987,0.006464153566,-0.9401549044,0.3406860292
0.8819821229,-0.3107671221,-0.3543040089,0.4334828807,0.2399349336,0.8686333057,-0.1849327637,-0.9197037694,0.3463305494
-0.2459014781,-0.8469183479,-0.471446471,0.1774273759,0.4388341122,-0.88087692,0.9529176194,-0.3002564469,0.0423565432
0.3996813914,-0.8822606126,-0.2487388124,0.5068601898,0.438807801,-0.7419841385,0.7637719119,0.1704814512,0.622566094
-0.8375313228,-0.5141747328,0.1848394641,-0.5223120259,0.8527371748,0.005427558885,-0.1604101961,-0.09199812439,-0.9827537403
0.9462298276,-0.09512287076,0.3091937142,0.1222802146,0.9900501943,-0.06962874305,-0.2994940109,0.1036930672,0.9484466697
0.1517695349,0.823915454,-0.5460122095,-0.9058424673,0.336977758,0.2567010227,0.3954939099,0.4556416522,0.7974805653
0.6211304262,0.01303931736,0.7835987301,0.4892840962,0.7746086085,-0.4007275594,-0.6122075358,0.6323064762,0.4747530445
-0.9207465076,0.1185105715,-0.3717272026,-0.2630331006,-0.8922315162,0.3670647211,-0.2881656757,0.4357501187,0.8526912556
-0.8084995048,0.1219375861,0.5757254344,0.2178726457,0.9708048137,0.1003470181,-0.5466809499,0.2065653381,-0.8114620756
0.7370654965,0.5321161334,0.4166375815,-0.6432013143,0.741544367,0.190798378,-0.2074283565,-0.4086127412,0.8888245635
0.2727755148,-0.6006990346,-0.7515012897,0.4113065105,0.7789531832,-0.4733485955,0.8697243661,-0.1799794662,0.4595507793
0.4926730338,0.8353784197,-0.2437543385,-0.8191260144,0.3506218995,-0.4539789159,-0.2937785802,0.4233286896,0.8570221505
-0.8595806917,0.2891754016,0.4213058528,-0.5082167558,-0.3978536015,-0.7638247449,-0.05326127647,-0.8706836963,0.4889510584
0.5939918795,0.665641983,-0.4517680794,0.3453754152,-0.7181893294,-0.6040860119,-0.7265600248,0.2027925976,-0.6564950059
0.8803344008,-0.4296429791,-0.201042914,0.3328687609,0.257580218,0.9071112497,-0.3379493021,-0.8654821441,0.369771453
0.3819608432,0.9216524241,-0.06828413801,-0.4442970902,0.247912903,0.8608944698,0.8103739939,-0.2984895338,0.5041805116
0.9978018827,-0.05365071739,-0.03889734471,0.04918386982,0.992945843,-0.1078865134,0.04441114557,0.1057362443,0.9934019815
0.945898255,-0.07318426971,-0.3161021258,-0.08242355149,0.8880742139,-0.4522505376,0.3138197722,0.4538372542,0.8339957418
0.9121268657,-0.3634439558,-0.1895602063,0.2253575439,0.05833650555,0.972528061,-0.3424011656,-0.9297877947,0.1351151312
0.8738602917,-0.08355788779,-0.4789428671,0.1560925377,0.9811858784,0.1136195039,0.460438172,-0.1740469804,0.8704621407
0.8183768799,-0.5550745925,0.1488337303,0.5423735217,0.8316293108,0.1192629547,-0.1899743285,-0.01687857029,0.9816439621
0.5944598641,-0.6892367742,0.4142102596,0.1475202338,0.5998392862,0.7864035932,-0.7904778622,-0.4063809788,0.4582567506
0.04851989024,0.8351647454,0.5478555176,-0.912306563,-0.186240715,0.3647069113,0.4066233581,-0.5175077236,0.7528898994
0.5547305434,-0.5748682347,-0.6014985759,-0.5161617075,-0.8047737283,0.2931148885,-0.6525726901,0.1478707506,-0.7431575373
-0.3747329521,0.7649606321,0.5238420048,0.9257849829,0.2782809499,0.2558942717,0.04997379316,0.5808570774,-0.8124701076
0.9631997238,0.2136370534,-0.1631119294,-0.2003156044,0.9751774993,0.09435307848,0.1792203971,-0.05820699442,0.9820855335
0.9433948176,-0.1509619857,-0.2953247315,0.1246836177,0.9865193471,-0.1059885526,0.3073438036,0.06316689538,0.949499726
-0.5201061363,-0.8274412504,-0.2117323407,-0.3147940935,-0.0447381142,0.9481050468,-0.7939737311,0.559767343,-0.2372050506
0.9978706484,0.03341420832,0.05601481664,-0.03624670129,0.9980742922,0.05033769944,-0.05422495409,-0.05226086511,0.9971601959
-0.8789229563,0.4030435875,-0.2550496098,-0.4761575891,-0.7103741607,0.5183073433,0.02771979863,0.5769960298,0.8162764203
0.9980204847,0.041279684,-0.04744575722,-0.06048293798,0.8367242642,-0.544274122,0.01723155254,0.5460663818,0.8375646723
0.8080837787,-0.3829789452,0.4475798634,0.4930931822,0.8554590547,-0.1582685041,-0.3222727421,0.34859279,0.8801268922
0.997773901,-0.03778467224,-0.05495053233,0.03779147073,0.9992852276,-0.0009157621945,0.05494585698,-0.001162937817,0.9984886581
-0.4336633055,0.4822235335,-0.7611810568,0.4744641335,-0.5959523531,-0.647861543,-0.7660417244,-0.6421068888,0.02964489641
-0.784303146,0.5646902108,-0.2568920803,0.4298700335,0.7932399063,0.4312565423,0.4473033975,0.2278056557,-0.864883954
0.5712843256,0.5659466657,-0.5944229057,-0.29590399,0.8175568746,0.4940056532,0.7655553853,-0.1063255769,0.6345233043
0.5295168214,-0.540060506,0.654176265,0.8142074557,0.5399864628,-0.2132623713,-0.2380717433,0.6455612053,0.7256532059
0.9999518425,0.008741222694,0.004461362328,-0.008742353088,0.9999617575,0.0002339350839,-0.004459146836,-0.0002729266228,0.9999900207
-0.08566767724,0.8425848854,0.5317064604,-0.879214125,-0.3149655357,0.3574622129,0.4686614679,-0.4368608728,0.7677948986
0.6937977154,0.4067157246,0.5943290751,-0.3875059045,0.9064406142,-0.1679422127,-0.6070287506,-0.1137881023,0.786491172
0.9617837793,-0.2445694432,-0.1231168115,0.2498618312,0.9678375413,0.0293182359,0.1119867275,-0.0589599957,0.9919590172
0.9999692776,-0.003650025974,0.006936939713,0.004941022871,0.9805254804,-0.1963297443,-0.006085237479,0.1963579881,0.9805133912
0.6950599224,0.6968349587,0.176954075,-0.6925962952,0.5829516901,0.4248266691,0.1928783973,-0.4178377285,0.8878116673
0.9999999862,-7.977960605e-05,0.0001455197297,7.978268388e-05,0.9999999966,-2.114485998e-05,-0.0001455180422,2.115646965e-05,0.9999999892
0.762948595,-0.5585706776,-0.3254354613,0.4813830273,0.1548800123,0.8627181248,-0.4314855993,-0.8148686887,0.3870519316
0.9900233979,-0.1059937788,0.09283851866,0.1408407098,0.7640103478,-0.6296444099,-0.00419119864,0.636438141,0.7713163596
0.2752893765,-0.4074969526,-0.8707249811,-0.921666709,0.1457039821,-0.359584242,0.2733975799,0.9015079496,-0.3354656169
-0.7307680288,-0.6585214798,0.1797986338,0.4094151553,-0.2120520737,0.8873630309,-0.5462209431,0.7220688185,0.4245695499
-0.1406271891,0.1208222355,0.9826626996,-0.9134249414,-0.3987241761,-0.08169398884,0.3819409249,-0.9090770148,0.1664335035
-0.2837483463,-0.6981933425,0.657276907,0.7228516413,0.2946395466,0.6250384327,-0.6300574424,0.6524673126,0.4210867194
-0.08131507045,-0.9034808761,-0.4208445864,0.3639105409,0.3661782437,-0.8564359941,0.9278776738,-0.2227909342,0.2990104046
0.7466006874,-0.3832675385,-0.5437769832,0.4125630495,0.9079584382,-0.07350649358,0.5218995532,-0.1694622918,0.8360044186
-0.2626050058,-0.613097613,0.7450838395,-0.9414282329,-0.006494706615,-0.3371508579,0.2115454872,-0.7899804654,-0.57548186
-0.9414075756,0.2791175992,0.1893281343,-0.3247747976,-0.9016086458,-0.2856977085,0.09095662429,-0.3304469936,0.9394315712
0.1351951913,0.06790131009,0.9884895914,0.7785148086,0.6098373814,-0.1483679918,-0.612892285,0.7896124241,0.02958490602
0.8895491102,0.4529518696,-0.05947255069,-0.4480332059,0.8904153314,0.08016722539,0.08926716555,-0.04466700647,0.995005644
-0.922509219,0.0927926099,0.374654871,-0.1933507295,0.728998578,-0.6566403647,-0.3340542415,-0.6781965827,-0.6545663901
0.9705286959,0.1507216075,-0.1880346974,-0.09647233445,0.9580212325,0.2699785302,0.2208328306,-0.2438817646,0.9443275628
0.9474793419,0.2576219529,0.1895094352,0.1675469025,0.1048932889,-0.9802680416,-0.2724168352,0.9605354378,0.05622046406
0.8924684203,0.4390783767,-0.1034905692,-0.291848239,0.7369222081,0.6097296652,0.3439836104,-0.5139609307,0.78582405
0.6402163458,-0.4967409777,0.5859790369,0.3570982971,0.8678166088,0.3455070763,-0.6801498635,-0.01194716168,0.7329757353
0.9879173638,-0.127364366,-0.08830402339,0.1053416146,0.9697534295,-0.2201849907,0.1136768513,0.2082224872,0.9714530196
0.8998002198,-0.4225005677,0.1088707245,0.1144281259,-0.01227194807,-0.9933557285,0.4210294151,0.9062795758,0.03730364659
0.8137708424,0.5072937287,-0.2836019902,-0.4059141104,0.1468625771,-0.9020338787,-0.4159456106,0.8491669189,0.3254301657
-0.2108225653,0.7151747622,-0.6663924561,0.8078581278,0.5112997523,0.2931515116,0.5503808603,-0.4765476083,-0.6855532698
-0.4714505468,-0.4248924779,0.7727876579,0.8681229668,-0.06935215804,0.4914802058,-0.1552317507,0.902583326,0.4015550313
-0.5653082403,0.1444231973,-0.8121382478,-0.4239329989,-0.8954470498,0.1358506289,-0.7076068159,0.4210896829,0.5674293551
-0.6491509572,0.1137397261,0.7521079108,0.1570119527,0.9875000135,-0.01381918942,-0.7442783629,0.1091191917,-0.6588950755
-0.4572641025,0.1251614983,0.8804794943,-0.8307372396,0.2933058363,-0.4731250629,-0.3174668162,-0.9477902119,-0.03014191239
0.7845899137,-0.5431389082,-0.2990297539,0.4977488065,0.8393381428,-0.2185351407,0.3696820159,0.02261876407,0.9288829843
-0.9366161931,-0.218309383,0.2740275901,-0.349939817,0.5447530136,-0.762093353,0.01709477421,-0.8096821397,-0.5866196393
0.7269317307,0.061981696,0.6839068125,-0.05580978587,0.9979562301,-0.03112282997,-0.6844381102,-0.01554452011,0.7289052348
0.851933767,0.4352125204,-0.2912025391,-0.479063684,0.8723108475,-0.09783543288,0.2114399284,0.2228538701,0.9516455797
-0.4230701815,-0.1246057191,0.8974881817,-0.6122441063,-0.6908664148,-0.3845266586,0.6679586632,-0.712163613,0.2159958624
0.99794622,0.04666841717,-0.04387938904,-0.04490924571,0.9981796118,0.04025695368,0.04567823983,-0.03820368449,0.9982254139
0.8366101887,0.4653002605,-0.2891004319,-0.3771176043,0.8719867224,0.3121241236,0.397323174,-0.1521013597,0.9049858959
0.4733379322,-0.05651649516,0.8790660315,0.4414953175,-0.848329237,-0.292265958,0.7622552634,0.5264441009,-0.3765946389
0.559536526,-0.260157358,0.7869161487,0.8210842084,0.3032997227,-0.483559718,-0.1128698311,0.9166937478,0.3833183715
0.1872577832,0.06751066127,-0.9799881802,0.9555242901,0.2188686953,0.1976608847,0.2278329514,-0.9734160492,-0.02352321
0.687803316,-0.5035436505,-0.5228483437,0.07462738346,-0.6674111556,0.7409406879,-0.7220507961,-0.5486402659,-0.4214694609
0.6192288608,0.5883081031,-0.5200472996,-0.7540065646,0.6303640862,-0.1847030572,0.2191568355,0.5064925415,0.8339278068
0.9864892127,0.163392712,0.01191028828,-0.1637787209,0.9853441603,0.04768035691,-0.003945110176,-0.04898680953,0.9987916342
0.2002418609,0.5210243115,-0.8297209554,-0.9787229544,0.1450768125,-0.1451002998,0.04477248768,0.8411220989,0.5389889044
0.9999854973,-0.0004349645094,-0.005368046235,0.0004378869821,0.9999997566,0.0005432568859,0.005367808631,-0.0005455996048,0.9999854444
0.8713367447,-0.4637013547,0.1604784438,0.1459688001,-0.06729309502,-0.9869978464,0.4684713296,0.8834323364,0.009050983998
0.5294283713,0.4265988141,0.7332932916,-0.7896345795,0.5637869308,0.2421188293,-0.3101335688,-0.7072183174,0.6353419717
0.924506307,-0.1022196806,0.3672046095,0.1936442747,0.9557443739,-0.2214827007,-0.3283138486,0.2758692239,0.9033859574
0.9314129114,-0.3638587579,0.0087631473,0.3602854957,0.9183167792,-0.163977604,0.05161734212,0.1558880924,0.9864251379
0.6339557647,0.4640877787,0.6186457969,-0.6855638868,0.707444055,0.171828595,-0.3579137402,-0.5330529454,0.7666500583
0.6885350864,-0.4901925317,0.5344443064,-0.04253542986,0.7083918574,0.704536524,-0.7239545372,-0.5078309347,0.4669020987
0.7335879543,0.6793499677,0.01823004877,-0.5835414085,0.6159278706,0.5292563488,0.3483218884,-0.3988940706,0.8482661036
-0.6516655186,-0.6024748264,0.4608211534,-0.5128320194,0.7975968512,0.3175572119,-0.558869727,-0.02938275754,-0.8287347475
-0.1975044633,0.2492569684,-0.948083831,-0.09560169334,0.9576269684,0.2716816253,0.9756291833,0.1442967533,-0.1653062122
0.9823108431,-0.1857834247,-0.02345051566,0.1860004113,0.9825216553,0.007419151696,0.02166228405,-0.01164971872,0.999697469
0.8097170702,0.03414935286,0.5858259878,-0.3574727132,0.8204010136,0.4462683455,-0.465372459,-0.5707679025,0.6765001669
-0.2378169907,-0.1887633805,-0.9527914069,-0.8537618917,-0.4271434396,0.2977232177,-0.4631778398,0.8842606336,-0.05957701342
-0.1046273133,0.8374849917,0.5363506447,-0.1257230693,0.5238456064,-0.8424841188,-0.9865327339,-0.1555784991,0.05048262526
0.07839430875,-0.9942272525,-0.07325641753,0.4593334755,0.1012405643,-0.8824755557,0.8847977682,0.0355319363,0.4646185434
0.9112370039,-0.05815595563,0.4077560637,0.2693537795,0.8330916895,-0.4831219085,-0.3116017717,0.5500691973,0.7748085015
0.6155012276,-0.1523297631,0.7732747779,0.5626957496,-0.6020512919,-0.566487189,0.5518439383,0.783791991,-0.284847999
