0.8986970624,-0.03317073641,0.437313723,0.07233709237,0.9946899233,-0.07320725026,-0.4325632152,0.09742514393,0.8963243867
0.8904691916,-0.1710523798,0.4216701344,-0.2129897825,0.6622076868,0.7184123691,-0.4021193497,-0.7295355117,0.5532431344
0.7480195859,-0.1602960094,-0.6440278631,0.6254338075,-0.1543906599,0.7648503622,-0.2220343477,-0.9749198498,-0.01523269397
-0.06561444499,-0.9873324804,0.144462167,0.7810877253,0.03927351742,0.6231850097,-0.6209643388,0.153727564,0.7686163712
0.9852388066,-0.02198065471,-0.1697685034,-0.05444681315,0.8999869728,-0.4325031714,0.1622961443,0.4353622624,0.8855053145
-0.4632639133,0.7097733899,0.5306677696,-0.8841829715,-0.4107549564,-0.2224878396,0.06005846845,-0.5722779926,0.8178574934
-0.921200183,0.1954840719,0.3364167066,0.3887096962,0.4242065924,0.8178957997,0.01717541661,0.8842141961,-0.4667657447
-0.1683572757,0.3703405327,0.9135117501,0.1750936252,-0.9007670591,0.3974429866,0.97005054,0.2268625025,0.08680642168
0.1531680632,0.105517895,0.9825505169,-0.6080732448,0.7938235904,0.00954129765,-0.7789650014,-0.598924103,0.1857510306
0.7698315223,0.6335944378,0.07692539037,-0.6100976246,0.7659134177,-0.2028731748,-0.1874575038,0.1092461671,0.9761787537
0.4097169076,0.8011825294,-0.4361635132,-0.9084977718,0.4014902808,-0.1159195976,0.082242655,0.443747799,0.892369899
-0.7794895024,0.5308952217,0.3324851564,-0.573540741,-0.3914362194,-0.7196031577,-0.2518871453,-0.7516168903,0.6096104627
0.6630779258,-0.5687055973,-0.4867253927,-0.3442896329,0.3456615238,-0.8729162386,0.6646745918,0.7463859957,0.03340108488
-0.3639150987,-0.7481337947,0.5548527969,0.9096485709,-0.1573850185,0.3844078998,-0.2002630231,0.6446128925,0.7378136217
0.6639473937,-0.2198235044,-0.7147387532,0.1179529087,-0.9130621821,0.3903902701,-0.7384178829,-0.3435041172,-0.5802964343
-0.5914366553,0.665032185,-0.4559987672,-0.3564892649,-0.7228910735,-0.5918985554,-0.723269028,-0.1875118366,0.6646211134
0.9978315521,0.006648890047,-0.06548271404,-0.01504530282,0.9915850637,-0.1285795485,0.06407676989,0.1292859377,0.9895348977
0.4000599717,0.9125054855,0.08535665204,0.352942777,-0.2393459933,0.9045136216,0.8458034141,-0.33173368,-0.4178149713
0.606373711,0.6373850577,-0.4754484312,-0.5562504161,-0.08726956133,-0.8264196865,-0.5682397356,0.7655875599,0.3016277358
0.7452648037,-0.6514774209,0.1419772604,-0.003404774611,0.2092122243,0.9778643325,-0.6667599118,-0.7292512703,0.1537003735
-0.2104007185,0.8023409348,-0.5585522017,-0.01152261815,-0.5733371312,-0.8192385265,-0.9775473221,-0.1659323908,0.1298756126
0.9280075732,-0.2295680754,-0.2934287696,0.3725582786,0.5686358259,0.7333850466,-0.001507682965,-0.7899061946,0.6132258398
0.5466724004,0.5929718166,0.5912137611,-0.4870838773,0.7995016968,-0.3514915837,-0.681101008,-0.09581994326,0.7258925233
-0.2276665053,0.07844616445,0.9705741402,-0.9641954671,-0.1573717512,-0.2134507747,0.1359965575,-0.9844187784,0.1114657128
0.9519402158,0.1558389733,0.2636741169,0.05994386428,0.7494386674,-0.6593545458,-0.3003607143,0.643471754,0.7040792165
-0.8983644408,0.4129340514,0.1497558034,0.2180383866,0.7151847479,-0.6640557494,-0.3813142975,-0.5639115583,-0.7325320205
-0.6366871548,-0.7610539639,-0.1242027813,0.5787609646,-0.3651855217,-0.7291606686,0.5095735596,-0.536130953,0.6729772571
0.8498674651,0.5075766358,0.1417436085,-0.4631388174,0.8476978289,-0.2586712715,-0.2514512429,0.1541893305,0.9555092479
0.4834613181,-0.2422180367,0.8411870045,-0.3405858214,0.833186778,0.4356616706,-0.8063910045,-0.4971219324,0.3203175489
0.3921743696,0.8936928795,0.2179731658,-0.6915529443,0.4426837021,-0.5707763705,-0.6065919461,0.07310387867,0.7916451439
-0.3591460792,-0.281700842,0.8897520606,0.7571723679,-0.6453091351,0.10132189,0.545622671,0.7100850341,0.4450563393
-0.9991486426,0.01659741655,-0.03776924462,0.02440683708,-0.5002958449,-0.8655104701,-0.03326103395,-0.8656954392,0.4994648238
0.3347193371,-0.3560527934,-0.8724616746,-0.4146223723,0.7757774703,-0.4756654338,0.8461981173,0.520956548,0.1120402667
0.8371149785,-0.402202452,0.3707717632,0.3967021861,-0.02033820273,-0.9177220348,0.376650884,0.9153248304,0.1425291778
0.9800438365,-0.1638244821,0.1125860451,0.1185220489,0.9362764376,0.3306644164,-0.159582588,-0.3107216945,0.9370087652
-0.1103431581,-0.6101732234,0.7845463816,0.9794260554,-0.2009503803,-0.01853501289,0.1689644623,0.7663599559,0.6197930529
-0.6703340303,-0.6419828692,-0.3721696971,0.2896719182,-0.6881279382,0.6652594385,-0.6831855294,0.3381389306,0.6472399834
-0.9670829367,0.13271352,0.217112218,-0.2541675189,-0.5447897223,-0.7991264173,0.01222562521,-0.8280043962,0.5605883107
0.9945408124,-0.07818348626,0.06910799524,0.08857713633,0.9826341951,-0.1630464028,-0.05516034309,0.1682776902,0.98419508
-0.3617649348,0.005716964792,-0.9322518159,0.03178718013,0.999475393,-0.006205964326,0.9317272708,-0.03187875668,-0.3617568765
0.3997054339,-0.8524162178,0.33707886,0.9046965455,0.307676735,-0.2947188276,0.1475117852,0.422754797,0.8941580704
0.9082793091,-0.4142520868,-0.05851414515,0.41748758,0.9065168907,0.06269966066,0.02707059565,-0.08137773332,0.9963156364
0.4840217274,0.3506769399,0.8017160664,-0.454638464,-0.682047806,0.572812934,0.747680971,-0.6417448668,-0.1706947319
-0.760653187,0.5275656208,0.3782608161,0.01982246325,0.6012987861,-0.7987783421,-0.6488557614,-0.6000952304,-0.4678374881
-0.2999281598,-0.948214406,-0.1045587837,0.8801485169,-0.2327793868,-0.4137056264,0.3679425052,-0.2161092256,0.9043865962
-0.1459678113,0.248930647,-0.9574585793,0.1281399081,0.9644289737,0.2312075229,0.9809554332,-0.08893979828,-0.1726735367
0.7849003816,0.6180859529,0.04360213042,0.6003649961,-0.7760285866,0.1932394997,0.15327512,-0.1254965642,-0.9801823045
0.9897470693,-0.08630212405,0.1138098513,0.06737801468,0.9846940132,0.1607417294,-0.1259402319,-0.1514253737,0.9804128794
-0.5771683589,0.5138048294,0.6347292988,0.07314036377,0.8066598944,-0.5864727631,-0.8133432072,-0.2920691905,-0.5031584396
0.003100027774,-0.4120326805,0.9111637943,-0.6175767373,-0.7174301779,-0.3223242364,0.7865045222,-0.5617143491,-0.2566858519
0.8057946414,0.5921260302,0.009042136577,-0.5771642322,0.7886690412,-0.2118551214,-0.1325761852,0.1654929238,0.9772592529
-0.5243290189,0.1410354486,-0.839754775,0.6938703443,0.6424108992,-0.3253493229,0.4935818324,-0.7532710261,-0.4346949918
0.8915590858,0.1700321107,-0.4197755088,-0.2525918664,0.9559927071,-0.149249097,0.3759251861,0.2390962677,0.8952727122
-0.04884424471,0.9430230394,-0.3291227535,-0.5455195358,-0.3012142474,-0.7820987234,-0.8366735778,0.1413418703,0.5291500732
0.9251971596,-0.2036312231,-0.3202257653,0.2081520566,0.9778828558,-0.02044117334,0.317305747,-0.04774353613,0.9471206986
0.971118596,0.1884614836,-0.1463247812,-0.1944617271,0.9805184855,-0.02771527031,0.1382508919,0.05536938406,0.9888482807
0.03708528917,-0.8984327162,0.4375423817,0.9948124076,0.07469502396,0.06905741869,-0.09472568294,0.4327115759,0.8965421
-0.8521741144,-0.3723869163,-0.367596604,0.5112332662,-0.4427859902,-0.7366010551,0.1115339691,-0.8156399643,0.5677073386
-0.7380553202,-0.01445445235,-0.6745853638,0.2885404405,-0.910506722,-0.2961788706,-0.609933405,-0.4132415492,0.6761750243
0.8074103982,0.2047196206,-0.5533338285,-0.1705193388,0.9788164829,0.1133201127,0.5648111223,0.002858281251,0.8252152606
0.9237613033,0.3774250768,0.06492584983,-0.3787770282,0.9254394008,0.009480418488,-0.05650679189,-0.03335006419,0.997845056
0.1362202145,0.4702945084,-0.871932984,0.1281746002,0.8643729848,0.4862413136,0.9823519354,-0.1779955577,0.05746526279
-0.3096815892,0.7986292564,-0.5160316115,-0.6868197898,0.1874281724,0.7022458661,0.6575529557,0.5718933388,0.4904713238
0.9424466223,-0.3108028987,0.1232717414,0.2309965905,0.8717905618,0.431997444,-0.2417331985,-0.37865918,0.8934104802
0.4612916558,-0.8700060683,-0.1740673702,0.8807945765,0.4254163765,0.2078985825,-0.1068219185,-0.249219477,0.9625376512
0.2903246709,-0.7952406328,-0.532263019,0.005387362944,0.5575699314,-0.8301124911,0.9569130377,0.2381346417,0.1661605568
-0.4804545636,0.1115396452,0.869897879,0.6266173452,0.7376274979,0.2515082046,-0.61360746,0.6659313642,-0.424289174
-0.4974900453,-0.05844259213,-0.8654987685,-0.2277774594,0.971519451,0.06532522706,0.8370311128,0.2296397607,-0.4966331609
0.5781839335,0.7137290271,0.3953406315,0.02975255372,-0.5026628326,0.8639704059,0.8153637989,-0.4877714144,-0.311866835
0.1834572294,0.1718032525,-0.9678982836,-0.7700748473,-0.5868719815,-0.250131979,-0.6110058711,0.7912426428,0.0246354557
0.3562578795,-0.4466524852,0.8207203426,-0.2604155381,0.796086599,0.5462873551,-0.8973650711,-0.4083475044,0.1672968764
0.5713757389,-0.820394358,-0.02197413102,0.8143555733,0.570083227,-0.1087663299,0.1017583669,0.04425168607,0.9938244428
-0.773121782,-0.2097203205,0.5985817382,-0.4521245775,0.8441057533,-0.288216661,-0.4448213985,-0.4934600941,-0.7474162555
0.8934746226,-0.1318313211,-0.4293292461,-0.3901922528,0.2454822375,-0.8874054749,0.2223805401,0.9603952175,0.1678925894
0.9185325142,-0.2777256721,-0.2813653701,0.2840199843,0.9586294912,-0.01903016517,0.275010307,-0.06243356254,0.9594119977
0.8588403236,0.05278449818,-0.509516531,-0.3532738178,-0.6592436274,-0.6637736432,-0.3709324848,0.7500744206,-0.5475376291
0.7283084682,-0.523523429,0.4421425047,0.07103503444,0.6994325763,0.7111596832,-0.6815576271,-0.4865360114,0.5465911731
0.7986456427,-0.5806152377,-0.1582753397,-0.101699978,0.1290061275,-0.9864149905,0.5931460628,0.8038926327,0.04398162474
0.01806166179,0.3866328379,-0.9220568448,0.754650303,0.5996830563,0.2662389004,0.6558785684,-0.7006391943,-0.2809413158
0.4645622871,0.3836084552,-0.7981393578,-0.3967862472,0.8959335527,0.1996590672,0.7916707368,0.2239366477,0.5684274996
0.9745271454,0.1091846501,0.195896797,-0.1079255925,0.9940115003,-0.01712319081,-0.1965932587,-0.004455263629,0.980475008
0.532066638,-0.2630092025,-0.8048175272,0.2621900702,0.9549894288,-0.1387499838,0.8050847531,-0.1371909266,0.577076416
0.1179065843,0.02536874489,-0.9927005914,0.8070745214,-0.5848793957,0.08091235623,-0.578557477,-0.8107234543,-0.08943559939
-0.3682773354,0.9212012938,-0.1255387614,-0.2873061858,-0.2411848655,-0.926976276,-0.884209794,-0.3053162902,0.3534897497
0.8603380014,-0.3414200366,-0.3784849824,0.50649023,0.4891030577,0.710102701,-0.05732512799,-0.8026272843,0.59371986
0.9945465078,-0.08410817672,-0.06166894163,0.07526051601,0.9881282666,-0.1339342508,0.07220179003,0.128562605,0.9890695416
0.9668233446,-0.04434601178,-0.2515671909,0.09800811456,0.9738432747,0.2049967947,0.2358962267,-0.2228513127,0.945880681
0.9402258795,-0.2910188223,0.1768709715,0.3336826397,0.8910515158,-0.3077061784,-0.06805285764,0.3483320849,0.9348976239
0.1439951803,0.8479033156,-0.5102208889,-0.9658855231,0.008277800749,-0.2588370806,-0.215245312,0.5300862622,0.8201695009
-0.4881388684,0.3603548355,0.7948992626,-0.6575013388,-0.7507803615,-0.06341008007,0.5739446268,-0.5536002541,0.6034188628
0.6457079275,-0.7609221427,0.06370843831,-0.4897262476,-0.4766960118,-0.7300199413,0.5858578964,0.4401799689,-0.6804499395
-0.3370101722,-0.920995618,0.1954257287,0.6879196764,-0.09916290693,0.7189806929,-0.6427990842,0.3767410112,0.6669899158
-0.3255407763,-0.7002695141,0.6353312606,0.5752808028,0.3865642251,0.7208467922,-0.7503833693,0.6001589019,0.2770091904
0.6916806309,-0.5329715843,-0.4873594107,0.7103102602,0.6240037622,0.3256971584,0.1305267753,-0.5714548058,0.8101865007
0.7413433028,0.650152162,0.1664700385,0.6072262622,-0.5441618821,-0.5789335994,-0.2858082818,0.5302735259,-0.7982002341
0.9809961894,0.006582660578,-0.1939153036,0.006474906989,0.9977570262,0.06662576232,0.1939189314,-0.0666152025,0.9787532186
0.7436016758,0.6033529676,0.2881349411,-0.6434021598,0.5284596068,0.5538628934,0.1819071427,-0.5972400191,0.7811620517
0.9700330739,0.2394516095,0.04121604391,-0.2298567701,0.9593496191,-0.163750339,-0.07875087827,0.149369458,0.9856404335
0.8760472875,0.1262451319,-0.4654066144,0.3805796835,-0.7737015086,0.5065027937,-0.2961422877,-0.6208447006,-0.7258454403
0.794760724,0.4814728874,-0.3695121788,-0.2018921665,-0.3644264924,-0.9090835411,-0.5723591046,0.7971055077,-0.1924262586
0.7799616573,-0.1940632491,-0.5949783766,0.6072047685,0.4648584886,0.6443670963,0.1515327766,-0.8638553356,0.4804079274
0.6501118071,-0.4433121432,0.6171134271,-0.6094806254,0.1807566393,0.771919947,-0.4537488353,-0.8779529492,-0.1526781369
0.990219346,-0.1159171752,-0.07764570408,0.1367903627,0.6970807283,0.7038230281,-0.02745985332,-0.7075603626,0.7061191753
-0.2633165792,-0.4315423989,-0.8628067785,0.2976356736,-0.887079951,0.3528486449,-0.9176477455,-0.1638911786,0.3620252708
-0.9197143356,0.2712914466,0.2837719012,0.2980396679,0.9529736946,0.05489529766,-0.2555345324,0.1350632754,-0.957319181
-0.562157499,-0.5340557892,-0.6314771258,0.5560239521,0.3211692799,-0.7666078909,0.6122224359,-0.7820707818,0.1164000914
-0.3975450364,0.5940078863,-0.6993658378,-0.6050107628,0.4033467017,0.6864935653,0.6898694956,0.6960359684,0.1990326851
-0.2152364483,-0.1840369184,0.9590639624,0.924514027,-0.35473692,0.1394113753,0.3145585562,0.9166744953,0.2464970272
0.9072447882,-0.419226237,-0.03400377214,0.3728296866,0.8389871197,-0.3963567053,0.1946918569,0.3469149395,0.9174666782
0.3910538739,0.8642198933,-0.3165451685,-0.8604708071,0.4653474332,0.207465073,0.3265989249,0.1912478562,0.9256119056
0.5587618976,-0.2126925843,0.8015902983,-0.3053043485,-0.9514296941,-0.03963321843,0.771086504,-0.2225834714,-0.5965586322
0.3031822614,-0.9379702671,0.1682031341,-0.3736336253,0.04536969045,0.9264661382,-0.8766290153,-0.3437344457,-0.336701946
0.9891133922,0.0343994982,-0.1430782023,-0.04113253419,0.9981680681,-0.04436916075,0.1412898159,0.04977130014,0.9887163423
-0.204549987,-0.5321092801,0.8215954094,-0.9639691809,0.2553305681,-0.07463055158,-0.1700668136,-0.8072583322,-0.5651648113
0.9631580914,0.1769886301,0.2024883104,-0.186636023,0.9819882208,0.029430073,-0.1936323474,-0.0661374259,0.9788423545
-0.154281725,0.3355981453,0.9292852276,-0.6406640072,-0.7499959674,0.1644861049,0.752161405,-0.5699823977,0.3307163242
0.9513004826,0.2746706361,0.1399408214,-0.2832211239,0.9579994196,0.04497673919,-0.1217094362,-0.08242059042,0.9891378364
-0.5431854284,0.7817140994,-0.3063864506,0.6879158497,0.6235715218,0.3713897426,0.4813744635,-0.009034599061,-0.8764684831
0.2905717292,0.9568480776,0.003134754482,-0.2492658413,0.07253223212,0.96571508,0.923815247,-0.2813908879,0.2595853572
-0.632969184,0.7392951004,-0.2297667659,-0.6885492816,-0.401920999,0.6036218993,0.3539066246,0.5402798026,0.763444717
0.3385997325,-0.7124209392,0.6146597649,-0.8163361653,-0.5472753342,-0.1846211626,0.4679161103,-0.4392563192,-0.7668822594
0.9706920418,-0.08048898126,0.22644753,0.111643061,0.9854304729,-0.1283067028,-0.2128210208,0.1498275907,0.9655355541
0.1935132557,-0.8141476598,0.5474634306,0.1938675047,-0.5152766136,-0.834808602,0.9617525724,0.2676818997,0.05812392022
-0.3903090143,0.04915634652,0.9193707233,-0.911919567,-0.1580966426,-0.3786926918,0.1267342755,-0.9861993233,0.106533179
0.720081025,0.3415965584,0.6039827057,-0.1237407609,0.9196937637,-0.3726279715,-0.6827675604,0.1935850521,0.7045234461
0.01061832271,-0.9160249249,-0.4009807828,-0.716095676,0.2729186164,-0.6424347528,0.6979213666,0.2939621842,-0.6530635499
0.7083432832,-0.1927839601,0.6790317651,0.2746062411,0.9614621145,-0.01349128713,-0.6502624129,0.1960228232,0.7339849094
0.8696009632,0.4197475782,0.2600117987,-0.4714896284,0.8622751305,0.1848759846,-0.1466004609,-0.2833612006,0.9477419136
0.3323819306,0.8412434959,-0.4264172052,-0.3521286981,0.5301177001,0.7713498583,0.8749443595,-0.1062290198,0.4724275216
0.9680264232,-0.1931748253,0.1600260316,0.2075003263,0.9751119618,-0.07810426678,-0.1409555195,0.1088124478,0.9840179839
0.2871393996,0.766821193,0.5740524567,0.917646372,-0.04832716803,-0.3944485021,-0.2747291415,0.6400388603,-0.7175473198
0.5126913652,-0.5900374165,-0.6237013798,0.01396602192,-0.7206121375,0.6931977334,-0.8584593842,-0.3641071194,-0.3612111451
0.1113794421,-0.2038305874,0.9726498401,-0.7512424081,0.6234469276,0.2166766549,-0.6505608843,-0.754829133,-0.08368701033
-0.1289704688,-0.8245604683,-0.5508780739,-0.7027060837,0.4679579873,-0.5359286165,0.6996933457,0.317986409,-0.6397764185
0.8146636166,-0.5527662678,-0.1754213356,0.5413416989,0.8333275446,-0.111867638,0.2080200876,-0.003828389267,0.9781170618
0.9798144315,0.1671680899,-0.1096289632,-0.1825056032,0.9718038867,-0.1492947108,0.08158054087,0.1662890122,0.9826965858
0.7354779782,-0.5073624307,-0.4490606947,-0.593691815,-0.8019582143,-0.06628009804,-0.3264998811,0.3153512113,-0.8910395284
-0.6467135589,-0.6292128518,-0.4311064368,-0.4826155806,0.7752498147,-0.4075167802,0.5906299807,-0.0554879439,-0.8050324925
0.9226111669,0.2254670449,0.3129748335,-0.2617943166,0.9619028208,0.07878260725,-0.2832884935,-0.1546207458,0.9464882748
0.09976147509,0.8917153257,0.4414650903,-0.1847836525,-0.4193570794,0.8888164275,0.9777027411,-0.1702451697,0.122938734
0.06886511755,0.9842765944,-0.1626566363,0.9946636948,-0.05518660877,0.08716979064,0.07682271651,-0.1677916087,-0.9828246264
0.73362144,0.5136786401,-0.4448975584,-0.3997211111,0.8556388615,0.3287935096,0.5495658432,-0.0633750216,0.8330432105
0.997208259,-0.0302195706,0.06828225109,0.0181933454,0.9852195131,0.1703276643,-0.07242023504,-0.168609871,0.9830188304
0.6275352167,0.5679934933,0.5325250636,-0.6258866254,0.7748324095,-0.08888570922,-0.4631041827,-0.2775214022,0.8417341548
0.7439470387,0.4133279176,-0.5250741244,-0.6365657757,0.1993042946,-0.7450247052,-0.203289982,0.8885031405,0.4113822462
0.2208993822,0.1660823609,0.9610515659,-0.9473464177,0.2707538519,0.1709594003,-0.2318150726,-0.9482135841,0.2171468883
0.7270531312,-0.6721516431,-0.1400211165,0.6096302579,0.7258097802,-0.3186708516,0.3158238323,0.1463295312,0.9374662529
-0.1726530141,0.3733919476,-0.9114655178,-0.7545929295,-0.6448937121,-0.1212501991,-0.6330722293,0.6668512229,0.3931017668
-0.5224064539,0.103128778,-0.8464372109,0.5625740227,0.7876460467,-0.2512452468,0.6407823077,-0.6074357252,-0.4694889497
0.94525478,-0.2268310709,0.2346083249,-0.03542709294,0.6433448117,0.764756415,-0.3244045652,-0.7312011478,0.600088793
0.7039065514,-0.5075586421,-0.4968901203,-0.4825052416,0.1716869787,-0.8589017832,0.5212525863,0.8443386798,-0.1240481162
0.1560916026,0.6404923925,-0.7519341107,-0.5596856733,0.6846131559,0.4669654954,0.8138718319,0.3479573564,0.4653367806
0.465053667,-0.8718447576,-0.1536613336,0.8619822338,0.4063799915,0.3030543369,-0.2017714435,-0.2733898702,0.9405031969
0.9190901799,0.2947657941,-0.2615078735,-0.3854761173,0.8102323147,-0.4415107691,0.08173985715,0.5065932519,0.8583017377
0.3063288065,0.6655843692,0.6805586747,0.7987396979,0.2092118957,-0.5641323228,-0.5178586267,0.7163992114,-0.4675410277
0.9107806492,0.361049791,0.2003039128,-0.3630450211,0.9313506402,-0.02800531422,-0.1966644903,-0.04721263999,0.9793334697
0.9754636292,-0.1859709789,-0.1178367651,0.1392326734,0.9357025507,-0.3241527407,0.1705431642,0.299792481,0.9386370425
0.8900772614,-0.4455075581,0.09636121806,0.4224180152,0.8856535545,0.19282324,-0.1712468661,-0.1309228669,0.9764905088
0.5801492131,-0.4081346142,-0.7048780229,0.2619524063,0.9129166223,-0.3129922963,0.7712378539,-0.003062259836,0.6365397044
0.47932338,-0.4152374243,0.7731927178,0.239741438,0.909434776,0.3397829177,-0.8442589296,0.02250043746,0.5354629679
0.8094208729,-0.01085311502,-0.5871286575,-0.2405155401,0.9059925514,-0.3483242338,0.5357145933,0.4231544715,0.7307189389
0.009200350017,-0.2913514885,0.9565718288,-0.9885217441,-0.1469115703,-0.03523850234,0.1507982596,-0.945267846,-0.2893589194
0.8351690648,-0.1293344088,-0.5345701487,0.04717131249,0.9852203552,-0.1646685125,0.5479666965,0.1123096721,0.8289264365
0.792332577,0.3054982986,-0.5280907847,-0.3798378308,0.9243852272,-0.03514504261,0.4774225693,0.2284354203,0.8484603403
0.8156471686,-0.1446178216,0.5601833468,0.471907449,0.7264506554,-0.4995726221,-0.3346984551,0.6718296889,0.6607736475
0.6720220066,-0.7358102741,-0.08348450822,0.3847469834,0.4432525831,-0.8096276344,0.6327370555,0.5119671748,0.5809762736
0.9842954198,-0.1718240571,0.04048481037,0.1748374656,0.9172066025,-0.3579998729,0.02438005522,0.3594558968,0.9328435406
0.9654682526,0.1754358809,-0.1925962222,-0.2145854411,0.9547256714,-0.206038785,0.1477299618,0.240252251,0.9594033116
0.8977266086,-0.3158731218,-0.3071011349,0.4135109749,0.3636899227,0.8347085202,-0.1519723981,-0.8763297388,0.4571111234
0.169282271,-0.9632821249,-0.2084012011,-0.08083122046,-0.224310342,0.971159711,-0.9822473347,-0.147554798,-0.1158350339
0.9793568904,-0.1134621642,-0.167291418,0.1505327071,0.9617216392,0.2289790225,0.1349073214,-0.2494350134,0.9589484807
-0.00562240911,0.9882976741,0.1524339063,0.2526129805,-0.1460885343,0.9564752073,0.9675510687,0.04388447832,-0.2488354515
0.1070620425,-0.5019294477,-0.8582566915,-0.644696824,0.622104235,-0.4442435435,0.7569040389,0.6008769844,-0.2569885707
0.07064788253,-0.2306941355,0.9704581869,0.8950982777,-0.4147123888,-0.1637458637,0.4402362434,0.8802237502,0.1771953713
0.9095885567,0.284475754,0.3028567367,-0.1298141595,-0.4978363146,0.8575006052,0.3947112129,-0.8192878305,-0.4158972339
0.5566714792,0.05859570135,0.8286636278,-0.1408716676,0.9897209673,0.0246491395,-0.8187014337,-0.1304567001,0.5592039091
0.8993991178,-0.4115844742,-0.1472394223,-0.01045653807,0.3164796835,-0.9485416547,0.437003304,0.8546571421,0.2803377995
0.6991554213,0.06512696252,-0.7119973143,0.7135339994,-0.1266366028,0.6890808389,-0.04528717913,-0.9898088955,-0.1350089694
-0.5312274466,-0.4512573099,0.7170524669,-0.1445513925,0.8822156944,0.4481075356,-0.8348067411,0.1343960894,-0.5338870632
0.980475054,0.02885961141,-0.1945142445,0.003361928478,0.9865672767,0.1633208679,0.1966147653,-0.1607859798,0.96720758
0.7320414236,-0.638250032,0.238227309,0.5136630645,0.7468093262,0.4224051213,-0.4475104583,-0.1868494768,0.8745408296
0.9953299393,-0.0660226696,0.0704224334,0.08194046559,0.9635144315,-0.2548052205,-0.05103011,0.2593857116,0.9644246889
0.1389303951,1.476710996e-06,-0.9903021485,0.7102341664,0.6968781898,0.09964044061,0.6901201158,-0.7171895067,0.09681651341
-0.3062188511,-0.8457449993,-0.4369730099,-0.8269249449,0.008909956694,0.5622417168,-0.4716197098,0.5335128947,-0.7020960337
0.2939770246,-0.5589398481,-0.7753475061,0.9087436228,-0.0879772795,0.4079767473,-0.2962474254,-0.8245278919,0.4820697236
0.9988409465,0.002644669975,-0.04806005975,-0.00110599004,0.9994868021,0.03201420484,0.04812006243,-0.03192394472,0.9983312683
0.60436463,-0.6992230763,-0.3818775767,0.7699044485,0.6358528592,0.05420591852,0.20491592,-0.326769385,0.9226219349
0.7481198054,0.263307742,0.6090860283,-0.3531020692,-0.6191846437,0.7013767216,0.5618146363,-0.7397833534,-0.3702497866
0.05457388566,-0.1553080004,-0.9863574991,0.3586131539,0.9249707004,-0.1258006724,0.9318896377,-0.3468553422,0.1061747371
0.9028443424,0.286974054,-0.3201842995,0.4212537401,-0.7395354886,0.5250071881,-0.08612421123,-0.6088786032,-0.7885743255
0.5582122561,0.8107593537,-0.1762621555,0.8101552486,-0.486785248,0.3266322023,0.1790182962,-0.325129809,-0.9285704373
0.5510212598,-0.8344454043,0.008742910804,-0.1225060189,-0.09125069636,-0.9882639251,0.8254500873,0.5434833739,-0.1525056581
0.7751750575,0.1383039909,0.6164216384,-0.439641216,0.8188042036,0.3691548149,-0.4536730445,-0.5571639636,0.6955207304
0.3202458283,0.9344116164,-0.155940824,-0.9041320907,0.3506153195,0.2441599073,0.2828210954,0.06279991146,0.9571146217
0.2472992368,0.7321358722,-0.6346811421,0.3211881843,0.5560506783,0.766580585,0.9141560248,-0.3934268773,-0.09764248311
0.4875743053,0.7699820014,0.4115811153,0.4599980922,0.174123525,-0.8706794779,-0.7420734815,0.6138474693,-0.2692920949
0.925433317,0.378136939,0.02419981821,0.2666245271,-0.6952415108,0.6674957702,0.2692295255,-0.6112705596,-0.74422024
-0.3534180605,0.4426691791,0.8240993098,-0.8327141454,0.2525328871,-0.4927619029,-0.426242685,-0.8603901085,0.279367204
0.9882768503,-0.05987247919,0.140442705,0.05265987854,0.9971228268,0.05452527277,-0.1433031903,-0.04649036905,0.9885862842
0.9803437757,0.02312803981,0.1959366614,-0.01255716644,0.9984061754,-0.05502205524,-0.196896925,0.05148012011,0.9790717023
0.9969577874,-0.07719483639,-0.01077624108,0.07777134349,0.994384839,0.071766358,0.00517573849,-0.07238611223,0.997363255
0.7259473434,-0.1645156774,-0.6677836824,0.03550103136,0.9786375818,-0.2025047166,0.6868334087,0.1233007516,0.7162798289
0.4166628501,0.5282883242,-0.7397996458,-0.6320427557,-0.416571155,-0.6534450457,-0.653386581,0.7398512819,0.1603310835
0.2613262182,0.8744661294,0.4086778636,0.2921077421,0.3318922138,-0.8969507374,-0.9199900405,0.3537747122,-0.1687061895
0.2538729821,-0.5676543312,0.7831456246,-0.3497590401,-0.8087596587,-0.4728386917,0.9017855193,-0.1538712932,-0.4038644603
0.8985530301,0.2971523555,0.3229596409,-0.3990361443,0.8595130615,0.3193860557,-0.1826817109,-0.415857878,0.8908925961
0.900993723,0.06278310254,0.4292651782,0.2942626969,-0.8155034111,-0.4983609653,0.3187785695,0.5753368305,-0.7532381795
-0.4871756682,-0.5783335472,-0.6543624199,0.792893864,-0.6069747014,-0.0538612317,-0.3660316772,-0.5450798291,0.7542604266
0.9458852108,-0.3244953926,0.001976900712,0.2309944167,0.6690315874,-0.7064264396,0.2279095158,0.6686549748,0.707783708
0.8322663967,-0.5488274228,0.0782374905,0.5542072593,0.8202051919,-0.141837079,0.01367328259,0.1614060198,0.9867933614
0.9756372067,0.06675935414,0.2089861946,-0.09294450034,0.988643713,0.1180886469,-0.1987293656,-0.134635795,0.9707625054
0.9949568572,0.01260609768,-0.09950848468,-0.005229158186,0.9972408755,0.07404925432,0.1001674005,-0.07315546775,0.9922775667
0.217866815,-0.187652443,-0.9577685584,-0.1799679516,0.9567892505,-0.2283984819,0.9592421943,0.2221280954,0.1746812008
0.7892394321,-0.5017473136,-0.3540490815,-0.6025290006,-0.5213973711,-0.60423802,0.118574543,0.690213311,-0.7138246725
-0.5559195324,-0.8235956538,-0.1124440859,-0.6307811871,0.3298810951,0.7023486009,-0.5413580769,0.4613769198,-0.7028959883
-0.4508046332,0.7250343442,0.5206730091,-0.8256771371,-0.5603404094,0.06539029634,0.3391643377,-0.4004295509,0.8512483344
-0.17300104,0.5523364932,-0.8154722794,-0.03513091768,0.8239691511,0.5655445664,0.9842949044,0.1264880877,-0.1231434322
0.5153852796,-0.8394384492,0.1723980963,0.2867873075,0.3585257808,0.888376218,-0.8075463168,-0.4084144397,0.4255192024
0.1137669884,-0.0194589604,0.9933168786,0.7905928606,0.6072699277,-0.07865216928,-0.6016809796,0.7942572529,0.08447138596
-0.313172447,0.667589779,0.6754605136,-0.5602091649,0.4444577522,-0.6990157352,-0.7668694217,-0.5973116386,0.2347979907
-0.5945135417,-0.2419481162,0.7668212033,-0.7673591751,-0.114206069,-0.6309650309,0.2402364359,-0.9635445412,-0.1177640523
-0.8305967826,-0.4464320187,0.3328775112,0.5028543977,-0.3444462964,0.7927762632,-0.2392622817,0.8258663339,0.5105862895
0.9190813193,0.1012584599,-0.3808362545,0.07832383783,0.9002021915,0.4283706233,0.3862057805,-0.4235359946,0.8194280666
0.6488398513,-0.7139430638,0.2632340196,-0.4481408347,-0.0789555742,0.8904694321,-0.6149606814,-0.6957379672,-0.3711765636
0.663059438,-0.1728464627,0.7283380273,-0.5944436597,-0.7129313017,0.3719753949,0.4549603467,-0.6795977188,-0.5754633121
0.5743515345,0.5998234003,-0.5570746838,0.06351759293,0.6458078697,0.7608532781,0.8161408152,-0.4723812908,0.3328214023
-0.1667132634,0.9450339851,0.2812782517,-0.8264506956,0.02165502957,-0.5625924879,-0.5377601097,-0.3262542364,0.7774138137
0.310956066,0.9008624616,0.3029078248,0.9387791926,-0.2413915374,-0.2458124351,-0.1483238098,0.360800431,-0.9207730972
0.9880792048,0.006601162711,0.1538047781,-0.1336498682,0.5326129177,0.8357399073,-0.0764015565,-0.8463332113,0.5271459927
0.9603066012,-0.2074357,-0.1864984237,0.2042392434,0.06748813796,0.9765918711,-0.189993587,-0.9759179175,0.1071758148
-0.09612010764,-0.8735390018,-0.4771692962,0.1546089119,0.4604678719,-0.874108359,0.9832888738,-0.1577940153,0.09079669319
0.4886853499,-0.8488456224,-0.2016128423,0.4209857639,0.4318249476,-0.7976830205,0.7641711951,0.3049398695,0.5683784484
-0.706321951,-0.6213793952,0.3391120003,-0.6476043581,0.7606510654,0.04492829899,-0.2858634236,-0.1878765654,-0.9396725489
0.9427617185,-0.07285941576,0.3254102758,0.1168843968,0.9861300878,-0.117836699,-0.3123113509,0.1491273127,0.9382018252
0.1677312456,0.7609429882,-0.6267631115,-0.9654223172,0.2554881243,0.05182246426,0.1995644725,0.5963988489,0.7774846843
0.5801321839,-0.05387625919,0.812738579,0.6879687768,0.5665910948,-0.453512396,-0.4360568899,0.8222359029,0.3657629134
-0.8855407953,0.1689560059,-0.4327486199,-0.3558942868,-0.8454502436,0.3981873205,-0.2985912868,0.5066238779,0.8088111583
-0.9186653614,0.3695269492,0.1396559618,0.394722801,0.8445699637,0.3617948131,0.01574370296,0.3874937551,-0.9217378833
0.6899577725,0.5654162133,0.451954398,-0.6818509491,0.7172582755,0.1435961331,-0.2429764503,-0.4072408034,0.8804075038
0.3620875191,-0.6195718614,-0.6964361687,0.4660811876,0.7673698615,-0.440354201,0.8072551983,-0.1651490364,0.5666258383
0.07116628191,0.8013851959,-0.5938999311,-0.9916845956,-0.007159323982,-0.1284928281,-0.1072241722,0.5981057698,0.7942118514
-0.9589195078,0.1525513846,0.2391682515,-0.2835990865,-0.5354490244,-0.7955286924,0.006703403437,-0.8306758798,0.5567159483
0.6933257733,0.6562006106,-0.2978256717,0.3632881257,-0.6752059798,-0.6419646583,-0.6223512752,0.3368941131,-0.706527598
0.9611782308,-0.2756736505,-0.01185103553,0.1101492093,0.3439644501,0.9324996562,-0.2529892494,-0.897603752,0.3609763762
0.2678089894,0.9462414927,-0.1813984089,-0.5600815146,0.3060932539,0.7698153135,0.7839560206,-0.1045655655,0.6119468934
0.9947140373,-0.0995673075,-0.02510647812,0.09200821923,0.9728008622,-0.2125863826,0.04559025729,0.2091526566,0.9768196838
0.9568905533,0.05154329708,-0.2858386915,-0.1372532435,0.9475576208,-0.2886106415,0.2559726864,0.315401084,0.9137834208
0.8731275933,-0.4436649376,-0.2020139326,0.1553273704,-0.1396067478,0.9779485487,-0.46208399,-0.8852521557,-0.05298119563
0.9307846869,-0.1800390587,-0.3181600289,0.2811421536,0.9088286091,0.3082039076,0.2336641952,-0.3763196734,0.8965403211
0.8080154692,-0.5624210415,0.175480978,0.5215136757,0.8213503551,0.2310997193,-0.2741067084,-0.09521641831,0.9569740572
0.3908530441,-0.7708121864,0.5030730277,0.04031985776,0.5603623615,0.8272655758,-0.919569577,-0.3030554357,0.2500983725
0.04934594238,0.763411274,0.6440250032,-0.9251666778,-0.2080265643,0.317476876,0.3763397351,-0.6114966683,0.6960174053
0.4759324983,-0.5664133934,-0.6728031843,-0.2596038911,-0.8213894667,0.5078633316,-0.8402940418,-0.06704633965,-0.5379690619
-0.3269874901,0.794036006,0.5124314613,0.9417295878,0.2285147584,0.2468327137,0.07889591057,0.5632830783,-0.822488668
0.9960442237,-0.03526289709,-0.08156244607,0.03860665782,0.9984620041,0.0397888461,0.08003393338,-0.04278030377,0.9958736944
0.8778463778,-0.3042450031,-0.3698928426,0.2895313089,0.952324136,-0.09617879776,0.3815198003,-0.02266534964,0.9240827473
-0.5036357225,-0.846703128,-0.1715950818,-0.1818881357,-0.0902502778,0.9791688279,-0.8445518132,0.5243555096,-0.1085519895
0.9995820265,-0.002691170838,-0.02878419696,0.004052800372,0.9988700643,0.04735155274,0.02862424155,-0.04744841765,0.9984634698
-0.952918217,0.2770500901,-0.1232482016,-0.2984573255,-0.785146205,0.5426496674,0.05357328148,0.5538850822,0.8308677508
0.9815085853,0.03538830662,-0.188118486,-0.1292780769,0.8473162344,-0.5151139463,0.1411668369,0.5299083568,0.8362230908
0.7572792767,-0.3566274824,0.5471242417,0.5272621145,0.8281991042,-0.1899497469,-0.3853865068,0.4323228916,0.8152141791
0.9969769507,0.04456128854,0.06364944132,-0.05104265852,0.9932532073,0.1041283495,-0.05857991831,-0.1070624011,0.9925250805
-0.3534024641,0.2933795434,-0.8882765008,0.6349736842,-0.6220685796,-0.4580819825,-0.686960784,-0.7259195037,0.0335522793
-0.7817279027,0.5593703754,-0.2756923454,0.3703865893,0.7721215127,0.516374035,0.5017123286,0.3015512439,-0.8107722162
0.5245016782,0.6169859318,-0.5867080616,-0.3878216556,0.7865934471,0.4804842479,0.757952738,-0.02447670256,0.6518500886
0.2825189553,-0.7528342522,0.5944944311,0.68766501,0.5910347677,0.4216571325,-0.66880481,0.2896868864,0.6846762987
0.9898650892,-0.04470410108,0.1347911293,0.0355368586,0.9969371354,0.06966691959,-0.1374926793,-0.06417079827,0.9884219098
-0.02324441678,0.8313844676,0.5552112788,-0.9144104059,-0.2421740817,0.3243537016,0.4041204111,-0.5001515582,0.7658558038
0.6442267802,0.5135332616,0.5667940057,-0.4858776574,0.8471071021,-0.215249761,-0.5906731395,-0.1367228832,0.795243419
0.9827767308,-0.06079229647,-0.1745113009,0.08743142778,0.9849229855,0.1492730986,0.162805537,-0.1619599001,0.9732745491
0.9930035152,-0.03570560937,0.1125572219,0.05231424331,0.9875652679,-0.1482499971,-0.1058642465,0.1531011141,0.9825236945
0.6320394424,0.7581126692,0.1605967747,-0.7712922485,0.5953368367,0.2251273381,0.07506271134,-0.2661564047,0.9610027875
0.9980337965,0.01173438319,0.06156984071,-0.003223678537,0.9906285764,-0.1365453457,-0.06259511906,0.1360783884,0.9887186269
0.9243091249,-0.3370302137,-0.1790622145,0.1024135957,-0.2329359658,0.9670844282,-0.3676467013,-0.9122233668,-0.1807883626
0.9687460322,-0.02315060446,0.2469720119,0.1915426151,0.7024457999,-0.6854789018,-0.1576152015,0.7113606312,0.6849259088
0.1983637741,-0.2311772998,-0.9524751279,-0.942868849,0.2203887808,-0.2498541953,0.2676754504,0.9476211486,-0.1742527242
-0.7265258268,-0.6830789831,0.0745877048,0.3638851214,-0.2903914968,0.8850199981,-0.5828789251,0.6701312419,0.459539201
-0.1310487361,0.00812299156,0.991342648,-0.9068535476,-0.4050063157,-0.1165612602,0.4005532073,-0.9142778031,0.0604419295
-0.3158293863,-0.7012900728,0.6390962623,0.7570599039,0.219764292,0.6152755138,-0.5719371475,0.6781562428,0.4615105737
-0.08371421057,-0.8633076084,-0.4976865522,0.3991657079,0.4285675414,-0.8105532679,0.9130491052,-0.2665142319,0.3087255993
0.9429254377,-0.1993791543,0.2667200251,0.3163316653,0.7865501611,-0.5303518847,-0.1040475685,0.5844542727,0.8047280948
-0.685375491,-0.4238706611,0.5921098707,-0.6984285497,0.1525564088,-0.6992310799,0.2060533846,-0.892782283,-0.4006017947
-0.4825159652,0.867552561,0.120544171,-0.8679142027,-0.4921012476,0.06753738806,0.1179121709,-0.07203413012,0.9904078978
-0.08923010595,0.01544866555,0.9958912224,0.6326453602,0.7731510906,0.04469048315,-0.7692839764,0.6340336977,-0.07876188031
0.8642155928,0.5027506027,0.01931943677,-0.4957200452,0.8574361425,-0.1380756977,-0.0859828236,0.1097501389,0.9902332357
-0.9522439656,0.1303599233,0.2761117897,-0.1049751134,0.7093887965,-0.6969560682,-0.2867257497,-0.6926570767,-0.661826653
0.9726618104,0.08882505494,-0.2145672672,0.02511012644,0.8783133491,0.4774255359,0.2308646445,-0.4697613973,0.8520714439
0.9632982693,0.2666439664,-0.03094251963,-0.04553143036,0.04870418858,-0.9977749199,-0.2645436319,0.9625637107,0.05905734176
0.8737584986,0.4156060115,-0.2526217119,-0.1934911133,0.7735814557,0.6034342718,0.4462143826,-0.4783757671,0.7563394411
0.6635515899,-0.4024472034,0.6306627752,0.2862951193,0.915415007,0.282931917,-0.6911833275,-0.007184248918,0.7226437534
0.997588266,0.03358313759,-0.06074392518,-0.05240926504,0.9382411348,-0.3419895347,0.0455073677,0.3443482914,0.9377384143
0.8732943439,-0.4703401827,0.1270318915,0.1055683666,-0.07186183113,-0.9918120776,0.4756178181,0.8795544268,-0.01310348584
0.8141292764,0.3828002206,-0.4366434614,-0.5377787799,0.2133694902,-0.8156392858,-0.2190605058,0.8988534095,0.3795721843
-0.2261258084,0.8123089903,-0.537606941,0.7555151796,0.4946255628,0.4295839452,0.6148690366,-0.3090301877,-0.725559378
-0.4716213369,-0.546143834,0.6923151213,0.8394300636,-0.03761758654,0.5421642607,-0.270056444,0.8368463597,0.4761908098
-0.4751876758,0.1145881688,-0.872391096,-0.4334515748,-0.8933169743,0.1187624342,-0.7657130044,0.4345737395,0.474161639
-0.6417977904,-0.05849388334,0.7646398249,0.1518597324,0.9676475386,0.2014866318,-0.75168758,0.2454316743,-0.6121511866
-0.5589460379,0.1003097536,0.8231143784,-0.727212931,0.4176598825,-0.5447215578,-0.3984227398,-0.9030493762,-0.1605027866
0.7976400823,-0.4020871679,-0.4495511189,0.3747449906,0.9144221005,-0.1529654018,0.4725849036,-0.04645569414,0.8800598715
-0.9261919042,-0.1923118022,0.3243219501,-0.3769960769,0.4574497242,-0.805365574,0.006520318317,-0.8681911774,-0.4961870261
0.748210421,0.04824916512,0.6617047559,-0.06181486228,0.9980834757,-0.002880696065,-0.6605755738,-0.03874782154,0.749758973
0.7894360771,0.4517810674,-0.4155533025,-0.5128795168,0.8574250095,-0.04215393695,0.3372614437,0.2464066156,0.9085914915
-0.3634005192,0.1017009188,0.9260653248,-0.5974393067,-0.788159664,-0.1478871831,0.7148470728,-0.6070101047,0.3471777575
0.9969212091,0.01158106601,-0.07754986568,-0.02489461235,0.9846093935,-0.1729872843,0.07435294905,0.1743852665,0.9818662932
0.8360262392,0.4320157209,-0.3382640156,-0.3847919161,0.9011105459,0.1998373474,0.3911461474,-0.03690800731,0.9195882178
0.4748066029,0.009687996433,0.8800368359,0.5384063141,-0.7941908962,-0.2817436092,0.6961877123,0.6075911151,-0.3823031599
0.5941892555,-0.2429093264,0.7667686664,0.7903136942,0.35348543,-0.5004521112,-0.1494770665,0.9033510447,0.4020118116
0.09182784835,-0.02101799665,-0.9955530574,0.9362459016,0.3423185329,0.07913048562,0.3391330977,-0.9393488521,0.05111238754
0.523373709,-0.6105382689,-0.5944097769,0.09670757621,-0.6505124045,0.753313518,-0.8465976644,-0.4517484188,-0.2814174137
0.734734859,0.3625747409,-0.5733273448,-0.5954123518,0.7496621374,-0.2889477652,0.3250366416,0.5536661782,0.766684384
0.9565270952,0.2685141877,0.1138246337,-0.2612063617,0.9623528643,-0.07515451564,-0.1297195159,0.04215561211,0.9906542038
0.20696575,0.4708479292,-0.8575939633,-0.9771148801,0.05548019492,-0.205349602,-0.04910895465,0.880468157,0.4715550181
0.9684323158,-0.1874450263,-0.1643265401,0.162571384,0.9746543423,-0.153686233,0.1889692958,0.1221199214,0.9743599592
0.7793369026,-0.5832644141,0.2289904266,0.2646725354,-0.02482916509,-0.9640186521,0.5679634154,0.8119027871,0.1350237867
0.4286617132,0.2821712444,0.8582706592,-0.8263594548,0.5064668882,0.246214018,-0.3652111541,-0.8147825968,0.4502778397
0.8918746633,0.05877482402,0.4484474384,0.3363829691,0.5765946509,-0.7445704175,-0.3023343895,0.8149135712,0.4944793103
0.9811026242,-0.1891115903,-0.0409200089,0.1824284301,0.9745767592,-0.1300769323,0.06447874518,0.1201538466,0.9906591465
0.6296196075,0.3307527872,0.702980614,-0.6182826369,0.76122671,0.195602855,-0.4704314305,-0.5577961004,0.6837819678
0.7288265581,-0.6103239055,0.3103491237,0.1424048653,0.5784695926,0.803177306,-0.6697258413,-0.5411817263,0.5085170957
0.779028242,0.619431573,-0.09705423541,-0.4483582698,0.6585715951,0.6043660447,0.4382805723,-0.4273031482,0.7907731403
-0.5709311907,-0.5628217401,0.5977200552,-0.7033331295,0.7108561489,-0.002458552943,-0.4235092495,-0.4217999815,-0.8017011233
-0.3039597566,-0.4554296271,-0.8367749525,-0.416231335,0.8535536366,-0.313365067,0.8569480393,0.2530415861,-0.4490100373
0.9929570282,-0.07387777968,-0.09261972743,0.03066087516,0.9153738832,-0.4014356295,0.1144388526,0.3957685278,0.9111920881
0.8970742196,0.2220877958,0.3820142085,-0.3674565204,0.8550950278,0.3657706919,-0.2454252435,-0.4684970698,0.8486913134
-0.1791374327,-0.3209915969,-0.9299861155,-0.7742338447,-0.5372394254,0.3345680104,-0.6070187262,0.7799603801,-0.1522828668
-0.1597665948,0.9365470114,0.3120165551,-0.3960687748,0.2287043615,-0.8892827676,-0.9042146652,-0.2656576943,0.3343977103
0.3380177918,-0.9306401585,-0.1401886864,-0.2433967653,0.05744608275,-0.9682241281,0.9091215469,0.3613984546,-0.2070970062
0.5976215103,0.2048345633,0.7751718081,0.300393854,0.8391930593,-0.4533415288,-0.7433788152,0.5037834961,0.4399887796
0.5209736577,0.1042028491,0.8471884172,0.8468275995,-0.1876260802,-0.4976740608,0.1070955868,0.9766976094,-0.1859900938
0.6586507605,0.6394686648,-0.396558952,-0.5359069986,0.02871707936,-0.8437884914,-0.5281882851,0.7682806493,0.361610259
