0.8547610572,0.1113118636,0.5069449716,-0.03496843018,0.9868630983,-0.1577289897,-0.5178423931,0.1170935281,0.8474245463
0.8413074228,-0.2864026856,0.4584488215,-0.1433362265,0.6995486867,0.7000616838,-0.5212068174,-0.6546794151,0.5474836225
0.8163856985,-0.1314111314,-0.5623570981,0.5370166754,-0.1854507615,0.8229344478,-0.2124322989,-0.9738270532,-0.08082938061
-0.03654375738,-0.9979429914,0.05267200143,0.9096339129,-0.01139258665,0.4152545646,-0.413800312,0.06308720082,0.9081791161
0.9542434883,-0.01188971359,-0.2987942432,-0.1530838038,0.8389223191,-0.5222783659,0.2568748996,0.5441212891,0.7987160376
-0.4279557481,0.8160355929,0.3885097022,-0.9005040392,-0.4216659026,-0.1062560207,0.07711259938,-0.3953274309,0.9152976944
-0.9519228575,0.1449780587,0.2698596594,0.3011971335,0.2822422148,0.9108345728,0.05588524018,0.9483252051,-0.3123397913
-0.2574224726,0.2602114078,0.9306039404,0.234917616,-0.9173143331,0.3214780366,0.9373085854,0.3013709302,0.1750090802
0.1454163072,0.1120946981,0.9829999371,-0.6303523424,0.7762947867,0.004725310678,-0.7625680442,-0.6203234501,0.1835450767
0.7974019888,0.5986202532,0.07618307365,-0.5714414503,0.7896354383,-0.2234514342,-0.1939194089,0.1346464519,0.9717332946
0.2792186112,0.7696170768,-0.5742181834,-0.9551368269,0.2841013796,-0.08366628989,0.09874517266,0.5718181189,0.8144160053
-0.8145610488,0.538511881,0.2156275767,-0.4640980649,-0.3819985735,-0.7991808782,-0.3479989713,-0.7510539554,0.5610834805
0.6611660739,-0.6511404412,-0.3726600979,-0.3518415107,0.1695992453,-0.9205670249,0.6626212901,0.7397649775,-0.1169649694
-0.3885902029,-0.6469739992,0.656065773,0.8927378853,-0.08811704211,0.441876063,-0.2280717483,0.7574034798,0.6118196192
0.7368898334,-0.3317595599,-0.5890067639,0.02494175609,-0.8573593006,0.5141137408,-0.6755525755,-0.3935360518,-0.6235046861
-0.6079753085,0.6819194798,-0.4066347837,-0.3105029725,-0.6755888786,-0.6687058929,-0.7307215121,-0.2802953625,0.6224793824
0.9990431867,-0.04347279405,-0.004777791452,0.04248364489,0.9906010473,-0.1300180952,0.01038513509,0.1296907141,0.9915001098
0.408227614,0.9123716201,0.03046706407,0.2921476317,-0.1621910879,0.9425199267,0.8648699188,-0.3758617803,-0.3327580889
0.5599984232,0.6737228995,-0.48218173,-0.530498781,-0.1554478772,-0.8333108669,-0.6363747397,0.7224495915,0.2703586108
0.7433885739,-0.6562985242,0.1290181201,-0.009896058362,0.1820793236,0.9832340453,-0.668786585,-0.7322017256,0.1288609202
-0.1566577017,0.8203941513,-0.5499198132,-0.2064573567,-0.5716952553,-0.7940654224,-0.9658331763,-0.01086147307,0.2589368727
0.9615572905,-0.2141552726,-0.1718868708,0.2634805894,0.5431593978,0.797217566,-0.07736637592,-0.8118592167,0.5787046363
0.6901170263,0.5949743461,0.4120000212,-0.5331866831,0.8029469611,-0.2664359934,-0.4893367459,-0.03580090928,0.8713597673
-0.1191491574,0.05609502105,0.9912904856,-0.980290183,-0.1651135319,-0.1084835412,0.1575900867,-0.9846780541,0.07466253665
0.9327707341,0.0944764904,0.3478691569,0.1474577573,0.7805978344,-0.6073905092,-0.3289300342,0.6178520969,0.7141875237
-0.9525604036,0.297611407,0.0636877374,0.1939328757,0.7548118316,-0.6266172186,-0.2345606898,-0.5845396046,-0.7767204989
-0.738919507,-0.6690954319,-0.07943088326,0.4803163826,-0.4403936627,-0.7585180251,0.472540088,-0.5986357197,0.6467929656
0.8806577838,0.4596932419,0.1145599895,-0.4608972602,0.8872841969,-0.01733405618,-0.1096156168,-0.0375350138,0.9932650901
0.4747794872,-0.2498163554,0.8439053425,-0.3446024928,0.8295441823,0.4394377904,-0.8098355145,-0.4994479335,0.3077632227
0.2917390064,0.9391698417,0.1812411671,-0.7654455266,0.3428622143,-0.5445536225,-0.5735690873,0.02013729214,0.8189096358
-0.3280562502,-0.1824306166,0.9268754861,0.6653521522,-0.7411305479,0.08962156246,0.67058602,0.6460995133,0.3645131119
-0.9875574454,0.06630562801,-0.142596829,0.09366028162,-0.480408112,-0.8720297,-0.1263251503,-0.874535082,0.468220404
0.2944335714,-0.3866482725,-0.8739633776,-0.367225656,0.7985168739,-0.4769864984,0.8823005098,0.4613826129,0.09312300953
0.8333005496,-0.383670932,0.39800353,0.4542365602,0.06485381205,-0.8885173777,0.3150862443,0.9211897736,0.2283200816
0.9488864075,-0.3144328846,-0.02732300817,0.3014302233,0.8771664574,0.3737898159,-0.09356498378,-0.3629200561,0.9271109031
-0.09678831743,-0.7321615554,0.674219162,0.9953031972,-0.07248428766,0.06416832305,0.001888716476,0.6772632316,0.7357383692
-0.6526021524,-0.5993201097,-0.4636009457,0.2933918932,-0.7639974822,0.5746555875,-0.698592605,0.2390047142,0.6744220629
-0.970603714,0.08559615939,0.2249482782,-0.2350952305,-0.5373964639,-0.8098983104,0.0515622244,-0.8389745754,0.5417222525
0.9922349,-0.1243551678,0.002386501601,0.1235481603,0.9832199867,-0.1342173973,0.0143441709,0.1334700337,0.9909490375
-0.3031257026,-0.02084627584,-0.9527225416,-0.2183806153,0.9746748147,0.04815508755,0.9275908124,0.2226531796,-0.3000014105
0.3164993994,-0.8341115609,0.4517588229,0.9283740656,0.1745679255,-0.3280969884,0.1948068905,0.5232436749,0.8296181845
0.9458555292,-0.3232040782,0.02994063666,0.3230038876,0.9463286013,0.01143096204,-0.03202821436,-0.001141096611,0.9994863138
0.3967235941,0.4985512336,0.7707509697,-0.4927299123,-0.5927766663,0.6370502786,0.7744853926,-0.6325049339,0.01048261605
-0.7515002464,0.4566400164,0.4761588759,0.007322548495,0.7274739382,-0.6860962393,-0.6596921706,-0.5121147964,-0.5500406125
-0.2866173978,-0.9450056928,-0.1575268478,0.8674323614,-0.1861751989,-0.4614107647,0.4067082072,-0.2688922383,0.8730895707
-0.1146380971,0.2352956967,-0.9651393898,-0.005187507113,0.9713894332,0.2374355889,0.9933937771,0.03222583154,-0.110137638
0.6839285918,0.7287459864,0.03421941894,0.7289211315,-0.6845334176,0.009379984709,0.03025996201,0.01852801784,-0.9993703254
0.9969207795,0.02722916957,-0.07353592102,-0.006134049355,0.9619810551,0.2730472908,0.07817501388,-0.271755445,0.9591859284
-0.6117332934,0.5241362247,0.5925061989,0.1694936991,0.8184480147,-0.5490125073,-0.7726928651,-0.2354231618,-0.5895096871
0.06136098069,-0.3954715311,0.9164262644,-0.4899837693,-0.8118430571,-0.317532292,0.8695692818,-0.4295499025,-0.2435901176
0.9002975021,0.4330577147,0.04387964749,-0.396772427,0.8579331328,-0.3263776661,-0.1789861696,0.2764267633,0.9442204169
-0.5973827802,0.07622543411,-0.7983254331,0.6281363967,0.6633595125,-0.4066925426,0.4985764545,-0.7444083827,-0.4441595194
0.8603036468,0.2937779449,-0.416619916,-0.3957697063,0.9000112094,-0.1826093165,0.3213160048,0.3219850027,0.8905513366
0.06595812235,0.8971565802,-0.4367603424,-0.5399599074,-0.3359963918,-0.7717186813,-0.8391023922,0.2867341892,0.4622668928
0.9135954025,-0.2023314753,-0.3527115174,0.2052901971,0.9782585585,-0.02943004876,0.3509976858,-0.04552105969,0.93526919
0.9851306492,0.0385211674,-0.1674327437,-0.06382598896,0.9868519011,-0.1484909708,0.1595112759,0.1569695669,0.9746367056
0.09784757784,-0.9300349291,0.3542045766,0.9760494284,0.1591687753,0.1482997446,-0.1943022512,0.3312104037,0.9233343401
-0.8746547108,-0.3571985594,-0.3277015808,0.4607040603,-0.4022860588,-0.7911496039,0.1507677214,-0.8429561768,0.516424223
-0.7377831999,-0.01463367825,-0.6748791042,0.3260327376,-0.8831479513,-0.3372719232,-0.5910825695,-0.4688662407,0.6563427797
0.7263223368,0.1080265024,-0.6788122994,0.01521338022,0.9848042576,0.1730003677,0.6871858672,-0.135981061,0.7136418814
0.9246703081,0.3801294861,0.02205436742,-0.3804681088,0.9200880537,0.09317720599,0.01512744344,-0.09454917923,0.9954052507
-0.1500847244,0.5520927022,-0.8201635347,0.3602194578,0.8030746775,0.4746714701,0.9207152208,-0.224197927,-0.3194037755
-0.3843936785,0.71674585,-0.5818220403,-0.7108830854,0.1722739751,0.6818848263,0.5889709151,0.6757196638,0.4433014743
0.9288395002,-0.3416446607,0.1433042524,0.2378868474,0.8465170883,0.4762548341,-0.2840194197,-0.4082741052,0.8675512805
0.3804998199,-0.8737271202,-0.3030194818,0.924709542,0.3553928886,0.1364117213,-0.01149565146,-0.3321096416,0.9431707353
0.1561512517,-0.8722185357,-0.4635208868,-0.05909113378,0.4601876702,-0.8858530048,0.9859640077,0.1657170303,0.02031849854
-0.4705795256,0.1194475938,0.8742351986,0.6828924196,0.6767317854,0.2751218526,-0.5587601035,0.726475301,-0.4000259789
-0.5025431011,0.01902445142,-0.864342815,-0.2374188997,0.9582846488,0.1591313857,0.8313138382,0.2851817002,-0.4770625748
0.5853437841,0.7451603215,0.3195445974,-0.07220033766,-0.3446458598,0.9359521048,0.8075640938,-0.5709249746,-0.1479354849
0.1760827915,-0.01511673132,-0.9842592824,-0.8200242791,-0.5553997545,-0.1381712499,-0.5445686662,0.8314460879,-0.1101924259
0.2958742916,-0.4056697964,0.8648065795,-0.2731029288,0.8316263831,0.4835414658,-0.9153541357,-0.3792486984,0.1352672575
0.5614916262,-0.8231804708,-0.08426782417,0.8230514528,0.5661061037,-0.04593675406,0.08551876844,-0.04356365237,0.9953837192
-0.7616703266,-0.09032381479,0.6416384668,-0.3322494794,0.9045923203,-0.2670636957,-0.5562990177,-0.4165985389,-0.7190111685
0.8899455378,-0.07824793415,-0.4493041293,-0.4015222081,0.3327681018,-0.8532557101,0.2162795788,0.9397566979,0.264727204
0.9331803635,-0.2095131384,-0.2920250913,0.2278460216,0.9732397353,0.02984305865,0.2779579097,-0.09438571158,0.955944945
0.8614577483,-0.07897434478,-0.5016508754,-0.4315459,-0.6345599468,-0.6411722157,-0.2676913972,0.7688281517,-0.5807276376
0.741614312,-0.509563141,0.436295333,0.08574065779,0.7170520932,0.6917259827,-0.6653245463,-0.4755856399,0.5754663737
0.7259702522,-0.6528364155,-0.2162679068,-0.1747144063,0.1290773184,-0.9761218787,0.6651631898,0.7464205654,-0.02035363334
0.1238726502,0.3415400254,-0.9316683839,0.6860776249,0.6488479011,0.3290803762,0.7169051954,-0.6799608903,-0.1539484603
0.4383482947,0.4978124385,-0.7483538926,-0.4723144744,0.8359641138,0.2794334227,0.7647024322,0.2309692111,0.6015674639
0.9669189541,0.1879436161,0.1724671949,-0.181583086,0.9819950901,-0.05208863448,-0.179151665,0.01904836249,0.9836370473
0.5121930308,-0.2192752447,-0.8304075303,0.1541264564,0.974631092,-0.1622937768,0.8449280056,-0.0448620286,0.5329953693
0.1560154946,0.1267281734,-0.9795913104,0.8758337339,-0.4762887277,0.07787373359,-0.4566995029,-0.8701086242,-0.1853012307
-0.401361037,0.874856477,-0.2711742293,-0.2727995318,-0.396813412,-0.8764242874,-0.8743510356,-0.2777863581,0.3979258798
0.8460545066,-0.4205702266,-0.3275858,0.5140611249,0.4808938915,0.7102691215,-0.1411840352,-0.769325516,0.6230612479
0.9958572973,-0.00491905221,-0.09079673051,-0.02440696788,0.9474323495,-0.3190238911,0.08759305489,0.3199183428,0.9433873598
0.9891844479,-0.06107711014,-0.1333555947,0.07759117097,0.9894462272,0.1223755438,0.1244738455,-0.1313992015,0.9834838645
0.9231429032,-0.3805308192,0.05480397688,0.3774718357,0.8700646634,-0.3170212845,0.07295336542,0.3133429067,0.9468336862
0.1792406556,0.8384956844,-0.5145850509,-0.9723346071,0.07134505358,-0.2224304276,-0.1497938556,0.540217429,0.8280863061
-0.3536385333,0.3535402714,0.8659959955,-0.7636930049,-0.6437121072,-0.04906849603,0.5401044177,-0.678707595,0.4976376376
0.7061526539,-0.7080536113,-0.002917682843,-0.5067174396,-0.502470287,-0.7005433941,0.4945562312,0.4961690177,-0.7136038397
-0.3157352045,-0.9389209748,0.1368893121,0.6537525017,-0.1107035369,0.7485668931,-0.687691026,0.3258406513,0.64877494
-0.3931894944,-0.6126118513,0.685644763,0.5510801521,0.4399116997,0.70907571,-0.7360113365,0.6566463402,0.1646295734
0.6445494047,-0.5954882473,-0.4795308251,0.7619164483,0.5524143253,0.3381149789,0.06355620108,-0.5832942315,0.8097706149
0.746189593,0.6630169145,0.060080466,0.5806965628,-0.6040860177,-0.545776131,-0.325565037,0.4421409892,-0.835774343
0.9825375639,0.0960556856,-0.1593525676,-0.07447649638,0.9878687314,0.1362667277,0.1705086128,-0.1220191578,0.9777720277
0.7503339217,0.5929789632,0.2921899301,-0.6305591955,0.5092972729,0.5856717415,0.1984794874,-0.6236924218,0.7560513581
0.9872226592,0.1459471824,-0.0639596841,-0.1555877091,0.9695458568,-0.1891382996,0.03440764481,0.1966729558,0.9798652267
0.8604357472,0.24123229,-0.4488399573,0.4833268518,-0.6653495288,0.5689509283,-0.1613861188,-0.7064821206,-0.6890845622
0.8049277126,0.5017525164,-0.3167582514,-0.1440343842,-0.3526428863,-0.9246064519,-0.5756261579,0.7898654361,-0.2115824171
0.7682520132,-0.197597535,-0.6088875581,0.6267471644,0.4257760784,0.6526122302,0.1302951886,-0.8829892102,0.4509470241
0.5151068244,-0.4207868222,0.7467284712,-0.7232944995,0.2540584757,0.6421054103,-0.4599021922,-0.8708574747,-0.1734855393
0.997226513,-0.05947602971,-0.04474241565,0.07436082219,0.7709866043,0.6324951574,-0.00312249766,-0.6340680231,0.7732709694
-0.3937867738,-0.4760029265,-0.7863543671,0.2496721118,-0.8787020793,0.4068740497,-0.8846444559,-0.03610913611,0.4648659128
-0.9397306093,0.1385384156,0.3125915695,0.1627390573,0.985267587,0.05257167703,-0.3007031445,0.1002740714,-0.948431721
-0.563283092,-0.4982285099,-0.6591513561,0.5617232743,0.3541326874,-0.7477011454,0.6059530686,-0.7914280711,0.08038959478
-0.328804436,0.7099080351,-0.6228308154,-0.5264596506,0.4097390759,0.7449524321,0.78404584,0.5728389577,0.2390139104
-0.2687969335,-0.202438708,0.9416829499,0.9043506526,-0.3895306565,0.1744011606,0.3315088321,0.8984900874,0.2877802236
0.8837337025,-0.4679860864,0.001940623199,0.4134913351,0.7788716113,-0.4715760054,0.2191795129,0.4175500401,0.8818232845
0.4845644149,0.8387406066,-0.2484180402,-0.8059398066,0.5384710515,0.2459877128,0.3400858068,0.08101309514,0.9368983522
0.4076977534,-0.3083582042,0.8594752817,-0.4251641322,-0.8971023363,-0.1201784462,0.808095293,-0.3164215798,-0.4968494553
0.1186148999,-0.9753865493,0.1858805662,-0.2425377294,0.1530707303,0.9579899798,-0.9628634147,-0.158714936,-0.2184115696
0.9831008972,0.0606786009,-0.1727157586,-0.09209239288,0.9793212592,-0.1801356778,0.1582138333,0.1929973539,0.9683596462
-0.2472227631,-0.4504612713,0.8578843445,-0.9241188531,0.375829419,-0.06896805938,-0.2913507351,-0.8098375707,-0.5091933408
0.9757228391,-0.005096312569,0.2189496949,-0.01116714329,0.9972710527,0.07297768448,-0.2187241098,-0.0736510361,0.9730032316
-0.02248171802,0.2417230034,0.9700848221,-0.6265720909,-0.759522944,0.174734978,0.7790391436,-0.6038997328,0.1685322683
0.9760235114,0.1771431676,0.1264847952,-0.1896689559,0.9772469924,0.0949421036,-0.1067885407,-0.1166559644,0.9874146006
-0.5156746082,0.7896796882,-0.3323938755,0.7882515864,0.589304913,0.1771416271,0.3357664887,-0.1706625605,-0.9263558471
0.305231785,0.9521876188,-0.01312616125,-0.2440606241,0.09154439834,0.9654294562,0.9204716015,-0.2914761771,0.2603337646
-0.6685684634,0.7237555664,-0.170862781,-0.5871837611,-0.3727879975,0.7185014541,0.4563238329,0.5806952635,0.6742118142
0.3154806461,-0.7136033755,0.6254935527,-0.8546299671,-0.5001367683,-0.1395379241,0.4124070577,-0.49054402,-0.7676503001
0.9440178865,-0.3147303479,0.09886879199,0.3255011666,0.9373787097,-0.1239763898,-0.05365836836,0.1492178366,0.9873473638
0.1829575892,-0.7446275097,0.6419161879,0.1276322054,-0.6294213094,-0.7665108188,0.9748007697,0.2221681502,-0.02011895411
-0.4968784278,0.03798582048,0.8669884114,-0.8593738758,-0.1605830376,-0.4854787634,0.1207823235,-0.986291116,0.112434269
0.7542992419,0.3288950885,0.568208302,-0.142074004,0.9267353697,-0.3478168081,-0.6409739707,0.1816303261,0.7457632289
-0.04927203341,-0.9217153187,-0.3847247561,-0.8037522336,0.2652573719,-0.5325606761,0.592920411,0.2829830346,-0.7539005162
0.7572943697,-0.1704316944,0.6304429198,0.2904383208,0.952520838,-0.09137633716,-0.5849365943,0.2523035687,0.7708385628
0.8811533919,0.4436212122,0.1636121023,-0.4638298044,0.8781770199,0.1169060913,-0.09181836647,-0.1789003683,0.9795733999
0.3327125662,0.7946023977,-0.50784779,-0.3310540376,0.6026707482,0.72607933,0.8830093841,-0.07345065576,0.4635724633
0.9112567114,-0.3247777583,0.2532402292,0.3140377442,0.9457820673,0.08292512468,-0.2664423036,0.003960913908,0.963842731
0.298059406,0.763371608,0.5730832214,0.9019489915,-0.02868762669,-0.4308886594,-0.3124877712,0.6453222514,-0.6970728689
0.5057507212,-0.6107744009,-0.6092379168,-0.03749972263,-0.7211130599,0.6918017965,-0.8618642462,-0.3270330046,-0.3876073207
-0.07912676035,-0.2021873503,0.9761450871,-0.8120240791,0.5810705879,0.05453317189,-0.5782351172,-0.7883382822,-0.2101592301
-0.07666848537,-0.7675814878,-0.6363494346,-0.7266589286,0.4800251571,-0.4914698872,0.6827069246,0.4247287465,-0.5945727433
0.8223163065,-0.5572388513,-0.1152421562,0.560861002,0.8279091152,-0.001197276489,0.09607720051,-0.06365029119,0.9933367062
0.9869648038,0.07410652273,-0.1428590193,-0.08765914351,0.9919828005,-0.09102745827,0.1349679616,0.1023637968,0.9855482243
0.7778192739,-0.4730622417,-0.4137744466,-0.5594459163,-0.8211490922,-0.1128469543,-0.286386878,0.3192589605,-0.9033583299
-0.7487017617,-0.5465228319,-0.3751779128,-0.457861278,0.8356050974,-0.303524581,0.4793836899,-0.05546994989,-0.8758506508
0.7998890952,0.4164343871,0.4321571896,-0.4995151452,0.8611038172,0.09478837352,-0.3326590674,-0.2916892477,0.8968028366
0.0949648478,0.8814206287,0.4626871006,-0.1442041488,-0.4477049184,0.8824768946,0.9849806298,-0.1505256835,0.08458828209
0.2610618781,0.9186639409,-0.2964848384,0.9582580374,-0.2095370692,0.1945141394,0.1165685618,-0.3348892059,-0.9350192459
0.7559537167,0.4371909728,-0.4872350885,-0.3988029899,0.897801567,0.1868382228,0.5191244104,0.05306976116,0.8530494986
0.9867366053,0.02174279662,0.1608667851,-0.04480666928,0.9889710351,0.1411688849,-0.1560231846,-0.1465044111,0.9768281443
0.6786046997,0.6559364141,0.3305194127,-0.6363836681,0.7497534602,-0.1813438057,-0.3667580789,-0.08727639746,0.926213443
0.7707797312,0.3462737294,-0.5347832368,-0.6367912,0.3925210363,-0.6636446366,-0.01988903302,0.8520690937,0.5230513225
0.2503316586,0.1907885335,0.9491753243,-0.9534458806,0.2188573677,0.207466637,-0.1681517575,-0.9569227702,0.2366934692
0.7347295754,-0.6025742682,-0.311571344,0.5054437578,0.7926181142,-0.3410031272,0.4524368009,0.09306329193,0.8869273729
-0.1974735227,0.3121351249,-0.9292878304,-0.6879611239,-0.7194421692,-0.09545919124,-0.6983650191,0.6204632374,0.3568076108
-0.5560254017,0.1186453806,-0.822653649,0.5016522444,0.8370620386,-0.2183395732,0.6627071588,-0.5340883983,-0.5249464777
0.9325292493,-0.2799751995,0.2280418535,0.02193858412,0.674291777,0.7381390777,-0.3604273821,-0.6833333646,0.634939064
0.7898365461,-0.4758243195,-0.3869747374,-0.3887964548,0.09952619851,-0.9159322314,0.4743369552,0.8738911561,-0.1063893796
-0.04724940295,0.6628819554,-0.747231562,-0.6062777549,0.575484024,0.5488582896,0.7938480824,0.4789631002,0.3746993071
0.5060867915,-0.8572495859,-0.09486467703,0.8506041136,0.4778967596,0.2192882329,-0.1426492251,-0.1916711627,0.9710372619
0.907187241,0.2678532767,-0.3244471174,-0.408414835,0.745847213,-0.5262216808,0.1010377769,0.6098906107,0.7860183272
0.2686629697,0.6539747093,0.7072038521,0.7825672909,0.2798801151,-0.5561075043,-0.5616125389,0.7028400962,-0.4365857937
0.8623502069,0.3751269295,0.3400469194,-0.3814958192,0.9229774493,-0.05073034631,-0.3328859574,-0.08597915343,0.9390391496
0.9580264969,-0.02729605819,-0.2853772179,-0.04235907133,0.9710521237,-0.2350818628,0.2835329617,0.2373029674,0.9291374286
0.8629667337,-0.4801268042,0.157374294,0.4419633463,0.8682532597,0.22539893,-0.2448608116,-0.1249581088,0.9614721285
0.5256573654,-0.4681774928,-0.7102775299,0.3086448462,0.8830050473,-0.3536105845,0.7927311607,-0.03334549075,0.608658677
0.4945273608,-0.3969587197,0.7732182514,0.253732326,0.9167963529,0.3083899384,-0.8313017479,0.04368320309,0.5541021401
0.8262081933,-0.01288616148,-0.5632175141,-0.1063675999,0.9781890145,-0.1784157659,0.5532322795,0.2073166628,0.8068171083
0.06332594305,-0.4293078488,0.9009354005,-0.9928810953,-0.1183545826,0.0133911715,0.1008808982,-0.8953697358,-0.4337465626
0.7542032484,-0.2729725662,-0.5972130593,0.1208000243,0.9516532411,-0.2824242604,0.6454338187,0.1408619425,0.7507150584
0.7511926206,0.360670109,-0.5528351646,-0.4427765481,0.8964748887,-0.01678398961,0.4895493594,0.257390455,0.8331215868
0.6935833125,-0.2272196631,0.6836032573,0.5823983425,0.7353687112,-0.3464751496,-0.4239744795,0.6384387859,0.6423718218
0.6885551207,-0.7251511894,0.006899146642,0.493933352,0.4619979862,-0.7366055284,0.5309629833,0.5106012272,0.6762874368
0.9792353721,-0.2020697936,-0.01630596697,0.1769396008,0.8911643667,-0.4177540535,0.0989467721,0.4061943747,0.9084138188
0.9197070796,0.2750666697,-0.2801378499,-0.3099826005,0.9466439681,-0.08818154547,0.2409350018,0.1679390509,0.9559010409
0.8072442701,-0.4119786428,-0.422646763,0.5672202604,0.3435680329,0.7484799149,-0.1631498225,-0.8439399296,0.5110259589
0.1797979052,-0.9204804645,-0.3469703558,-0.1245261443,-0.3711785009,0.9201737661,-0.9757899122,-0.122238435,-0.1813610001
0.9526925163,-0.2370582347,-0.1902113633,0.2735901685,0.9414623085,0.1969698998,0.1323834924,-0.2396917084,0.961780898
-0.08780360383,0.9935728401,0.07143905532,0.0989561056,-0.06266136744,0.9931169328,0.9912104803,0.09426857642,-0.092818205
0.1156951406,-0.5028855288,-0.8565750285,-0.63426063,0.6262580795,-0.4533368185,0.764413558,0.5957406842,-0.2465054758
-0.06106242801,-0.2750457829,0.9594900714,0.8650660161,-0.494128019,-0.08659265892,0.4979278739,0.8247346956,0.2681054162
0.9194105654,0.1766104801,0.3514156379,-0.2490101054,-0.4302193041,0.8677011685,0.3044309111,-0.885279667,-0.3515703793
0.6095987219,-0.05742100413,0.7906277421,-0.07601916358,0.9885417642,0.1304080798,-0.7890567058,-0.1395994584,0.5982486993
0.9132587177,-0.3927450784,-0.108211912,0.0182473554,0.3047993839,-0.9522417601,0.4069711889,0.8676685075,0.2855272535
0.7700401157,0.1153517263,-0.627480836,0.6283511229,-0.3074852808,0.7145821636,-0.1105128349,-0.9445352197,-0.3092573879
-0.5853775436,-0.4075616343,0.7008756278,-0.1962329001,0.9099859593,0.3652645655,-0.7866548038,0.07628281706,-0.612662347
0.9772935641,-0.03960422582,-0.2081556988,0.05616874884,0.9956545406,0.07427723363,0.2043094743,-0.08428250755,0.9752712944
0.8706048872,-0.4848759135,0.08332153908,0.4010076523,0.7974824223,0.4507933549,-0.2850263026,-0.3590503231,0.8887310461
0.992175345,-0.03672057306,-0.1193301482,0.01542805865,0.9845048934,-0.1746771019,0.1238953581,0.1714692813,0.9773680094
0.3630031821,0.02184650205,-0.9315317601,0.6136264469,0.7467276044,0.256632945,0.7012070118,-0.6647710998,0.2576589051
-0.3355762149,-0.8121149499,-0.4773446472,-0.7948096097,-0.02789678734,0.6062173319,-0.5056345402,0.5828302304,-0.6361152681
0.3111382572,-0.500308345,-0.8080127133,0.9106323676,-0.0863192448,0.4041010753,-0.2719221874,-0.8615338345,0.4287397533
0.9985885471,0.05253189764,-0.007830289085,-0.05137135538,0.9927394895,0.108762539,0.01348693976,-0.1082067733,0.9940369192
0.5718604076,-0.7347824197,-0.3647882536,0.7927003578,0.6094236193,0.01513258195,0.2111914226,-0.2978215036,0.9309675263
0.7755300225,0.3120623584,0.5487898219,-0.2903680528,-0.5955603483,0.7489955043,0.560570761,-0.7402195323,-0.371261991
0.1599246077,-0.07320387196,-0.9844111504,0.3086888773,0.9509406967,-0.02056619673,0.9376221504,-0.3005877319,0.1746760389
0.9211186592,0.2999073711,-0.2481853834,0.3892819222,-0.7095939116,0.5873125791,2.853463015e-05,-0.6375986585,-0.7703687103
0.5811483418,0.7998831646,-0.1498450127,0.7939015179,-0.5167799405,0.3204042337,0.1788490557,-0.3051645721,-0.935354264
0.6190593802,-0.7839205871,0.04726517714,-0.1069069397,-0.1437420429,-0.9838237298,0.778033669,0.6039923329,-0.172791411
0.6938518976,0.2944545035,0.657165192,-0.5865893092,0.7604572068,0.2785997468,-0.4177110562,-0.578793039,0.7003685398
0.5228594956,0.8487964965,-0.07850130891,-0.8445969513,0.5283073049,0.08687566661,0.1152125764,0.02087819895,0.9931214241
0.2463058761,0.6951735154,-0.6753274753,0.4109168168,0.5561636164,0.7223776031,0.8777703487,-0.4554292649,-0.1486721213
0.422227445,0.8089388757,0.4090744187,0.4853903893,0.1793705475,-0.8556999338,-0.7655848448,0.5598607881,-0.3169159878
0.8838591075,0.44873204,-0.1320327022,0.4061007596,-0.5960876475,0.6926483159,0.2321104289,-0.6658221029,-0.7090879184
-0.2544502665,0.5266803087,0.8110874887,-0.8321318129,0.3081016416,-0.4611182326,-0.4927592798,-0.7922633596,0.3598708953
0.9557795296,-0.2884059908,0.05751065286,0.2869890034,0.9574086049,0.03171868958,-0.06420905401,-0.01381114925,0.9978408939
0.9646138084,0.04914471614,0.2590463232,-0.008103371718,0.9875375081,-0.1571750788,-0.2635422851,0.1495141027,0.9529905545
0.9888085225,0.1430775158,-0.04226736614,-0.1418868819,0.9894295099,0.02995592931,0.04610659931,-0.02362349342,0.9986571544
0.7087848228,-0.1782238195,-0.682539629,0.02825802279,0.9739550982,-0.2249732227,0.7048585384,0.1401703854,0.6953608444
0.4055181479,0.6138627353,-0.6772943038,-0.5337116889,-0.4425314723,-0.7206370301,-0.7420962639,0.6537112805,0.1481711742
0.3834498863,0.8645536806,0.3248278284,0.2088304124,0.2614392216,-0.9423584203,-0.8996421753,0.4291811585,-0.08029626184
0.3063448641,-0.4983893624,0.811024579,-0.2088138985,-0.8664198546,-0.4535563817,0.9287354737,-0.03040853597,-0.3694938983
0.9269272249,0.2750215677,0.2552823087,-0.3598886012,0.8441747172,0.397302456,-0.1062361264,-0.460143656,0.8814656552
0.8895201401,0.242824977,0.3870270674,0.3922387014,-0.8402632559,-0.3743079775,0.2343132978,0.4847614789,-0.8426764427
-0.5275606566,-0.5542841019,-0.6437770484,0.6938802893,-0.7183606844,0.04988056932,-0.4901121276,-0.4203891787,0.7635856473
0.9453880555,-0.2773020341,-0.1713038421,0.02363144991,0.582486552,-0.8124967516,0.3250891862,0.7640765659,0.5572288779
0.7896854228,-0.601072667,0.1229169724,0.6111625305,0.7882282599,-0.07194839561,-0.05364041721,0.1319388471,0.9898054588
0.9736970727,0.0938591506,0.2076161612,-0.1409527263,0.9640579104,0.2252213897,-0.1790149142,-0.2485614718,0.9519300685
0.9799682043,0.1001982992,-0.1721122291,-0.1012929213,0.9948536692,0.002433316132,0.1714702968,0.01504917803,0.9850743422
0.2239541401,-0.1180978926,-0.9674179195,-0.2435546829,0.9543541303,-0.1728852524,0.9436766711,0.2743375326,0.1849682638
0.7450071843,-0.581284177,-0.3272201107,-0.6273578214,-0.4438737658,-0.6398423587,0.2266858161,0.6819712498,-0.6953623194
-0.5562746647,-0.8228729148,-0.1159252496,-0.6085350188,0.3083745681,0.7311567935,-0.5659007231,0.477268574,-0.6722879442
-0.5640083907,0.675179171,0.475423624,-0.7713048428,-0.6363659868,-0.011276982,0.2949294403,-0.3730568561,0.8796847204
-0.1986417916,0.523067889,-0.828819294,-0.03600874295,0.8412056107,0.5395150516,0.9794104395,0.1370149773,-0.1482635724
0.5690470577,-0.7640084774,0.3040994781,0.1783869329,0.4757015236,0.8613281388,-0.8027225849,-0.4358888698,0.4069856813
0.179409295,0.03962127156,0.9829763271,0.8260922377,0.536516094,-0.1724009736,-0.5342133653,0.8429594508,0.06352514929
-0.3781112121,0.6402557247,0.6686587458,-0.5420659291,0.4323956051,-0.7205543486,-0.7504641496,-0.6349068024,0.1835671879
-0.6996482893,-0.1372366039,0.7011835607,-0.6934923296,-0.1057189158,-0.712665349,0.1719321381,-0.9848805133,-0.02120647359
-0.7948601185,-0.5437571264,0.2693057361,0.48897929,-0.3111932609,0.8148975447,-0.359300217,0.7794144866,0.5132410858
0.8421108166,0.05227858071,-0.5367646808,0.2094560999,0.885454457,0.4148476187,0.4969683237,-0.4617763036,0.7347007083
0.5941118274,-0.7774455239,0.2064209141,-0.3701328161,-0.03638422668,0.9282660645,-0.7141658315,-0.6278970022,-0.3093744005
0.6300844082,-0.1303586723,0.765506535,-0.6092838376,-0.6941635028,0.3832887119,0.4814216901,-0.7079150005,-0.5168070319
0.5605767961,0.6405257744,-0.5248622563,-0.02847268175,0.6483468727,0.7608124861,0.8276128093,-0.4115495899,0.3816856992
-0.2633812973,0.9267438576,0.2679106466,-0.7654880608,-0.03176530201,-0.6426655385,-0.5870760777,-0.3743484846,0.7177777449
0.3244253971,0.9328848598,0.1564416826,0.9398262383,-0.2991699319,-0.1649969507,-0.1071205097,0.2005571993,-0.9738079925
0.9995957378,0.02344490502,0.01608407057,-0.026452955,0.5595526399,0.8283725516,0.01042123165,-0.8284631432,0.559946621
0.9341880634,-0.2580184706,-0.2464125222,0.3012238195,0.2002677147,0.9322859288,-0.1911985168,-0.9451557074,0.2648090178
-0.005793965339,-0.8709159315,-0.4913978736,0.3309575795,0.4620421967,-0.8227904284,0.9436278453,-0.1673990701,0.2855591722
0.499597213,-0.8306162307,-0.2459253996,0.472715853,0.4993103262,-0.7261053095,0.7259079467,0.2465073539,0.6420995074
-0.628830634,-0.6116122743,0.4801067169,-0.6863877459,0.726742101,0.02679143484,-0.3652997345,-0.3126920922,-0.8768008665
0.8881422732,-0.1097506056,0.4462713379,0.1204034921,0.9927147625,0.004516568697,-0.4435158414,0.04972127194,0.894886302
0.3247066512,0.7373300417,-0.5923765697,-0.9404222414,0.3184739664,-0.1190812354,0.1008543436,0.5957505706,0.7968121855
0.6517483186,0.03265696688,0.7577319129,0.6223271831,0.5480307246,-0.5589017821,-0.4335124062,0.8358204636,0.3368547851
-0.8444222364,0.081127922,-0.5294991472,-0.3626871642,-0.8140247235,0.453675843,-0.3942196185,0.5751365141,0.7168046334
-0.9128731448,0.3916269713,0.1152863258,0.4079677405,0.8647513706,0.2928607001,0.01499814069,0.3143777701,-0.9491794738
0.6542522644,0.5866588726,0.4772686265,-0.7389321671,0.6302560516,0.238236357,-0.1610379674,-0.5085358165,0.845847561
0.4726113077,-0.5162290013,-0.714245175,0.321719108,0.8556011687,-0.4055162829,0.8204482722,-0.03813473979,0.570447521
0.02475991871,0.8371351281,-0.5464354708,-0.9929907461,-0.04259530943,-0.1102497974,-0.1155695663,0.5453351419,0.830212779
-0.9572728731,0.2242500469,0.1825939839,-0.2733843721,-0.4958966349,-0.8242254015,-0.09428484277,-0.8389269598,0.5360148547
0.6620900595,0.6789505291,-0.3172742224,0.441960121,-0.6956415069,-0.5663516093,-0.6052338429,0.234753217,-0.7606463846
0.9139857968,-0.4052066668,-0.02091698797,0.1518839199,0.293875715,0.9436992842,-0.3762462466,-0.8657046964,0.3301426065
0.1674989898,0.9653762501,-0.1999819596,-0.5218759195,0.2589191712,0.8127769604,0.8364147375,-0.03177355074,0.5471753178
0.9831310072,0.03057923299,-0.1803284038,-0.07902513173,0.9601679925,-0.2680157733,0.1649498447,0.277745093,0.9463874534
0.965930781,0.1236644164,-0.2273429972,-0.1815271852,0.9498592481,-0.2545884716,0.1844603136,0.2871837756,0.9399467388
0.8604684786,-0.4558338997,-0.2276169003,0.2126168268,-0.08473411677,0.9734547829,-0.4630206069,-0.8860223391,0.02400692073
0.9176247517,-0.1029322883,-0.3838876906,0.2914800295,0.8309126145,0.4739447431,0.2701929078,-0.5467990226,0.792468688
0.7657373911,-0.6250341632,0.1515867496,0.5775187198,0.7719502478,0.2656406278,-0.2830518965,-0.1158667758,0.9520800986
0.3716386533,-0.7805425926,0.5026310501,0.05972031958,0.5603864636,0.8260753566,-0.9264546372,-0.2769842461,0.2548755237
-0.008727383083,0.7972148353,0.6036326194,-0.9498951945,-0.1952268914,0.2441015779,0.3124467191,-0.5712573564,0.7589743609
0.4567186967,-0.5374515268,-0.7089103529,-0.2264209051,-0.8408611991,0.4916157215,-0.8603148295,-0.06401796792,-0.5057272921
-0.2568894358,0.7623595394,0.5939829547,0.9655198764,0.1756248835,0.192164691,0.04218039813,0.6228674281,-0.7811894655
0.9883313298,0.0573735027,-0.1411008992,-0.05535280001,0.9983008318,0.0182076021,0.141905779,-0.01018481374,0.9898277726
0.8978055233,-0.1749632687,-0.404144896,0.2116616084,0.9761834939,0.04759358916,0.3861924467,-0.1282717459,0.9134559394
-0.4326600917,-0.8138757364,-0.3878292546,-0.2974090002,-0.277250016,0.9136084037,-0.8510893794,0.5106258065,-0.1220989517
0.9944324863,0.09275557852,0.0500043292,-0.09480969811,0.994675317,0.04039968882,-0.04599077549,-0.04491565835,0.9979315769
-0.961243643,0.2018482186,-0.187797645,-0.2630109639,-0.8756376137,0.4050728358,-0.0826794514,0.438766528,0.8947893843
0.999501314,0.02855285172,0.01348547488,-0.0183442536,0.8726384467,-0.4880221611,-0.02570236825,0.4875314103,0.8727270548
0.8248239022,-0.3070322545,0.4747596498,0.4749945837,0.8317603811,-0.2873235354,-0.3066686744,0.4624995819,0.8318945011
0.9946253725,0.02706447305,0.09993939477,-0.03656345957,0.9948556308,0.09447426826,-0.09686837333,-0.09762063428,0.9904982231
-0.4559659385,0.2482748053,-0.8546664168,0.6397442191,-0.5761714373,-0.5086784927,-0.6187264315,-0.7787079657,0.1038821787
-0.7815626427,0.5754723857,-0.2408139713,0.419667788,0.7706433005,0.479570486,0.4615612454,0.2737525098,-0.8438132377
0.468509863,0.5812761225,-0.6652943542,-0.3592680044,0.8133338262,0.4576183871,0.8071090443,0.02462024709,0.589888832
0.252012258,-0.7758508296,0.5783989212,0.7196194155,0.5498615524,0.4240285014,-0.6470221933,0.3093667136,0.6968891719
0.989722971,-0.006195772027,0.1428637572,-0.01606305653,0.9879207435,0.1541252182,-0.1420929939,-0.1548360974,0.9776683303
-0.02459173802,0.7985702974,0.6013989744,-0.9247017065,-0.2467786262,0.2898742204,0.3798973551,-0.5489861471,0.7445080321
0.7515785769,0.472248142,0.4605554637,-0.3863148879,0.8810442924,-0.2729867438,-0.5346872452,0.02725155614,0.8446105035
0.9732211732,-0.09138857243,-0.2109233909,0.13217188,0.9731988092,0.1881878634,0.1880721726,-0.2110265543,0.9592166863
0.9828883369,-0.1645008437,0.08288540053,0.177875827,0.9645308288,-0.1950396637,-0.04786133484,0.2064455199,0.9772868258
0.6341919058,0.7560888621,0.1616485668,-0.7708911337,0.602284001,0.2073182147,0.05939264751,-0.2560929806,0.9648258385
0.9945650542,-0.09158059244,0.04953128347,0.0969078554,0.9881811437,-0.11877245,-0.03806862901,0.1229268986,0.9916853115
0.921771981,-0.3334277676,-0.1978947671,0.1362551343,-0.1992802874,0.9704235701,-0.3630026906,-0.9214734347,-0.13825974
0.9240829046,-0.1588210139,0.3476300778,0.3542863426,0.6971449518,-0.6232736988,-0.1433595931,0.6991171588,0.7004878481
0.1559998666,-0.3046383627,-0.9396060396,-0.9517990899,0.207967001,-0.2254511453,0.2640881179,0.9294865219,-0.257511692
-0.7280174574,-0.684690775,0.03448368199,0.384305422,-0.3659363047,0.8475847825,-0.5677146504,0.6303087843,0.5295383953
-0.08434045651,0.03473067932,0.9958315456,-0.9451090607,-0.3194072236,-0.06890492681,0.3156826742,-0.9469808897,0.05976323076
-0.2516956251,-0.7676562788,0.5893667364,0.7287316592,0.2504093701,0.637373765,-0.6368669258,0.5899143879,0.4963884908
-0.09846122809,-0.8159280466,-0.5697076526,0.3978076452,0.4924860187,-0.7740843616,0.9121701947,-0.3028513566,0.2760916366
0.9490353605,-0.1971298644,0.2459099451,0.2990184221,0.8097460041,-0.5048756203,-0.09959853284,0.5526764201,0.827423052
-0.682978374,-0.4713255871,0.5580257445,-0.7076819255,0.2377635681,-0.6653230629,0.1809055912,-0.849305997,-0.4959359742
-0.509147162,0.8479663386,0.1473847211,-0.8348134726,-0.5282171799,0.1551550088,0.2094173665,-0.04404201843,0.9768340019
-0.1478432454,0.01597545249,0.9888817724,0.7032650598,0.7047182708,0.09375720959,-0.6953852388,0.709307369,-0.1154228138
0.8486006777,0.4849680637,0.2113832232,-0.458629208,0.8735531459,-0.1629851247,-0.26369706,0.04136276706,0.9637183105
-0.9702085144,0.1038249315,0.2188968298,-0.08368166186,0.7042982674,-0.7049548425,-0.2273605462,-0.702270841,-0.6746279329
0.9575705021,0.0180659288,-0.2876323273,0.1017611668,0.9125534064,0.3960946168,0.2696356772,-0.4085583223,0.8719958136
0.9339742453,0.3519992393,-0.06155196717,-0.05590030213,-0.02620773898,-0.9980923357,-0.3529408808,0.9356333096,-0.004800489414
0.8541616306,0.3600303755,-0.3752146552,-0.1282125694,0.845091094,0.5190207895,0.5039538132,-0.3952204088,0.7680048064
0.7218016401,-0.3332789726,0.6065702917,0.1450068384,0.9297922012,0.3383186064,-0.6767388043,-0.1562420847,0.7194532659
0.9985344757,0.03555345313,-0.04080260813,-0.04536708178,0.9609750235,-0.2728897803,0.0295081133,0.2743409489,0.9611796476
0.9562584331,-0.2753070114,0.09887294143,0.09098823625,-0.04129876338,-0.9949952528,0.2780124996,0.9604688759,-0.01444259136
0.8860196169,0.2922003731,-0.3599835834,-0.4395585355,0.2823682109,-0.8526760741,-0.1475043466,0.9137215853,0.3786229421
-0.2330203077,0.8367439304,-0.4955412506,0.8509228932,0.4221219305,0.3126392579,0.4707778308,-0.3488160986,-0.8103675483
-0.3716197431,-0.6418032037,0.6708110123,0.8364714582,0.08199412574,0.5418417324,-0.4027583222,0.7624733511,0.5063794257
-0.5016018011,0.1203428959,-0.8566873529,-0.4197294356,-0.8997664925,0.1193627235,-0.7564541189,0.4194494562,0.501835949
-0.5531396081,-0.01256679789,0.8329937872,0.1767989946,0.9753397355,0.1321155399,-0.8141122094,0.220350802,-0.5372772419
-0.5584236137,-0.08867033921,0.8248033939,-0.763995456,0.4423752103,-0.4696968347,-0.3232243972,-0.8924358488,-0.3147764998
0.7821525347,-0.3158174926,-0.5371189104,0.3103483081,0.9449512516,-0.1036873177,0.5402974553,-0.08559464671,0.837109441
-0.9199769192,-0.1141457291,0.3749842939,-0.3837483342,0.4572242093,-0.8022987214,-0.07987292478,-0.8819959042,-0.4644389529
0.7364454867,0.1124509114,0.6670853301,-0.1798380877,0.9831490096,0.03280681622,-0.6521551252,-0.1441277818,0.7442586077
0.7472999142,0.4775126552,-0.4620871155,-0.5273995383,0.8492587508,0.02468402804,0.4042184623,0.2252581594,0.8864909455
-0.4656002305,0.1197869822,0.876850902,-0.5845588722,-0.7855236603,-0.2030849675,0.6644601946,-0.607127382,0.4357625405
0.9973975152,-0.04624605173,0.05531274143,0.05256191085,0.9915264727,-0.1187960415,-0.04935019953,0.1213942199,0.991376821
0.7998814857,0.5052592188,-0.3238869103,-0.3971109607,0.8502127785,0.3456025408,0.4499916597,-0.1478220316,0.8807134342
0.3757191941,0.00793873591,0.9266995541,0.6127034806,-0.75236023,-0.2419680335,0.6952909694,0.6587040768,-0.2875402704
0.5860817284,-0.1871520638,0.788341495,0.7619394163,0.4582471115,-0.4576657193,-0.2756021291,0.8688979743,0.4111687934
0.1606932725,-0.1633157365,-0.973399015,0.9163641812,0.3910733815,0.08566386493,0.3666801871,-0.9057535981,0.2124995526
0.4156170025,-0.7686489563,-0.4862522898,0.2012464045,-0.443647658,0.8733135979,-0.886996275,-0.4608205047,-0.02969967101
0.7844146631,0.2892401994,-0.5486654202,-0.53631293,0.7606481523,-0.3657633518,0.3115478733,0.5811664955,0.751786823
0.9728183537,0.2195302638,-0.0736947345,-0.2220833225,0.9746154933,-0.02834850976,0.0656006742,0.04394432209,0.9968778501
0.04702182001,0.2765595282,-0.9598457042,-0.9967518117,-0.04990464979,-0.06320879536,-0.06538175834,0.9597001372,0.2733146033
0.9864599037,-0.1487356319,-0.06909826459,0.1201100389,0.9420815305,-0.3131388965,0.1116711105,0.3005995704,0.9471902984
0.6723976202,-0.6673691462,0.320155998,0.3930566693,-0.04458019211,-0.9184329378,0.6272064214,0.7433915719,0.2323382787
0.3763152216,0.1581389046,0.9128959091,-0.8037490146,0.545827299,0.2367701018,-0.4608409438,-0.8228393807,0.3325071097
0.9283256227,-0.06389134717,0.366236855,0.3419390896,0.5333710687,-0.7736878971,-0.1459081807,0.8434649956,0.5169889786
0.9891098214,-0.1157740357,-0.0908742755,0.1061842473,0.9888832727,-0.1040902429,0.1019149985,0.09330726501,0.990407536
0.5385424963,0.3450898373,0.7686904343,-0.5876363814,0.8076325186,0.04912431279,-0.6038670904,-0.4781659953,0.6377317759
0.7264154236,-0.6347659954,0.2634250622,0.1916496723,0.5551930787,0.8093398844,-0.6599932086,-0.5374316481,0.5249535105
0.8729639712,0.4517736008,-0.1839416175,-0.3046551258,0.7994748652,0.5177114971,0.3809450871,-0.3959047278,0.8355478964
-0.5400735443,-0.5945189706,0.595707781,-0.7591497855,0.6496947971,-0.03985315292,-0.3633347904,-0.4737550677,-0.8022119208
-0.3093204536,-0.4393203399,-0.8433969978,-0.3865210357,0.868409486,-0.3105904919,0.8688626738,0.2299186893,-0.4384233688
0.9932361409,0.04235934793,-0.1081094543,-0.06532751053,0.9736008085,-0.2187093553,0.09599106648,0.2242925576,0.9697827405
0.8897165611,0.2325867151,0.3928203927,-0.4116728593,0.7806748142,0.470183253,-0.1973066088,-0.5800433212,0.7903289491
-0.07000939717,-0.3818629836,-0.9215635334,-0.7362268968,-0.6035839257,0.3060333333,-0.673103737,0.6999050695,-0.2388812526
-0.1787232106,0.9275896912,0.328078312,-0.3863980916,0.2404856585,-0.89042864,-0.9048505561,-0.285909099,0.3154385175
0.3688576908,-0.9261216073,-0.07901121767,-0.2597195757,-0.02107483488,-0.9654540866,0.8924627421,0.3766359248,-0.2483055258
0.7337435291,0.2026598621,0.6484978133,0.2224794825,0.8301891313,-0.5111642457,-0.6419683118,0.5193409155,0.5640582418
0.4962809173,0.04798089782,0.8668350965,0.8456395285,-0.2526721499,-0.4701601562,0.196466381,0.9663615359,-0.1659709101
0.7037218272,0.5823913311,-0.4069347949,-0.5275477605,0.04468473367,-0.848349359,-0.4758875395,0.8116795008,0.3386848649
