110.139,0.0790947,0.0366306
0.0790947,110.182,0.0160119
0.0366306,0.0160119,109.863
110.072,0.0637785,0.16737
0.0637785,110.26,0.0200316
0.16737,0.0200316,109.852
109.859,0.171218,0.177228
0.171218,110.304,0.0981226
0.177228,0.0981226,109.603
109.909,0.169773,0.255345
0.169773,110.114,0.200581
0.255345,0.200581,109.476
109.817,0.118348,0.187109
0.118348,109.995,0.196402
0.187109,0.196402,109.315
109.79,0.0704384,0.12461
0.0704384,109.935,0.142656
0.12461,0.142656,108.834
109.728,-0.0171227,0.0828551
-0.0171227,109.928,0.162043
0.0828551,0.162043,108.734
109.4,0.0446845,0.14225
0.0446845,110.007,0.0393216
0.14225,0.0393216,108.363
109.278,0.0172593,0.263309
0.0172593,109.944,0.0873261
0.263309,0.0873261,108.258
109.218,0.0189855,0.211341
0.0189855,109.729,0.0325269
0.211341,0.0325269,108.092
109.036,0.029636,0.197837
0.029636,109.566,0.0879985
0.197837,0.0879985,108.025
108.884,0.0173546,0.183793
0.0173546,109.533,0.0575642
0.183793,0.0575642,107.839
108.767,0.0497625,0.112882
0.0497625,109.463,0.0206067
0.112882,0.0206067,107.59
108.663,0.048316,0.138899
0.048316,109.22,-0.0272661
0.138899,-0.0272661,107.275
108.439,0.064426,0.144056
0.064426,108.951,-0.0580552
0.144056,-0.0580552,106.996
108.283,0.116033,0.0203899
0.116033,108.707,-0.101701
0.0203899,-0.101701,106.638
108.051,0.14459,0.0536982
0.14459,108.551,-0.0611747
0.0536982,-0.0611747,106.412
107.909,0.0946621,0.0603071
0.0946621,108.412,0.014486
0.0603071,0.014486,105.999
107.64,0.145929,0.13811
0.145929,108.342,0.0910004
0.13811,0.0910004,105.821
107.546,0.293786,0.138897
0.293786,108.132,0.09566
0.138897,0.09566,105.642
107.315,0.236822,0.100362
0.236822,107.99,0.0802341
0.100362,0.0802341,105.689
107.422,0.173999,0.185781
0.173999,107.887,0.133602
0.185781,0.133602,105.387
107.3,0.152811,0.190773
0.152811,107.815,-0.0175648
0.190773,-0.0175648,105.229
107.186,0.174107,0.218887
0.174107,107.779,-0.130468
0.218887,-0.130468,105.225
107.028,0.285863,0.156517
0.285863,107.671,-0.171755
0.156517,-0.171755,104.926
106.861,0.188533,0.22583
0.188533,107.639,-0.122977
0.22583,-0.122977,104.81
106.563,0.132319,0.220639
0.132319,107.451,-0.0483945
0.220639,-0.0483945,104.644
106.422,0.0675337,0.208885
0.0675337,107.357,-0.0929353
0.208885,-0.0929353,104.362
106.137,0.0549269,0.106686
0.0549269,107.328,-0.119734
0.106686,-0.119734,104.223
110.183,0.0412986,0.0457394
0.0412986,110.123,0.0527554
0.0457394,0.0527554,109.791
109.939,0.0673973,-0.023059
0.0673973,110.095,0.0919286
-0.023059,0.0919286,109.621
109.796,-0.0639766,-0.188889
-0.0639766,109.987,0.0683311
-0.188889,0.0683311,109.366
109.677,-0.0389721,-0.237433
-0.0389721,109.918,0.0411635
-0.237433,0.0411635,109.107
109.596,0.00617169,-0.124376
0.00617169,109.727,-0.00467451
-0.124376,-0.00467451,108.846
109.702,-0.0525453,-0.105632
-0.0525453,109.445,0.0502218
-0.105632,0.0502218,108.627
109.503,-0.0407917,-0.0885166
-0.0407917,109.412,0.133479
-0.0885166,0.133479,108.377
109.393,-0.174872,-0.0532069
-0.174872,109.143,0.167303
-0.0532069,0.167303,108.233
109.175,-0.135608,-0.0598457
-0.135608,108.99,0.264497
-0.0598457,0.264497,108.028
109.124,-0.23841,-0.168807
-0.23841,108.843,0.367733
-0.168807,0.367733,107.95
109.006,-0.0648581,-0.153859
-0.0648581,108.699,0.264085
-0.153859,0.264085,107.701
108.823,-0.0782342,-0.160269
-0.0782342,108.598,0.174197
-0.160269,0.174197,107.45
108.611,-0.175106,-0.187711
-0.175106,108.356,0.197883
-0.187711,0.197883,107.325
108.516,-0.149437,-0.181758
-0.149437,108.179,0.200319
-0.181758,0.200319,107.067
108.347,-0.220245,-0.224609
-0.220245,108.212,0.151714
-0.224609,0.151714,106.91
108.223,-0.262294,-0.176186
-0.262294,108.184,0.169609
-0.176186,0.169609,106.77
108.065,-0.210609,-0.156889
-0.210609,107.956,0.226321
-0.156889,0.226321,106.578
107.967,-0.325539,-0.100056
-0.325539,107.768,0.181632
-0.100056,0.181632,106.289
107.919,-0.422163,-0.16396
-0.422163,107.635,0.128543
-0.16396,0.128543,106.113
107.699,-0.398354,-0.036927
-0.398354,107.5,0.0637197
-0.036927,0.0637197,105.772
107.377,-0.362798,0.00226179
-0.362798,107.398,0.0827305
0.00226179,0.0827305,105.467
110.194,-0.122682,0.0679432
-0.122682,110.434,0.0227686
0.0679432,0.0227686,109.935
110.184,-0.0856476,0.128886
-0.0856476,110.408,0.0552197
0.128886,0.0552197,109.69
110.08,-0.0657935,-0.0937591
-0.0657935,110.343,0.065012
-0.0937591,0.065012,109.785
110.126,-0.209831,0.0195265
-0.209831,110.515,0.0769859
0.0195265,0.0769859,109.566
109.994,-0.152884,0.0810952
-0.152884,110.408,0.160817
0.0810952,0.160817,109.506
110.009,-0.163455,0.0810997
-0.163455,110.421,0.249331
0.0810997,0.249331,109.384
109.766,-0.174176,0.119191
-0.174176,110.396,0.397659
0.119191,0.397659,109.071
109.556,-0.158798,0.134729
-0.158798,110.142,0.447
0.134729,0.447,108.899
109.385,-0.220633,0.0674803
-0.220633,109.997,0.43524
0.0674803,0.43524,108.535
109.091,-0.126248,0.125122
-0.126248,109.896,0.359578
0.125122,0.359578,108.358
108.881,-0.153378,0.0433637
-0.153378,109.737,0.385958
0.0433637,0.385958,108.091
108.765,-0.200207,0.0677508
-0.200207,109.564,0.210989
0.0677508,0.210989,107.777
108.614,-0.20508,0.136099
-0.20508,109.399,0.171334
0.136099,0.171334,107.564
108.436,-0.107887,0.102953
-0.107887,109.325,0.0492414
0.102953,0.0492414,107.511
108.218,-0.0525099,0.117522
-0.0525099,109.114,0.189398
0.117522,0.189398,107.482
108.162,-0.00583168,0.0808351
-0.00583168,108.95,0.210841
0.0808351,0.210841,107.389
108.016,-0.0408428,0.0667643
-0.0408428,108.936,0.19038
0.0667643,0.19038,107.161
107.657,0.0844106,0.015023
0.0844106,108.761,0.236431
0.015023,0.236431,106.948
107.422,0.0452962,0.00405843
0.0452962,108.547,0.27624
0.00405843,0.27624,106.978
107.434,0.0760671,-0.0290526
0.0760671,108.508,0.352776
-0.0290526,0.352776,106.929
107.386,0.202701,-0.0312035
0.202701,108.438,0.436814
-0.0312035,0.436814,106.649
107.336,0.178359,-0.0539472
0.178359,108.268,0.495118
-0.0539472,0.495118,106.377
107.132,0.133587,-0.0495924
0.133587,108.027,0.551251
-0.0495924,0.551251,106.032
106.818,0.134083,-0.140816
0.134083,107.902,0.589117
-0.140816,0.589117,105.701
106.616,0.111174,-0.240866
0.111174,107.788,0.571009
-0.240866,0.571009,105.38
106.457,0.15992,-0.183744
0.15992,107.614,0.563783
-0.183744,0.563783,105.273
106.396,0.180056,-0.249918
0.180056,107.497,0.533377
-0.249918,0.533377,105.149
106.234,0.147657,-0.236233
0.147657,107.378,0.498386
-0.236233,0.498386,104.867
106.078,0.2185,-0.201344
0.2185,107.263,0.418132
-0.201344,0.418132,104.719
105.938,0.203203,-0.295974
0.203203,107.172,0.378629
-0.295974,0.378629,104.585
105.859,0.116736,-0.281869
0.116736,107.056,0.488754
-0.281869,0.488754,104.353
105.892,0.000272707,-0.26675
0.000272707,106.923,0.432503
-0.26675,0.432503,104.186
105.777,0.0908068,-0.210847
0.0908068,106.651,0.510424
-0.210847,0.510424,103.995
105.67,0.0504691,-0.149702
0.0504691,106.586,0.461973
-0.149702,0.461973,103.769
105.598,0.118308,-0.210588
0.118308,106.432,0.435561
-0.210588,0.435561,103.527
105.636,0.05867,-0.234633
0.05867,106.32,0.361328
-0.234633,0.361328,103.33
105.626,-0.0190681,-0.304681
-0.0190681,106.387,0.358091
-0.304681,0.358091,103.175
105.457,0.0188718,-0.370083
0.0188718,106.582,0.344376
-0.370083,0.344376,102.965
105.192,-0.00341818,-0.342586
-0.00341818,106.432,0.314463
-0.342586,0.314463,102.796
105.224,0.0214476,-0.295658
0.0214476,106.462,0.350346
-0.295658,0.350346,102.698
105.009,0.0390514,-0.296989
0.0390514,106.229,0.243051
-0.296989,0.243051,102.698
104.884,0.0834266,-0.269026
0.0834266,106.172,0.246961
-0.269026,0.246961,102.469
104.793,0.157166,-0.261314
0.157166,106.148,0.245743
-0.261314,0.245743,102.201
104.697,0.189832,-0.269435
0.189832,106.073,0.303698
-0.269435,0.303698,102.253
104.62,0.285212,-0.329388
0.285212,105.857,0.333443
-0.329388,0.333443,102.163
104.58,0.250403,-0.411683
0.250403,105.79,0.277317
-0.411683,0.277317,101.987
104.304,0.267333,-0.341002
0.267333,105.658,0.231132
-0.341002,0.231132,101.807
103.975,0.342387,-0.43416
0.342387,105.53,0.13297
-0.43416,0.13297,101.596
103.862,0.479188,-0.417711
0.479188,105.343,0.0505228
-0.417711,0.0505228,101.594
103.717,0.376016,-0.408359
0.376016,105.242,-0.112072
-0.408359,-0.112072,101.552
103.564,0.396759,-0.503453
0.396759,105.198,-0.153033
-0.503453,-0.153033,101.45
103.539,0.403555,-0.496134
0.403555,105.137,-0.205511
-0.496134,-0.205511,101.269
103.309,0.616582,-0.536162
0.616582,105.288,-0.184566
-0.536162,-0.184566,101.17
103.255,0.599308,-0.487851
0.599308,105.287,-0.161351
-0.487851,-0.161351,100.955
103.161,0.715507,-0.500226
0.715507,105.181,-0.15191
-0.500226,-0.15191,100.853
103.11,0.63997,-0.604441
0.63997,105.201,-0.106523
-0.604441,-0.106523,100.66
103.028,0.646364,-0.629979
0.646364,105.125,-0.0638612
-0.629979,-0.0638612,100.645
102.908,0.679749,-0.554551
0.679749,105.182,-0.143109
-0.554551,-0.143109,100.543
102.965,0.765898,-0.544915
0.765898,104.935,-0.185693
-0.544915,-0.185693,100.382
102.885,0.730733,-0.551458
0.730733,104.877,-0.230836
-0.551458,-0.230836,100.185
102.792,0.723629,-0.641086
0.723629,104.796,-0.284495
-0.641086,-0.284495,100.025
102.654,0.680211,-0.728644
0.680211,104.734,-0.267621
-0.728644,-0.267621,99.8285
102.612,0.739384,-0.716764
0.739384,104.606,-0.28851
-0.716764,-0.28851,99.7715
102.507,0.885946,-0.622086
0.885946,104.403,-0.284047
-0.622086,-0.284047,99.6393
102.369,0.905909,-0.689407
0.905909,104.353,-0.268539
-0.689407,-0.268539,99.5467
102.291,0.846692,-0.641329
0.846692,104.42,-0.364745
-0.641329,-0.364745,99.3126
102.344,0.828505,-0.623078
0.828505,104.455,-0.415523
-0.623078,-0.415523,99.2096
102.228,0.829155,-0.660588
0.829155,104.455,-0.341901
-0.660588,-0.341901,99.1343
102.304,0.756494,-0.625877
0.756494,104.289,-0.420323
-0.625877,-0.420323,99.079
102.221,0.818389,-0.562347
0.818389,104.12,-0.39585
-0.562347,-0.39585,98.9553
102.058,0.781987,-0.550966
0.781987,104.062,-0.313431
-0.550966,-0.313431,98.9061
102.127,0.734507,-0.421465
0.734507,104,-0.225363
-0.421465,-0.225363,98.9348
102.069,0.608035,-0.337617
0.608035,103.968,-0.293666
-0.337617,-0.293666,98.8571
102.011,0.474964,-0.386725
0.474964,103.966,-0.291736
-0.386725,-0.291736,98.8413
101.939,0.422303,-0.356059
0.422303,103.885,-0.327723
-0.356059,-0.327723,98.6429
101.671,0.472329,-0.429954
0.472329,103.673,-0.268629
-0.429954,-0.268629,98.6688
101.413,0.529939,-0.502423
0.529939,103.527,-0.215995
-0.502423,-0.215995,98.5528
101.312,0.509546,-0.527591
0.509546,103.322,-0.148208
-0.527591,-0.148208,98.422
101.211,0.524894,-0.549499
0.524894,103.225,-0.170955
-0.549499,-0.170955,98.3207
101.135,0.464122,-0.712655
0.464122,103.243,-0.246858
-0.712655,-0.246858,98.1825
100.911,0.445322,-0.642942
0.445322,103.101,-0.355726
-0.642942,-0.355726,98.0697
100.919,0.371006,-0.630435
0.371006,103.003,-0.460935
-0.630435,-0.460935,97.9691
100.791,0.424999,-0.644883
0.424999,103.03,-0.347919
-0.644883,-0.347919,97.7197
100.687,0.425676,-0.63633
0.425676,102.955,-0.346451
-0.63633,-0.346451,97.6195
100.681,0.416197,-0.597547
0.416197,102.776,-0.34712
-0.597547,-0.34712,97.3762
100.591,0.454676,-0.529295
0.454676,102.6,-0.457475
-0.529295,-0.457475,97.0862
110.271,0.052926,-0.0241664
0.052926,110.18,0.0399246
-0.0241664,0.0399246,109.869
110.252,0.0496446,-0.0685042
0.0496446,110.266,0.00786381
-0.0685042,0.00786381,109.606
110.144,-0.0015645,-0.0827683
-0.0015645,110.126,0.029089
-0.0827683,0.029089,109.511
110.024,0.0450199,-0.142593
0.0450199,109.946,0.0982379
-0.142593,0.0982379,109.257
109.785,-0.0129778,-0.31359
-0.0129778,109.659,0.0651558
-0.31359,0.0651558,108.987
109.537,-0.0599197,-0.32593
-0.0599197,109.429,0.0895873
-0.32593,0.0895873,108.653
109.373,-0.0764258,-0.331005
-0.0764258,109.294,0.0478939
-0.331005,0.0478939,108.436
109.188,-0.114116,-0.293053
-0.114116,109.008,0.0571404
-0.293053,0.0571404,107.991
108.797,-0.0554603,-0.324011
-0.0554603,108.736,0.135928
-0.324011,0.135928,107.854
108.486,-0.0547665,-0.311034
-0.0547665,108.551,0.141559
-0.311034,0.141559,107.494
108.386,-0.0901467,-0.346492
-0.0901467,108.322,0.244032
-0.346492,0.244032,107.331
108.121,-0.0404882,-0.398828
-0.0404882,108.194,0.313262
-0.398828,0.313262,107.167
108.05,-0.056858,-0.404728
-0.056858,108.003,0.330216
-0.404728,0.330216,106.949
108.119,0.00891264,-0.392776
0.00891264,107.861,0.516512
-0.392776,0.516512,106.822
108.05,0.172658,-0.395367
0.172658,107.675,0.502169
-0.395367,0.502169,106.679
107.83,0.165517,-0.303974
0.165517,107.538,0.441225
-0.303974,0.441225,106.357
100.606,0.682005,-0.847907
0.682005,100.393,-0.507679
-0.847907,-0.507679,95.9738
92.7586,0.0632125,0.0849704
0.0632125,95.8145,-1.43679
0.0849704,-1.43679,91.3239
90.8835,1.24333,-0.0665311
1.24333,93.1322,-1.21928
-0.0665311,-1.21928,88.5807
88.151,-0.844856,-0.556992
-0.844856,90.1478,-1.02364
-0.556992,-1.02364,88.4213
87.03,-0.723835,-1.0185
-0.723835,87.8946,-2.04295
-1.0185,-2.04295,87.0027
84.9774,-0.575704,-0.926361
-0.575704,87.3007,-2.44059
-0.926361,-2.44059,85.6033
85.6223,-1.49272,-0.0114175
-1.49272,87.3617,-2.79187
-0.0114175,-2.79187,84.2259
84.5888,-1.22859,0.673067
-1.22859,86.946,-2.57518
0.673067,-2.57518,83.9032
83.4186,-1.34756,0.885661
-1.34756,85.493,-2.40916
0.885661,-2.40916,84.723
82.6697,-0.546531,0.351378
-0.546531,84.3986,-2.0721
0.351378,-2.0721,84.7531
82.4014,-0.539671,0.422343
-0.539671,83.6276,-1.28724
0.422343,-1.28724,84.5044
100.446,-0.0416603,0.176283
-0.0416603,98.7777,0.96001
0.176283,0.96001,95.9709
94.6271,0.100502,-0.0868976
0.100502,93.8678,0.104564
-0.0868976,0.104564,90.8347
91.3824,-1.80879,-0.106929
-1.80879,90.4939,-0.0655739
-0.106929,-0.0655739,87.8402
88.9156,-1.88392,0.301031
-1.88392,87.965,0.288059
0.301031,0.288059,85.6312
88.479,-1.30134,-0.450019
-1.30134,88.1155,-0.130596
-0.450019,-0.130596,84.1279
87.2615,-0.972825,-0.765361
-0.972825,88.5577,-0.830207
-0.765361,-0.830207,83.0706
85.7693,-0.560582,-1.61053
-0.560582,88.4803,-1.10237
-1.61053,-1.10237,80.7132
84.8649,0.122477,-0.373091
0.122477,88.2324,-1.0568
-0.373091,-1.0568,79.5581
85.0089,-0.553629,-1.39762
-0.553629,86.575,-0.474293
-1.39762,-0.474293,81.6417
84.6818,-1.98993,-2.34357
-1.98993,84.621,0.458026
-2.34357,0.458026,81.8444
84.3916,-1.37542,-2.02022
-1.37542,83.7374,0.307546
-2.02022,0.307546,80.8973
82.9731,-1.51348,-2.01321
-1.51348,84.1527,0.796354
-2.01321,0.796354,81.4975
81.0966,-1.35733,-1.79505
-1.35733,83.6983,0.0480278
-1.79505,0.0480278,79.6267
81.3873,-1.84352,-1.56001
-1.84352,85.054,-0.5158
-1.56001,-0.5158,79.6154
99.9898,0.0510367,-1.43654
0.0510367,99.0989,-0.859446
-1.43654,-0.859446,96.486
93.8507,0.724791,-1.8395
0.724791,94.783,-0.718101
-1.8395,-0.718101,91.5363
90.7928,-0.1524,-1.94694
-0.1524,91.7349,-1.16244
-1.94694,-1.16244,88.4683
88.3574,-0.620454,-1.50989
-0.620454,90.0281,-0.738633
-1.50989,-0.738633,86.6973
87.2679,0.151799,-1.62913
0.151799,87.6366,-0.636889
-1.62913,-0.636889,85.0868
87.4341,0.517478,-1.89096
0.517478,85.2371,0.0602626
-1.89096,0.0602626,85.1822
86.973,0.462811,-1.49997
0.462811,83.7815,0.123854
-1.49997,0.123854,83.8852
85.8015,0.295572,-1.26953
0.295572,84.9962,0.456946
-1.26953,0.456946,82.446
86.0803,0.149373,-1.69907
0.149373,84.8852,0.29975
-1.69907,0.29975,83.7182
85.4914,2.05953,-2.24916
2.05953,84.1683,-0.0324496
-2.24916,-0.0324496,82.903
85.502,2.51485,-2.99788
2.51485,83.1164,-1.06959
-2.99788,-1.06959,82.6168
85.4071,1.11921,-3.00484
1.11921,82.8197,-0.785238
-3.00484,-0.785238,81.7962
83.6167,1.03123,-2.85339
1.03123,82.6027,-0.421801
-2.85339,-0.421801,81.5914
82.5443,0.638514,-1.43647
0.638514,82.2079,0.643337
-1.43647,0.643337,82.1439
81.4083,0.695746,-1.65088
0.695746,82.1708,1.00251
-1.65088,1.00251,80.9711
81.7572,0.95681,-1.22997
0.95681,81.5428,0.567404
-1.22997,0.567404,82.3718
80.9556,1.1855,-0.836295
1.1855,80.9414,2.44747
-0.836295,2.44747,81.9369
80.6382,1.64395,-0.632204
1.64395,80.7843,1.50987
-0.632204,1.50987,82.2821
80.7575,0.998555,-0.920238
0.998555,80.4514,1.14204
-0.920238,1.14204,81.9476
80.6638,-0.177992,-1.20147
-0.177992,79.3524,0.270278
-1.20147,0.270278,83.321
81.3303,0.463932,-1.43657
0.463932,80.7855,-0.171841
-1.43657,-0.171841,84.3952
80.4861,0.511974,-0.357737
0.511974,79.965,0.373428
-0.357737,0.373428,84.5005
81.6386,0.998764,-0.0110056
0.998764,79.1585,0.270491
-0.0110056,0.270491,86.1286
81.4297,0.352783,-1.23849
0.352783,77.4626,0.999833
-1.23849,0.999833,85.7366
79.7715,-0.217657,-0.808937
-0.217657,77.6638,1.39648
-0.808937,1.39648,86.2232
79.5136,-0.29892,-0.736325
-0.29892,77.8043,1.54575
-0.736325,1.54575,85.6621
77.493,0.312714,-0.619935
0.312714,76.5436,0.75639
-0.619935,0.75639,86.2362
78.4489,0.388175,-1.08427
0.388175,76.403,1.06345
-1.08427,1.06345,86.9814
79.4331,0.59635,-1.18498
0.59635,76.0169,0.855714
-1.18498,0.855714,87.5141
79.3221,-0.0629343,-1.87217
-0.0629343,75.9859,0.408439
-1.87217,0.408439,88.6401
79.1119,-0.467347,-2.50871
-0.467347,75.2193,0.299638
-2.50871,0.299638,90.2968
77.8222,0.502634,-3.18087
0.502634,75.825,0.500205
-3.18087,0.500205,90.2463
76.2043,0.0659358,-2.03516
0.0659358,77.778,1.10693
-2.03516,1.10693,89.055
74.723,-0.179363,-1.46959
-0.179363,78.4847,0.678831
-1.46959,0.678831,88.8764
73.7896,0.896514,-1.46521
0.896514,77.3686,0.101968
-1.46521,0.101968,88.3681
72.9903,1.08945,-1.86333
1.08945,76.2024,0.379291
-1.86333,0.379291,88.5055
73.0204,0.890312,-1.59635
0.890312,76.4594,2.14204
-1.59635,2.14204,90.0845
72.4284,1.44099,-0.29293
1.44099,76.6335,2.46006
-0.29293,2.46006,88.9729
73.651,1.23831,0.920389
1.23831,76.1047,2.95073
0.920389,2.95073,87.9199
73.7201,0.997004,1.11731
0.997004,75.3691,3.42538
1.11731,3.42538,86.296
73.7276,0.820832,1.02174
0.820832,74.8969,3.3997
1.02174,3.3997,86.5014
75.9677,0.73168,1.32149
0.73168,75.4545,3.65557
1.32149,3.65557,86.9075
76.4703,0.423714,1.85662
0.423714,75.1304,4.31831
1.85662,4.31831,88.6568
78.302,0.365973,1.45018
0.365973,73.8591,4.29072
1.45018,4.29072,88.5198
77.6045,0.626492,0.653175
0.626492,74.0692,4.25607
0.653175,4.25607,89.0981
76.9262,0.594643,0.234648
0.594643,73.6411,4.10567
0.234648,4.10567,87.9191
76.736,0.88458,0.903286
0.88458,73.6349,4.94453
0.903286,4.94453,89.525
77.1638,1.40918,0.291624
1.40918,72.3315,4.27023
0.291624,4.27023,88.8389
76.1351,1.49155,-0.268523
1.49155,72.8495,3.4147
-0.268523,3.4147,88.6329
76.3079,0.772522,0.0845968
0.772522,72.3939,2.76911
0.0845968,2.76911,89.3413
75.5445,0.399734,0.0517314
0.399734,72.2293,2.4885
0.0517314,2.4885,89.8814
73.9962,0.184019,0.428628
0.184019,72.934,2.66761
0.428628,2.66761,88.9209
74.5383,-0.9837,-0.655662
-0.9837,73.3481,1.90022
-0.655662,1.90022,88.4099
74.5093,-0.459635,-0.454902
-0.459635,73.7706,3.09308
-0.454902,3.09308,87.958
73.4353,-0.568197,-0.642703
-0.568197,72.5429,2.9924
-0.642703,2.9924,88.9041
73.9826,-1.17314,-0.614108
-1.17314,73.5263,3.39041
-0.614108,3.39041,88.0912
75.1795,-0.657569,-1.31248
-0.657569,72.3415,2.98245
-1.31248,2.98245,88.1498
74.2404,-0.841211,-1.47269
-0.841211,70.698,2.72651
-1.47269,2.72651,87.7947
74.279,-0.286546,-0.0412006
-0.286546,70.7784,3.22884
-0.0412006,3.22884,86.8984
74.1246,-0.925244,0.933271
-0.925244,71.9917,4.00336
0.933271,4.00336,87.9267
74.452,-0.804176,0.559444
-0.804176,71.4131,3.62937
0.559444,3.62937,88.1271
73.7538,-0.964267,0.740122
-0.964267,71.8093,3.49394
0.740122,3.49394,87.4313
73.8232,-0.407651,0.266523
-0.407651,72.1368,3.35011
0.266523,3.35011,88.2741
73.5074,-0.758141,0.788208
-0.758141,73.1977,2.71948
0.788208,2.71948,89.1097
74.4533,-0.116904,0.502285
-0.116904,72.164,2.99842
0.502285,2.99842,89.3966
73.6699,-0.0841863,-0.198539
-0.0841863,72.8882,2.36135
-0.198539,2.36135,87.1568
73.5055,-0.131822,-0.677953
-0.131822,73.2338,1.87741
-0.677953,1.87741,86.1877
72.8745,0.309077,-0.580837
0.309077,72.9324,2.01104
-0.580837,2.01104,84.9682
72.481,-0.228606,-1.26648
-0.228606,73.0413,1.52668
-1.26648,1.52668,86.7603
71.5578,-0.45216,-1.00539
-0.45216,73.7036,1.10692
-1.00539,1.10692,86.9401
70.816,0.309232,-0.0398395
0.309232,74.1839,1.46563
-0.0398395,1.46563,86.4365
70.1306,0.453167,-0.361894
0.453167,73.817,1.05442
-0.361894,1.05442,86.7134
71.1339,1.19222,0.133719
1.19222,73.5145,0.936266
0.133719,0.936266,86.4491
71.5094,1.09657,-0.363803
1.09657,72.9668,1.21892
-0.363803,1.21892,85.8675
72.1969,1.635,-1.17867
1.635,71.4989,1.89073
-1.17867,1.89073,85.3527
72.2818,1.82064,-0.369063
1.82064,72.1821,2.82932
-0.369063,2.82932,86.5636
72.1348,1.43389,-0.440506
1.43389,71.7805,2.28443
-0.440506,2.28443,87.1906
72.2908,2.65172,-0.64569
2.65172,72.5843,3.07249
-0.64569,3.07249,83.9823
72.2906,2.02129,-0.381463
2.02129,72.0105,2.45695
-0.381463,2.45695,82.8047
72.606,1.35632,0.288571
1.35632,71.4996,3.25698
0.288571,3.25698,83.8062
72.4393,1.41567,0.132057
1.41567,71.5843,2.66084
0.132057,2.66084,83.2513
72.6914,0.579782,0.355305
0.579782,70.5421,2.74811
0.355305,2.74811,83.3785
73.8109,-0.367887,-0.547459
-0.367887,71.7834,3.44985
-0.547459,3.44985,82.5115
72.8455,0.0201786,-0.573455
0.0201786,71.2339,2.16433
-0.573455,2.16433,83.3273
73.6845,0.0370415,-1.29212
0.0370415,71.7033,1.19573
-1.29212,1.19573,82.5621
74.4146,0.107383,-0.866581
0.107383,71.2967,1.43336
-0.866581,1.43336,82.9829
74.1971,0.822046,-1.14688
0.822046,71.541,0.277021
-1.14688,0.277021,83.188
72.9402,1.23348,-1.57712
1.23348,72.3108,0.893557
-1.57712,0.893557,83.4148
72.6563,1.32952,-1.64658
1.32952,73.3351,0.942731
-1.64658,0.942731,82.1665
73.7401,0.671042,-1.15459
0.671042,73.7855,0.845119
-1.15459,0.845119,83.1794
73.4452,0.0605787,-1.02141
0.0605787,72.443,0.773788
-1.02141,0.773788,82.8221
73.5465,0.207256,-0.319126
0.207256,71.8161,0.468789
-0.319126,0.468789,83.7072
74.5672,-0.207582,-0.102879
-0.207582,72.3171,1.27002
-0.102879,1.27002,84.3308
74.543,-0.971798,-0.588348
-0.971798,71.9272,2.28892
-0.588348,2.28892,83.7451
74.908,-0.29609,0.140534
-0.29609,72.3946,1.87612
0.140534,1.87612,84.3682
73.9292,-0.361034,-0.885969
-0.361034,71.8766,1.74331
-0.885969,1.74331,83.492
74.1737,-0.0985088,-0.11055
-0.0985088,72.4168,1.54391
-0.11055,1.54391,83.7698
74.39,-0.426792,0.25728
-0.426792,71.6106,1.65202
0.25728,1.65202,83.373
73.3345,0.334437,-0.753964
0.334437,70.8979,1.35608
-0.753964,1.35608,84.5509
72.6631,0.249286,-0.322595
0.249286,71.476,1.784
-0.322595,1.784,84.0234
72.8612,0.753261,-0.553422
0.753261,69.7508,1.77721
-0.553422,1.77721,84.4561
72.1692,0.660397,-0.296116
0.660397,70.032,2.0722
-0.296116,2.0722,83.9152
72.7326,0.777435,0.15083
0.777435,71.2613,2.01055
0.15083,2.01055,84.4439
73.2634,0.847036,-0.1812
0.847036,71.6999,1.40302
-0.1812,1.40302,84.6907
72.1577,1.49314,-0.318829
1.49314,70.7181,0.689068
-0.318829,0.689068,83.8161
72.5018,0.88271,0.109903
0.88271,71.3417,1.53673
0.109903,1.53673,85.204
74.0425,1.85928,0.505523
1.85928,71.8577,0.451676
0.505523,0.451676,84.9647
73.8931,2.9791,0.865153
2.9791,70.6204,1.56061
0.865153,1.56061,85.9305
73.6035,1.96018,0.854343
1.96018,71.0536,1.39557
0.854343,1.39557,85.7086
74.633,2.46802,0.514219
2.46802,71.988,0.791012
0.514219,0.791012,84.9109
74.8356,2.16535,1.52697
2.16535,73.0016,0.536735
1.52697,0.536735,84.9664
73.9362,1.33347,0.925289
1.33347,72.2574,0.50195
0.925289,0.50195,85.338
74.1719,1.86305,0.29205
1.86305,72.3553,0.762215
0.29205,0.762215,85.2104
75.2944,1.69714,1.20463
1.69714,73.054,0.92429
1.20463,0.92429,83.7342
75.4929,1.4699,2.04366
1.4699,71.8207,0.70146
2.04366,0.70146,83.3585
74.2796,1.42984,2.00503
1.42984,71.2566,0.325627
2.00503,0.325627,82.6416
74.8305,1.17919,1.14996
1.17919,73.1651,-0.0806314
1.14996,-0.0806314,82.7977
76.3854,0.0427929,1.51505
0.0427929,73.8374,-0.152964
1.51505,-0.152964,81.8657
76.0139,0.0975919,0.675398
0.0975919,73.8173,-0.886179
0.675398,-0.886179,81.8505
75.7868,0.605443,0.504282
0.605443,74.3469,0.38922
0.504282,0.38922,82.6852
75.8274,0.381428,0.376928
0.381428,74.4459,0.444363
0.376928,0.444363,83.7304
75.5201,1.33847,0.408727
1.33847,74.217,0.423773
0.408727,0.423773,83.6045
73.8105,2.36747,0.872863
2.36747,74.1642,0.596549
0.872863,0.596549,83.9022
73.0854,2.42496,1.80108
2.42496,73.4786,0.705658
1.80108,0.705658,84.1784
73.2906,2.4233,0.848157
2.4233,72.6378,1.33353
0.848157,1.33353,83.4582
73.3067,2.02443,1.45242
2.02443,72.8127,1.11074
1.45242,1.11074,84.8979
71.7466,2.1542,3.12523
2.1542,71.5619,1.24802
3.12523,1.24802,83.3415
72.3777,2.15651,2.43712
2.15651,73.0909,2.08219
2.43712,2.08219,82.3589
69.9703,1.74795,2.03403
1.74795,73.3025,1.80131
2.03403,1.80131,81.728
70.8472,2.08608,2.47161
2.08608,74.3608,1.4762
2.47161,1.4762,81.7096
71.5961,1.67281,2.91842
1.67281,75.2,1.66405
2.91842,1.66405,83.3797
71.9333,1.20875,2.61942
1.20875,75.7402,1.59416
2.61942,1.59416,83.356
72.8407,1.32823,2.04927
1.32823,76.8332,1.73168
2.04927,1.73168,82.4733
72.6713,1.84575,2.1116
1.84575,74.695,1.13538
2.1116,1.13538,82.838
73.3975,2.13186,1.89367
2.13186,74.6687,1.41802
1.89367,1.41802,83.7576
73.2608,3.18334,2.23356
3.18334,75.0124,1.96226
2.23356,1.96226,84.9717
73.178,2.81824,2.8462
2.81824,74.5444,1.69747
2.8462,1.69747,83.7453
72.4836,2.4243,2.1647
2.4243,75.0639,1.51642
2.1647,1.51642,84.6787
71.8497,3.02971,2.15346
3.02971,75.6129,1.37688
2.15346,1.37688,84.6503
71.032,2.40957,1.74795
2.40957,74.8874,0.269121
1.74795,0.269121,85.2114
70.0958,2.71036,1.55534
2.71036,74.2941,1.58578
1.55534,1.58578,86.671
70.6781,2.4861,0.721457
2.4861,74.5259,1.90869
0.721457,1.90869,86.0476
71.3613,2.97673,0.692693
2.97673,74.8638,1.81882
0.692693,1.81882,85.6543
71.7147,1.85628,0.0909958
1.85628,74.7937,1.77318
0.0909958,1.77318,84.982
73.0991,1.37844,0.175793
1.37844,74.4475,2.11394
0.175793,2.11394,86.2425
74.0449,1.48905,0.295884
1.48905,74.7627,2.95268
0.295884,2.95268,86.287
74.4449,1.4368,-0.00779156
1.4368,76.1631,2.96685
-0.00779156,2.96685,86.4929
72.897,1.33588,0.256561
1.33588,75.3301,2.4648
0.256561,2.4648,85.9848
73.9079,1.64188,0.131824
1.64188,75.4761,2.52211
0.131824,2.52211,85.4084
72.4593,0.717711,-0.586022
0.717711,75.4819,1.81941
-0.586022,1.81941,85.3723
72.7296,1.0969,-0.504077
1.0969,75.9753,2.27924
-0.504077,2.27924,85.4102
72.6814,1.50221,-0.485568
1.50221,74.5511,3.03394
-0.485568,3.03394,85.3447
73.1683,0.825408,-1.06094
0.825408,74.9723,3.60758
-1.06094,3.60758,85.7862
73.2963,0.340931,-0.542593
0.340931,75.1909,3.84615
-0.542593,3.84615,85.6921
72.7334,0.118543,0.645473
0.118543,75.9052,2.85378
0.645473,2.85378,83.8554
72.5579,0.905108,0.0430567
0.905108,75.7502,1.58976
0.0430567,1.58976,82.6394
73.1172,1.24372,0.674645
1.24372,75.1259,1.6151
0.674645,1.6151,82.8255
73.2063,0.881508,-0.0859037
0.881508,75.1415,1.6306
-0.0859037,1.6306,82.9747
72.8514,1.29861,-0.735715
1.29861,75.0457,2.09811
-0.735715,2.09811,83.2779
71.9453,1.2234,-0.977228
1.2234,75.4843,1.91927
-0.977228,1.91927,83.6237
71.9801,1.69573,-0.238441
1.69573,76.3859,2.4791
-0.238441,2.4791,84.8166
72.5069,1.83009,-0.215319
1.83009,75.4207,0.856528
-0.215319,0.856528,85.2801
72.022,2.00706,-0.944554
2.00706,75.9404,0.631472
-0.944554,0.631472,86.3796
70.7068,2.30723,-0.54563
2.30723,76.4876,0.865953
-0.54563,0.865953,85.6735
69.7145,2.37431,-0.682734
2.37431,76.2262,0.665958
-0.682734,0.665958,86.1928
69.6145,2.85236,-1.3933
2.85236,76.0672,1.14283
-1.3933,1.14283,86.4563
69.1361,2.11196,-0.593876
2.11196,76.5172,1.00451
-0.593876,1.00451,87.182
69.7272,1.60299,0.0746596
1.60299,76.9209,0.972692
0.0746596,0.972692,86.9969
68.9968,1.20225,-0.825228
1.20225,75.5883,0.366418
-0.825228,0.366418,86.8949
70.4911,0.955362,-0.0308484
0.955362,74.4419,0.891775
-0.0308484,0.891775,86.5268
70.4011,0.132479,-0.638931
0.132479,74.9837,0.968992
-0.638931,0.968992,87.1707
70.0487,-0.135103,-0.596445
-0.135103,75.048,1.12809
-0.596445,1.12809,87.3713
71.3149,0.327189,-0.142804
0.327189,74.8988,2.12402
-0.142804,2.12402,86.6835
69.0581,0.27955,-1.15375
0.27955,75.1422,1.90206
-1.15375,1.90206,87.2855
69.4703,0.1123,-2.20921
0.1123,75.6059,1.22465
-2.20921,1.22465,86.9359
68.9261,0.407889,-2.95981
0.407889,74.3743,1.70696
-2.95981,1.70696,86.381
68.3943,-0.272769,-2.78832
-0.272769,74.9051,2.09115
-2.78832,2.09115,87.1518
68.1857,0.0262785,-1.11561
0.0262785,73.804,1.79701
-1.11561,1.79701,87.3007
68.4941,0.307043,-2.98279
0.307043,73.1676,1.51681
-2.98279,1.51681,88.8492
69.2543,-0.456702,-3.25678
-0.456702,72.3887,1.15978
-3.25678,1.15978,87.7131
69.1915,-0.947702,-2.82131
-0.947702,71.6827,2.76879
-2.82131,2.76879,87.7875
68.8721,0.526626,-2.48047
0.526626,72.3942,2.9114
-2.48047,2.9114,87.1035
70.0091,-0.634259,-3.63299
-0.634259,73.142,2.60103
-3.63299,2.60103,88.0168
70.8447,-1.48474,-4.59367
-1.48474,72.7895,3.44151
-4.59367,3.44151,87.7576
72.0766,-2.14261,-3.91395
-2.14261,72.438,3.26925
-3.91395,3.26925,87.0484
71.2809,-1.8939,-3.70748
-1.8939,73.0572,3.89794
-3.70748,3.89794,86.1601
70.7293,-1.13516,-4.03274
-1.13516,72.1165,4.351
-4.03274,4.351,86.588
69.9149,-0.868014,-3.74959
-0.868014,72.1774,4.00798
-3.74959,4.00798,86.1388
70.1818,-0.700151,-2.77241
-0.700151,72.7799,4.279
-2.77241,4.279,87.0519
71.2366,-0.304925,-2.59662
-0.304925,72.9062,4.58057
-2.59662,4.58057,86.4318
71.4192,0.0449583,-3.25997
0.0449583,73.1834,3.34115
-3.25997,3.34115,85.4735
70.5974,-0.731242,-3.2277
-0.731242,73.9155,3.79169
-3.2277,3.79169,84.7796
70.7289,-0.50431,-3.42797
-0.50431,72.6457,3.33375
-3.42797,3.33375,86.0569
71.0533,-0.976845,-2.2668
-0.976845,72.8788,2.98643
-2.2668,2.98643,85.8497
72.021,-0.796783,-2.37677
-0.796783,71.9135,3.06316
-2.37677,3.06316,86.3748
70.7647,-0.213612,-3.02087
-0.213612,71.9925,2.65936
-3.02087,2.65936,85.483
72.2672,-0.831502,-3.13658
-0.831502,71.6343,2.14693
-3.13658,2.14693,85.7473
73.3699,-1.31213,-2.10921
-1.31213,72.5327,1.57669
-2.10921,1.57669,85.3719
73.6736,-0.5984,-1.79842
-0.5984,72.4313,1.89546
-1.79842,1.89546,85.5782
72.9534,-0.947119,-1.16234
-0.947119,72.2993,2.16807
-1.16234,2.16807,85.1471
71.7419,0.149115,-1.648
0.149115,72.8224,3.24211
-1.648,3.24211,85.8223
71.7228,0.635767,-1.34796
0.635767,73.0025,2.62478
-1.34796,2.62478,85.5085
72.5265,0.580771,-0.711151
0.580771,71.7296,2.87405
-0.711151,2.87405,85.5302
72.9,0.861947,-0.913189
0.861947,72.5296,3.54822
-0.913189,3.54822,85.3392
73.5085,0.548322,-1.62433
0.548322,71.1678,3.50902
-1.62433,3.50902,85.4267
73.492,0.837538,-0.429364
0.837538,73.3013,3.80159
-0.429364,3.80159,85.8514
71.3351,0.838039,-0.469871
0.838039,72.2426,4.36283
-0.469871,4.36283,85.1025
70.5639,0.954345,-0.0940922
0.954345,73.2393,3.68212
-0.0940922,3.68212,84.8185
69.7869,1.46494,0.922998
1.46494,74.1562,3.1747
0.922998,3.1747,85.2829
69.5658,2.50179,0.62579
2.50179,74.2815,3.97181
0.62579,3.97181,85.1671
67.8635,2.06759,1.54321
2.06759,75.3317,4.58504
1.54321,4.58504,85.2537
68.6216,2.42581,1.16954
2.42581,75.7434,3.73173
1.16954,3.73173,87.9023
68.9171,2.51232,0.797391
2.51232,75.9072,3.76618
0.797391,3.76618,87.6652
68.5053,1.83606,0.894882
1.83606,75.4578,3.63091
0.894882,3.63091,88.4032
68.9071,3.18454,0.875097
3.18454,73.9479,3.24487
0.875097,3.24487,87.2266
67.6215,3.22889,1.0776
3.22889,73.6402,3.44352
1.0776,3.44352,85.8908
67.9962,3.66311,2.01402
3.66311,74.4042,3.13962
2.01402,3.13962,85.9616
68.7288,2.75367,1.87599
2.75367,74.2353,4.37478
1.87599,4.37478,85.2043
68.279,2.86518,1.76027
2.86518,73.2689,4.34555
1.76027,4.34555,86.3057
68.022,4.74039,2.52314
4.74039,73.1959,4.69321
2.52314,4.69321,85.3348
68.9985,4.2732,3.14813
4.2732,74.2932,4.3046
3.14813,4.3046,85.4439
69.5339,3.74391,4.4422
3.74391,74.6614,4.16229
4.4422,4.16229,86.7154
69.5269,3.53544,4.37806
3.53544,75.2213,4.74753
4.37806,4.74753,86.5512
69.7717,3.0626,4.76279
3.0626,74.7748,4.61653
4.76279,4.61653,87.8486
68.733,2.62181,4.87094
2.62181,74.332,4.78595
4.87094,4.78595,87.7474
68.2517,1.6419,4.15869
1.6419,74.3407,3.8307
4.15869,3.8307,88.5448
68.1959,1.96582,4.34196
1.96582,74.8951,3.42869
4.34196,3.42869,89.7985
68.7741,2.25058,3.87156
2.25058,73.8208,3.4003
3.87156,3.4003,90.3904
70.4725,2.66698,3.69871
2.66698,73.8494,3.73578
3.69871,3.73578,90.9276
70.4696,2.64614,2.73499
2.64614,74.1231,3.88226
2.73499,3.88226,90.4585
71.1385,2.34356,2.43112
2.34356,73.2234,5.12132
2.43112,5.12132,90.8475
71.9648,2.41643,1.66365
2.41643,73.1466,4.3723
1.66365,4.3723,89.1718
70.5392,1.92201,0.231455
1.92201,72.834,3.43287
0.231455,3.43287,89.4444
69.9669,1.47508,0.60065
1.47508,73.7474,2.95527
0.60065,2.95527,90.0682
70.7359,1.6221,0.661351
1.6221,73.6061,3.19476
0.661351,3.19476,90.2589
70.3172,1.24531,0.931405
1.24531,74.1594,4.16862
0.931405,4.16862,91.0184
70.6317,1.30871,0.983439
1.30871,75.1736,3.42946
0.983439,3.42946,90.3105
70.6025,1.52629,0.713497
1.52629,75.2642,2.86139
0.713497,2.86139,89.2165
69.9584,0.51791,0.144329
0.51791,75.6407,1.95378
0.144329,1.95378,89.5466
69.2488,0.245103,0.537233
0.245103,74.8582,2.12808
0.537233,2.12808,89.6556
69.0958,-0.00690838,-0.0565547
-0.00690838,74.2569,1.58281
-0.0565547,1.58281,88.838
69.0586,0.045809,-0.285891
0.045809,74.0502,1.98083
-0.285891,1.98083,88.0662
68.5343,-0.0772686,-0.0529721
-0.0772686,73.195,2.04347
-0.0529721,2.04347,87.9202
69.359,0.174885,-0.539247
0.174885,73.5341,2.13051
-0.539247,2.13051,87.0877
99.4331,0.0119886,-0.490385
0.0119886,99.8167,0.180739
-0.490385,0.180739,94.8588
95.5961,-0.170946,-0.457063
-0.170946,93.8822,-0.0555078
-0.457063,-0.0555078,89.9174
94.7749,0.687656,0.598339
0.687656,91.5458,0.129746
0.598339,0.129746,86.7515
91.3665,0.220166,0.220378
0.220166,89.8185,0.583731
0.220378,0.583731,85.1688
89.8,0.215968,-0.0855055
0.215968,88.1056,0.607067
-0.0855055,0.607067,82.6862
88.9638,0.582219,-0.151751
0.582219,88.6058,0.475851
-0.151751,0.475851,81.259
89.0939,0.871018,-0.152623
0.871018,87.9873,0.69665
-0.152623,0.69665,79.4989
89.5665,0.619071,0.484764
0.619071,87.2763,0.80965
0.484764,0.80965,80.0774
99.7919,-0.823284,0.648776
-0.823284,99.7519,0.113053
0.648776,0.113053,95.9923
98.9319,-0.0291647,-0.297031
-0.0291647,99.2977,0.339164
-0.297031,0.339164,95.5573
