0.719633651,-0.6745228275,0.1647615353,-0.2547294995,-0.03572038763,0.9663523871,-0.6459413986,-0.7373893199,-0.1975264552
0.3585897426,0.827942737,-0.4311893095,0.0639212569,0.4390461647,0.8961877806,0.9313041766,-0.3489259082,0.1045143108
-0.448488231,0.2458499059,-0.8593114281,-0.7641932663,-0.6040915747,0.2260133207,-0.4635374401,0.7580443214,0.4588048043
-0.07182155967,0.2127069223,0.9744728979,0.3095388136,0.9335106696,-0.1809517961,-0.9481705471,0.2886409445,-0.1328872407
0.09803200136,-0.8430956366,-0.5287527534,-0.5184320819,-0.4967882624,0.6960097691,-0.849480961,0.2058911602,-0.4857889738
0.9335421852,0.275266574,0.2296242619,0.1560986481,-0.8888146359,0.4308616425,0.322695213,-0.3663834824,-0.8727146976
0.0003782343555,-0.3240315883,0.9460461864,-0.342851554,0.8886639795,0.3045146031,-0.9393895192,-0.3244685831,-0.1107586104
-0.5164675467,0.747889889,0.4170395511,-0.8559375682,-0.4365834009,-0.2770664423,-0.02514264525,-0.5000556449,0.8656282108
-0.3157040603,0.9124903287,0.2601775285,-0.09500134273,-0.3032203479,0.9481730673,0.9440898745,0.2746248726,0.1824157014
-0.3602285159,0.881943342,-0.3039923648,-0.6310646699,0.009604359872,0.775670767,0.6870173206,0.4712575705,0.5531035197
-0.3933614033,0.5333082525,-0.7488986007,0.2302769324,0.8457525247,0.4813265018,0.8900782779,0.01688119578,-0.4554949884
-0.7915035943,0.5508661974,0.2647045384,0.304376614,0.7308796624,-0.6108762525,-0.529978242,-0.4029408785,-0.7461646678
-0.4253816008,-0.2378269614,-0.8732060639,0.461328798,0.7731043895,-0.435299142,0.7786053132,-0.5880033498,-0.2191479565
-0.5894548831,0.5799935565,0.5622725453,-0.7132354233,-0.7004726059,-0.02516663006,0.3792600318,-0.4158672899,0.8265689478
0.2964724752,-0.9427210184,-0.1529089695,-0.9471871529,-0.3107325655,0.07925761917,-0.1222316198,0.1213357089,-0.9850568902
-0.7517305052,-0.3867410569,-0.5341653325,-0.4042519921,0.9102000056,-0.09009038022,0.5210389375,0.1482137127,-0.8405659528
0.9225880052,0.007348531087,0.3857166989,0.3300022089,0.5028403706,-0.7989055662,-0.1998247102,0.8643480553,0.461489463
0.8684108784,-0.4466794638,0.2152672827,0.3592426218,0.8660235494,0.3477757187,-0.3417708078,-0.2246790343,0.9125305729
-0.9978963929,-0.03106866826,-0.05689926911,-0.06480686919,0.500960378,0.8630404216,0.001690762807,0.8649123872,-0.5019200173
0.2202670265,-0.747478356,0.6267045111,0.9735079759,0.1280427958,-0.1894393394,0.06135680824,0.6518290801,0.7558797473
0.3112269557,0.08168340855,-0.9468186747,-0.5265121632,-0.8145968526,-0.243345248,-0.7911527817,0.5742471493,-0.2105171904
-0.3969466954,0.9127237604,0.09679182928,0.246838534,0.2077278596,-0.9465304403,-0.8840271824,-0.3518301772,-0.3077522823
-0.3592168962,0.9325533096,-0.0361600076,-0.6861424318,-0.2376398796,0.6875578891,0.6325913252,0.2717933264,0.7252286556
0.2249537387,0.07929376266,-0.9711376394,0.8869268025,-0.4293337139,0.1703919278,-0.4034311123,-0.8996583025,-0.1669079875
-0.3027014583,0.3469592759,0.8876886211,-0.6003215992,-0.7928138481,0.1051673897,0.740260633,-0.5010643304,0.4482730553
-0.9478019437,0.3106708122,0.07179917754,0.3098298551,0.8441012831,0.4376053984,0.07534544665,0.4370087759,-0.8962959296
-0.245626025,-0.1164979757,-0.9623388579,0.5801714471,-0.8129787525,-0.04966527852,-0.7765751398,-0.5705206128,0.2672775386
-0.6596808229,-0.4596853647,-0.5945675549,0.6665101928,0.007701011338,-0.7454561404,0.3472540492,-0.8880484559,0.3013047715
0.5706932429,-0.5460223124,0.6133260608,-0.3715255846,0.4943922726,0.7858403278,-0.732310018,-0.6763400884,0.07928507046
0.4304466057,0.1556476963,0.8890947724,0.9003357802,-0.1440113153,-0.4106777618,0.06411866007,0.9772586841,-0.2021243719
-0.8567645656,-0.2178868622,-0.4674182221,0.5029242965,-0.5535645429,-0.6638022664,-0.1141123614,-0.8037982409,0.583855082
-0.259404744,0.3909312076,0.8831092626,0.9605268573,0.1995757513,0.1937980285,-0.1004854973,0.8985222927,-0.4272708209
-0.3082983209,-0.7412150857,0.5962820994,0.9290074684,-0.3694608688,0.02106632605,0.2046882238,0.5604452366,0.8024985158
-0.7361090317,-0.6717762118,-0.08282641284,0.4376601169,-0.5657375125,0.6988524086,-0.5163304324,0.4781817523,0.710454148
0.1285670706,0.942387613,0.3088302046,0.5235315758,-0.3289812509,0.7859300387,0.8422500801,0.06063764089,-0.5356658278
-0.5815201584,-0.2428105325,-0.7764517697,0.7512250919,-0.5265870501,-0.3979534395,-0.3122421604,-0.8147079992,0.4886263494
0.5049766542,-0.5270414249,0.6835392565,0.00984690071,-0.7883588275,-0.6151368934,0.8630768316,0.3173605135,-0.3929130785
-0.3537943642,-0.09456080577,0.9305309247,-0.06844124738,0.9948265601,0.07507270491,-0.9328158143,-0.0371263973,-0.3584358899
-0.8544505576,0.1655137532,-0.4924626302,0.462481896,-0.1895340646,-0.8661335545,-0.2366954593,-0.9678233495,0.08540037279
0.9193353071,0.1749579278,0.3524376775,0.01004843677,0.8849739042,-0.4655321878,-0.3933466944,0.4315216246,0.8118297023
0.8690487212,0.3188621979,-0.3782607818,-0.1611725128,0.9053507016,0.3928912422,0.4677368292,-0.2804763909,0.8381856911
-0.7371755233,0.5923264774,-0.3251485692,0.6324277613,0.4353929707,-0.6406778347,-0.2379230435,-0.6779249997,-0.6955647491
-0.6913370031,-0.0744128594,-0.7186903885,-0.7212011341,0.1314237043,0.680144642,0.04384144548,0.9885294818,-0.1445247084
-0.05303061667,-0.1525980668,0.9868645214,0.5301968552,0.833151586,0.1573204672,-0.8462145404,0.5315752672,0.03672447276
0.0906185478,-0.950697643,0.2965843394,-0.8711417019,-0.2199869419,-0.4389964471,0.4825975694,-0.2185857656,-0.84812726
-0.1169406752,-0.1255004774,-0.9851773996,-0.9680610643,-0.2071092673,0.1412923464,-0.2217716263,0.9702347044,-0.09727262819
-0.4323549674,-0.5328758945,-0.7274011708,0.8639270831,-0.4758530556,-0.1649056231,-0.2582618383,-0.699719337,0.6661033495
-0.7239808168,-0.2772334363,0.6316592426,0.664531811,-0.03463463466,0.7464569071,-0.1850655263,0.9601781417,0.2093052486
0.2140545454,0.9689254535,-0.1239520756,0.938211686,-0.1686085355,0.3022085275,0.2719181566,-0.1809823948,-0.9451486068
-0.3819333063,0.9239213376,-0.02227805053,-0.5866436772,-0.2609939974,-0.7666363736,-0.7141261412,-0.2797346874,0.6416949113
0.8290478725,-0.5095947874,-0.2302016024,-0.2209607817,-0.6767266235,0.7022943898,-0.5136691134,-0.5313701438,-0.6736392301
-0.3879735244,-0.7458892838,0.5414108612,-0.7222202206,0.6109804214,0.3241926551,-0.5726032635,-0.2652397047,-0.7757405505
-0.7239342303,0.3669682325,0.5841691078,0.245905486,0.9284263152,-0.2784871077,-0.6445538939,-0.0579559616,-0.7623590915
0.5053400428,-0.007939318289,-0.8628837745,-0.7719010931,0.44284625,-0.4561314518,0.3857462165,0.8965624162,0.2176595745
-0.256376447,0.847734481,-0.4643461716,-0.7143974799,-0.4897869821,-0.4997448878,-0.6510816832,0.203604916,0.7311892231
0.1719764233,-0.9846794898,-0.02881687448,-0.6626830706,-0.1372843823,0.7362093087,-0.7288863133,-0.1075141888,-0.6761401049
-0.4232945212,-0.2163403643,0.879783266,0.3216464818,0.8719295355,0.3691644971,-0.8469741962,0.4392445013,-0.2994978782
0.979001061,0.1149484572,0.1683560952,-0.1831212557,0.8587701012,0.4785190895,-0.08957414983,-0.4993002759,0.861786346
0.3582070501,-0.8162685661,0.4532034171,0.8105783531,0.0310164765,-0.5848082692,0.4633038342,0.5768393244,0.6727599505
-0.422308886,0.1937634335,-0.8855003877,-0.4467560702,-0.8944878515,0.01733485516,-0.7887104783,0.4029233367,0.4643151583
0.3361442157,0.7368876168,0.5865182917,-0.1343887263,0.6539122036,-0.7445391193,-0.9321731258,0.1714510721,0.3188381931
-0.7757311329,0.1049903625,-0.6222686183,0.6174276688,0.3301461139,-0.7139934295,0.1304771371,-0.9380727942,-0.3209285737
0.6742472955,0.713517751,0.1904809797,-0.3366478957,0.06738596954,0.9392163358,0.6573117821,-0.6973890952,0.2856390571
0.6524626481,0.2452692422,0.7170324202,-0.02213247977,-0.9396057242,0.3415424372,0.7574976212,-0.2387133885,-0.6076292225
0.5576035528,0.8289362897,0.04407840086,-0.8153995313,0.5569025507,-0.1580606002,-0.1555695414,0.05219364484,0.986445103
-0.6072121334,-0.6728720219,-0.4225359952,0.7937921683,-0.4906820147,-0.3593398865,0.03445894258,-0.5536013029,0.8320686142
0.6853648289,-0.1787857842,0.7059112512,0.3168641152,-0.7995882409,-0.5101527001,0.6556463862,0.5733186621,-0.4913588586
-0.6948728012,-0.6601475075,0.2852315874,0.6960801036,-0.5178088546,0.4973394006,-0.1806219241,0.5441316554,0.8193268348
0.8424073829,0.3423667602,-0.416094704,0.5385786721,-0.5108844422,0.6700224628,0.01681710913,-0.7885316025,-0.614764261
-0.09591511717,-0.659669557,0.7454101997,-0.7491243177,0.5409535958,0.3823374999,-0.6554487371,-0.5217329612,-0.5460601343
-0.9991429862,0.04033410517,-0.009298011764,0.01862785394,0.6387584616,0.7691817931,0.03696344303,0.7683493917,-0.6389623746
0.9887648231,0.06165529277,0.1361717643,-0.1436958272,0.1411009891,0.9795111128,0.0411780738,-0.9880734465,0.1483753029
0.3021470354,-0.8965772673,-0.3238153374,-0.6941563769,0.02587858683,-0.7193588974,0.6533407177,0.4421306396,-0.6145456892
-0.8015741608,0.5942414605,0.06599963208,0.5729585846,0.7949954359,-0.1992503881,-0.1708722479,-0.1218989069,-0.9777235455
0.7011337732,0.2547925818,0.6659520796,0.610486374,-0.6970646001,-0.3760416605,0.3683989945,0.6702101787,-0.6442829326
0.03347674316,0.2548067376,-0.966412352,-0.01223826873,-0.9667773254,-0.2553269038,-0.9993645643,0.02037472724,-0.02924616288
0.1765727614,0.905624144,0.3855735594,-0.6551757919,-0.184198573,0.7326769871,0.7345520687,-0.3819892609,0.5608185651
0.9828704796,0.1434233009,-0.1157383992,0.02768850334,-0.735784122,-0.6766498892,-0.1822058371,0.6618545781,-0.7271516695
0.819867,-0.4167789868,0.3925727684,0.56243566,0.4579255247,-0.6884550401,0.1071645031,0.7852384925,0.6098493906
-0.4962171766,-0.762378076,-0.4153891945,0.5666617847,-0.6468857164,0.510326652,-0.6577711877,0.0178476681,0.7530063249
0.5679354601,-0.3799443735,0.7301312116,0.3534149372,0.9137118506,0.2005705267,-0.7433351837,0.1441281619,0.6532073772
0.7661571636,0.1344850057,0.628424207,0.05809815106,-0.9883491986,0.1406785926,0.6400217227,-0.07127162699,-0.7650441488
0.6763077038,0.430590813,0.5976616447,0.5781003052,-0.8130963266,-0.06836959007,0.4565171705,0.3917472596,-0.79882799
-0.8954908536,0.3120437679,0.3173717349,-0.3281263257,0.01892613457,-0.9444442365,-0.3007145582,-0.9498791967,0.08544159461
-0.3525918192,-0.5691855583,-0.7427696879,-0.7415968414,0.6540517492,-0.1491657944,0.5707128296,0.4982410157,-0.6527195083
-0.9751246998,-0.1794751294,0.1300788136,-0.2198720549,0.8575229614,-0.4650920879,-0.02807310677,-0.4821234786,-0.8756533858
-0.5172419763,0.623576704,0.5861849812,-0.7456481327,-0.6645375177,0.04897703303,0.4200828491,-0.4117547593,0.8086955039
-0.02670464847,0.5554787383,-0.8311018187,0.19112351,-0.8132241586,-0.5496710578,-0.9812026629,-0.1735218691,-0.0844481809
0.01712105047,0.7088157658,0.7051858477,-0.8434787803,0.3889571265,-0.3704806351,-0.536889576,-0.5884662811,0.6045304122
-0.1516285344,-0.9334849072,-0.3249841775,0.9697761271,-0.2040818053,0.1337343637,-0.1911623677,-0.2948839514,0.9362160031
0.1786617768,0.9493927474,-0.2583280487,0.5654833836,-0.3139378728,-0.7626739506,-0.8051760754,-0.009819535899,-0.5929545213
0.6274426602,-0.551702843,-0.5494903831,0.6765609699,0.03693119257,0.735459952,-0.3854620113,-0.8332226953,0.3964328163
0.4489962148,-0.893454581,-0.01188742008,-0.5575036255,-0.29051467,0.777683055,-0.698277958,-0.3425494682,-0.6285441553
-0.5340848202,-0.8165193722,-0.2192020066,-0.6826943528,0.2635942902,0.6815030967,-0.4986800833,0.5136284309,-0.6982148735
0.4564318276,-0.4367668002,-0.7751804622,-0.8226657515,-0.5390552452,-0.1806668315,-0.3389558202,0.7201765095,-0.6053550587
-0.242095514,-0.4883186042,-0.8384120126,0.9248905118,0.1449809727,-0.3515082628,0.2932018134,-0.860537889,0.4165420006
0.1827043357,0.06981738783,-0.9806858101,0.6039707879,-0.7950422632,0.05592036405,-0.7757824522,-0.6025224743,-0.1874253313
-0.3023197026,0.466037679,0.8315116831,-0.9039651469,0.1365755289,-0.4052087586,-0.3024066973,-0.8741601722,0.3799923457
0.5449312683,-0.1175538653,-0.8301993746,0.2871284455,-0.9040987556,0.3164849063,-0.7877862455,-0.4108363773,-0.458918623
0.4827497492,-0.560727858,0.6727086657,-0.7954321005,-0.6021090399,0.06893821523,0.3663883911,-0.5683739731,-0.7366889259
-0.4531507923,0.6288239643,-0.631850284,0.8910620453,0.2990522448,-0.3414325501,-0.02574472391,-0.717738237,-0.6958369294
-0.9328308452,-0.263416,0.2458426837,0.3059605524,-0.2187311242,0.9265769454,-0.1903017461,0.9395577184,0.2846340443
0.645909667,0.6255236079,-0.4376310295,-0.7544040881,0.4351851898,-0.4914146136,-0.1169408995,0.6475600872,0.752987888
0.8665013422,-0.2939669767,0.4034338118,0.4944773724,0.3948714487,-0.7743181951,0.06831948512,0.8704366465,0.4875166585
-0.2404249378,-0.8996044543,0.3645650492,0.8283909195,0.005597162476,0.5601224475,-0.5059291785,0.436669781,0.7438784637
-0.1683910332,-0.6596638906,0.7324534192,-0.07732469424,-0.7319343799,-0.6769733785,0.9826827319,-0.1706329833,0.07224287782
-0.9499152351,0.2576297127,0.1768840784,-0.2451174974,-0.9653387162,0.08965810309,0.1938516405,0.04181021545,0.980139504
0.9190871792,0.3811241384,-0.1001156742,-0.3598181595,0.7081162413,-0.6075378843,-0.1606538178,0.5944037179,0.7879559448
0.005126167538,-0.3922576426,-0.9198411081,-0.9731558517,-0.2136086596,0.08566813185,-0.2300900056,0.8947096078,-0.3828228141
0.9514677775,0.2367789695,0.1965827764,-0.01544238382,0.6747062158,-0.7379248303,-0.307360702,0.6990759916,0.6456176553
-0.2931693698,-0.945336061,0.1427986428,-0.8647044614,0.3258973846,0.3822003259,-0.4078454548,-0.01142919482,-0.9129794403
-0.14882062,-0.9853405211,-0.08340551837,0.5217851245,-0.1498941068,0.8398047634,-0.8399956589,0.08146050675,0.5364433603
-0.8323899719,0.5522483108,0.04635448145,0.5166716977,0.8035704933,-0.295507731,-0.2004427388,-0.2220276233,-0.9542150926
0.715598608,-0.6442479496,0.2699318649,-0.5545722556,-0.7589585268,-0.3412207026,0.4246978285,0.09448033668,-0.9003917039
-0.1932307023,-0.6998087841,0.6876987432,0.795656798,0.2983563896,0.5271752314,-0.5741011718,0.6490386202,0.4991560017
-0.6927323952,0.24469396,-0.6784148396,-0.6794746009,0.09386457776,0.7276700542,0.2417355896,0.9650462719,0.101240297
0.7437890044,0.6108060767,-0.2714661186,-0.1369770953,0.5368016113,0.8325150482,0.6542287003,-0.5820308984,0.4829335782
0.6203603495,-0.781667461,-0.06441286533,0.764074446,0.6208458602,-0.1753301423,0.1770403279,0.05955164394,0.982400287
0.196862844,-0.6006128723,-0.7749252856,0.8468250326,0.5024898678,-0.1743309982,0.4940975459,-0.6219068341,0.6075355996
0.002496520023,0.9978195923,-0.06595323088,0.9618849695,0.01563841747,0.2730068594,0.2734429973,-0.06412098857,-0.9597486265
0.2306250076,-0.398884912,0.8875262998,-0.9272367654,-0.3666494187,0.07615894317,0.2950323485,-0.8405111723,-0.4544192805
0.2940844436,-0.4433239639,-0.8467456543,-0.07565221835,-0.8939389608,0.4417577122,-0.9527807103,-0.06585588385,-0.2964319832
-0.06306262248,0.99217869,-0.1077244295,0.8873561507,0.1051427975,0.4489365813,0.456751757,-0.06727881699,-0.8870464437
-0.2914560585,-0.8957373568,-0.3357200525,-0.1425352531,0.3877050629,-0.9106967036,0.9459054221,-0.217576129,-0.2406731403
0.3001153449,-0.6012040555,0.7405973693,0.615006357,0.7154301713,0.3315521842,-0.7291762205,0.3559681919,0.5844558886
0.9875732003,-0.01657301759,-0.1562834259,-0.01347653236,-0.9996917378,0.02085215719,-0.1565808328,-0.01848687296,-0.9874921156
0.7904776652,0.5807748556,0.1945395278,0.5363553181,-0.8097405783,0.2379982534,0.295749951,-0.08378999336,-0.9515835242
0.7526877975,0.2773641595,-0.597101501,-0.4270514762,0.8959390494,-0.1221485015,0.5010869347,0.346932764,0.7928111636
0.2159282492,0.8302666833,0.5138406619,0.6037753784,0.3000429003,-0.738532024,-0.7673527765,0.469714267,-0.4365068428
0.386655688,-0.8509129131,-0.3555904854,0.7825913906,0.5067315484,-0.3616266766,0.4879017261,-0.138457041,0.8618477554
0.2454346993,-0.5253417326,-0.8147256424,-0.5266440692,0.6333397884,-0.5670332766,0.8138844099,0.5682400693,-0.1212245473
-0.9087439518,0.2444802731,-0.3382511289,0.4171432131,0.5063005393,-0.7547524784,-0.01326536303,-0.8269759126,-0.5620808395
0.002835682642,0.9732361966,-0.2297896094,0.2358842927,0.2226550593,0.9459298732,0.9717770111,-0.05688611639,-0.2289397527
-0.8090201102,-0.2700473432,-0.5220736478,0.4240289314,-0.8832381986,-0.2002242487,-0.4070453618,-0.3833597747,0.8290653512
-0.2692049431,0.8379908171,0.4746578652,0.8285385399,0.4527669493,-0.329432812,-0.4909710649,0.3045873932,-0.8161947889
-0.6089574253,-0.6539672098,-0.4488849994,0.7664555579,-0.6308543524,-0.1207007198,-0.2042467427,-0.4175520022,0.8854002449
-0.03696201717,0.753312718,0.6566229954,0.9591100762,-0.157764743,0.2349854201,0.2806094636,0.6384592663,-0.7166785152
-0.01310050267,0.4779918377,0.8782665768,0.9845019682,-0.147454786,0.09493661379,0.1748835366,0.8658988908,-0.4686521732
0.2867751445,-0.839389474,-0.4617199666,-0.8821863877,-0.4192946611,0.2143342358,-0.3735066183,0.345857338,-0.8607412549
-0.113152877,0.2453553512,-0.9628069267,-0.5859330072,0.766118172,0.2640936533,0.8024206737,0.5940233145,0.05707332346
-0.01926518596,0.6660334547,0.7456730449,0.1927801265,-0.7293417403,0.6564270323,0.9810528403,0.1563971327,-0.1143471094
-0.4661579532,-0.5675538978,0.6786599559,0.460337226,-0.8106864633,-0.3617693971,0.7555040708,0.1437707598,0.6391741293
0.07475931224,0.2730913707,0.959078802,0.965738034,0.2198603127,-0.1378821689,-0.2485177958,0.9365268529,-0.2472981177
0.8050420501,-0.50952581,-0.3037939211,-0.561156187,-0.8201737489,-0.1114394696,-0.1923825132,0.2601892974,-0.946197917
-0.8663966122,0.3127972165,-0.3892490355,-0.05952409545,-0.8386355722,-0.5414307518,-0.4957961197,-0.4459240724,0.7452099901
-0.9493339846,-0.07517318404,-0.3051458309,0.314249474,-0.2162514046,-0.9243822792,0.003500544641,-0.9734394292,0.2289179412
0.108794296,-0.7824433816,0.613144482,-0.9440049276,0.1119472253,0.3103586882,-0.311477925,-0.6125766673,-0.7264511882
0.4126744836,0.3256936623,-0.8506605721,0.8283190539,0.2543203035,0.499208101,0.3789291695,-0.9106288056,-0.1648267663
-0.2775170149,-0.4190642267,0.8645053385,-0.8831390038,0.4655327082,-0.05783422441,-0.378219257,-0.7795283648,-0.4992852113
0.2454991508,0.2956344373,0.9232174426,-0.963205181,0.181857854,0.1978977013,-0.1093889674,-0.9378315416,0.3294025704
-0.1364807262,0.4485580961,-0.8832715584,-0.2339505165,-0.8809887077,-0.4112493803,-0.9626215078,0.1505142232,0.2251783769
0.9418685129,0.2925539809,-0.165214626,-0.1200446771,0.752305351,0.6477854076,0.313804047,-0.5902955421,0.7436922704
-0.05753774851,0.99309043,0.1022780781,0.2301119008,0.1128815823,-0.9665951901,-0.9714617443,-0.03208030799,-0.2350168786
0.3376840961,-0.07389393985,-0.9383544836,-0.4640973894,-0.8803812751,-0.09768532904,-0.818891363,0.4684746482,-0.3315847397
0.4089399594,0.7611230406,0.5034479384,0.7798894414,-0.005020637276,-0.625897158,-0.4738571185,0.6485880898,-0.5956449622
0.4283108852,0.6720968448,-0.6040162389,0.4653141661,0.4089564868,0.7850078463,0.7746176556,-0.617284718,-0.137575668
-0.02125247986,0.3089251464,0.9508488765,-0.8994679735,0.4092960885,-0.1530819278,-0.4364695829,-0.8585114827,0.2691697185
0.3581309601,-0.02640331117,0.9332979591,0.5524519269,-0.7998444672,-0.2346181937,0.752687906,0.5996262949,-0.2718625069
-0.5663396126,-0.5811099037,-0.5844405214,0.3950950521,-0.8137573634,0.4262614846,-0.723297548,0.0104992058,0.6904566776
-0.5927674272,-0.05489244803,0.8035008379,0.5846290796,0.6568619361,0.4761735359,-0.5539274471,0.752010117,-0.3572746385
0.5306579071,0.3067428729,-0.7901335302,0.3546074407,0.7663619112,0.5356705929,0.7698413789,-0.5644450647,0.2979027027
-0.1453822579,0.7549887479,-0.6394184777,0.3048198988,-0.5806670607,-0.7549242306,-0.9412485476,-0.3046600648,-0.1457169054
-0.3367907594,-0.1524610498,0.9291542459,0.8728187845,0.3196268701,0.368817073,-0.3532129016,0.9351974616,0.02542349188
-0.6214091445,0.4678815607,-0.6284405463,0.4838652888,0.860043751,0.1618614488,0.6162183521,-0.203498382,-0.7608306981
-0.7119378673,-0.6253313935,-0.3195389202,-0.6978639512,0.579278827,0.4212148457,-0.07829673558,0.5228734923,-0.8488067697
0.747167665,0.5954057086,-0.2953515237,0.6140463845,-0.4483414777,0.6495667456,0.2543374098,-0.6666948039,-0.7005929777
0.0606263461,-0.2490815906,-0.9665830577,0.7485434858,0.6519427847,-0.1210506313,0.660308334,-0.7161905939,0.225973311
-0.5495850749,-0.5232982422,-0.6512412727,-0.2188166812,-0.6621432177,0.7167186473,-0.8062726,0.5364003254,0.2493976452
-0.3479608653,-0.536920262,0.7685309808,-0.6958910561,-0.4013936595,-0.5954987558,0.6282188108,-0.7420240982,-0.2339687231
0.2586903103,-0.8993160821,-0.3525761022,0.9583651864,0.2846304439,-0.02284031186,0.1208945522,-0.3319880946,0.9355043625
0.4676407854,-0.2322188984,0.8528695557,-0.3281137431,0.8503299396,0.4114369519,-0.8207639535,-0.4722429216,0.3214547489
-0.4299186031,0.6875084016,-0.5852368686,0.8910130498,0.4277670697,-0.1520232851,0.1458277746,-0.5868113255,-0.7964839787
0.4554624714,0.1617647018,0.8754348168,0.7758898547,0.4100391525,-0.4794401181,-0.436519038,0.8976079738,0.06124585478
0.7329374575,-0.6186405536,0.2829956691,-0.647467902,-0.5066844621,0.5692593186,-0.2087773916,-0.6004620898,-0.7719179228
0.6375947256,0.7113752115,-0.2956658155,0.7112958601,-0.6910112778,-0.1286919325,-0.2958566636,-0.1282525731,-0.9465833889
0.8625963089,0.08297035999,0.4990426106,-0.5056917708,0.1692287199,0.8459535881,-0.01426326845,-0.9820781841,0.1879334974
0.283241812,-0.08153065929,0.9555766989,0.09191567225,-0.9894855562,-0.1116684526,0.954633744,0.1194616495,-0.2727697366
-0.7058491673,0.5686586863,-0.4223792745,0.5831976099,0.8049645583,0.1091448935,0.4020665379,-0.1692907512,-0.8998239498
0.2489960658,0.6205644905,0.7435729099,-0.8986608363,-0.1382319852,0.4162939101,0.3611227777,-0.7718753989,0.5232577835
-0.7983130008,0.5873324716,-0.1331800308,-0.4276513097,-0.3971401583,0.8120308196,0.4240409298,0.7052093749,0.5682156522
0.5435882205,-0.1328328186,0.8287745706,-0.2035914347,0.937044971,0.2837203731,-0.8142864203,-0.3229584566,0.4823229841
-0.665324747,0.7061564862,0.242251931,-0.1192206978,-0.4208285484,0.8992717932,0.7369731381,0.569426334,0.3641761165
-0.3243613028,0.7338404095,0.5968818968,0.7789198471,-0.1508237307,0.6087167438,0.5367248989,0.6623673118,-0.5226814777
-0.04808697698,0.937157317,-0.3455774961,-0.4850623445,0.2805325421,0.8282608374,0.8731564377,0.2074551903,0.4410897634
-0.7497649061,-0.158313182,-0.6424869819,0.5128350418,0.4745574509,-0.7153988018,0.4181540451,-0.8658707538,-0.2746179753
0.5259003672,-0.2432621586,-0.8150167642,0.6712431585,0.7071968119,0.2220479485,0.522361394,-0.6638495247,0.5352031228
-0.898568569,-0.3488534641,0.2662250691,-0.1438305837,0.8072792699,0.5723748279,-0.4145929209,0.476026723,-0.7755715757
0.17839843,0.9618089549,-0.2075994569,0.1908714249,-0.2408036187,-0.9516205737,-0.9652678899,0.1301428122,-0.2265408333
-0.4986960842,0.7991322516,-0.3356931041,0.1158074337,-0.3223872373,-0.9394972632,-0.8590057357,-0.5073993631,0.06822779765
-0.4020386125,-0.4200827915,0.8135695436,0.8817128793,-0.4171956046,0.2202957692,0.246875176,0.8059021502,0.5381211497
-0.5858958147,0.2104965486,-0.7825709536,0.4376028404,0.8949594996,-0.08689791838,0.6820775971,-0.3933683987,-0.6164669127
-0.9745715947,0.1303587396,-0.1822547829,0.2033272958,0.1726410611,-0.9637702396,-0.09417121456,-0.9763204715,-0.1947565642
0.8541669736,0.08311582028,0.5133132977,0.5113091795,0.04546311983,-0.8581934675,-0.09466627797,0.995502318,-0.003664786396
-0.1574333134,-0.8633031344,-0.4795022939,0.6616994063,0.2682156892,-0.7001530117,0.7330543278,-0.4275137918,0.5290210869
-0.2545626003,-0.2078550854,0.9444544171,-0.8274591539,-0.45864655,-0.3239671139,0.5005089721,-0.8639673638,-0.05523733471
-0.4919798819,-0.2519851189,-0.833342244,-0.3870102857,-0.7941234963,0.4686052831,-0.7798582144,0.5530563918,0.2931719511
0.1173545848,-0.9314809032,-0.344341732,0.7273844032,-0.1554445565,0.6683927886,-0.6761211662,-0.3289077634,0.6593025495
-0.1027683272,0.3484797068,-0.9316654791,-0.06094084519,-0.9370709294,-0.3437794157,-0.9928367863,0.02144684627,0.1175378597
0.9101823025,-0.1014934764,-0.4015809388,0.1079777102,-0.8778549124,0.466595721,-0.3998862216,-0.4680489579,-0.7880489723
-0.1820227938,-0.961553415,0.2056276552,0.5983546225,0.05763010124,0.7991561281,-0.7802816467,0.2685028892,0.5648599387
0.1707083855,-0.9430947123,0.2853611935,-0.9798785178,-0.1928892796,-0.05130122875,0.1034250326,-0.2708617534,-0.9570460664
-0.4682544584,-0.8824917896,-0.04411352926,-0.5770009881,0.2675859424,0.7716654866,-0.6691842959,0.3867893544,-0.6344969451
-0.02701222343,-0.6153432071,0.7877963425,-0.8481986108,0.4311488395,0.3076845704,-0.5289890892,-0.6598965189,-0.5335795422
-0.3810767783,0.9217733089,0.07151542517,-0.8143193963,-0.2980109596,-0.4980696626,-0.4377949405,-0.2480391802,0.8641829408
0.5183903524,0.2718738021,0.8107749862,-0.6561259337,-0.4815956894,0.5810028839,0.5484252015,-0.8331567845,-0.07127110694
0.3758722564,0.02775823099,0.9262556491,-0.9200380501,0.1305630575,0.369436428,-0.1106798678,-0.9910513451,0.07461365973
0.5916066366,-0.5418215415,-0.5970184291,-0.0275558401,0.7264876334,-0.686626823,0.8057557094,0.4226643298,0.4148645576
-0.8819803433,-0.3302714993,0.3362014437,0.4074267454,-0.1757670545,0.896163707,-0.2368841937,0.927376234,0.2895845291
-0.01079007998,-0.6648999415,-0.7468544986,0.8378002884,0.4017217183,-0.3697436108,0.5458701777,-0.6297044775,0.5527187533
-0.80604142,0.2016215896,0.5564584116,0.1764141092,-0.8156059998,0.5510579962,0.5649560083,0.5423426848,0.6218433251
0.3375717706,0.6050206797,0.7211069801,-0.8071733479,0.5801793246,-0.108918032,-0.4842690224,-0.5452906825,0.6842087295
-0.1267517855,0.9462917826,0.297432088,-0.7409458105,-0.2896810453,0.6058747378,0.6594947238,-0.1435853548,0.7378685216
0.07554835258,-0.9570696366,0.2798395202,0.04612379758,-0.2769870345,-0.9597660017,0.9960748173,0.08541600167,0.02321777204
-0.5708727083,-0.1066530694,0.8140819822,-0.4870007664,0.8422550124,-0.2311638978,-0.6610102908,-0.5284237096,-0.5327605265
-0.9756764104,-0.04839413717,0.2138072724,0.01080024536,0.9635318714,0.2673755552,-0.2189495306,0.2631811929,-0.939572649
0.1876869277,-0.6597668971,0.7276546287,-0.5849597506,-0.6701979445,-0.456789673,0.7890473417,-0.3399152198,-0.5117244727
0.7818519325,0.6150788896,0.1019093477,0.1294503362,-0.3200476291,0.9385159165,0.6098771729,-0.7205882837,-0.3298520264
0.6823552973,0.7174312669,-0.1402983443,0.5320326375,-0.3557636722,0.7683576525,0.5013307499,-0.5989362126,-0.6244540755
0.4912003262,0.2021457558,-0.8472657983,0.631744122,0.5869918892,0.5063001939,0.5996845869,-0.7839500083,0.1606262145
0.4726668505,0.879933541,-0.04798970647,-0.5254797281,0.325146807,0.7862255461,0.7074299286,-0.3464051348,0.616073355
0.1802519762,0.6006652862,-0.7789161952,0.8574196307,0.292108234,0.4236795446,0.482017429,-0.7442271116,-0.4623691214
-0.6510251607,0.7253036542,-0.2238321902,0.7324760909,0.5229414545,-0.4359025251,-0.1991105632,-0.4477352392,-0.8717156298
-0.6110175018,-0.06341373734,-0.7890730704,-0.2922819157,0.9444269706,0.1504293158,0.7356826043,0.3225467334,-0.5955960969
0.4121093668,0.1986437509,0.8892168071,-0.8088719206,-0.3694639433,0.4574085817,0.4193949043,-0.9077648676,0.008417800564
0.1980489967,-0.9788873341,0.05055869922,0.4769921161,0.1413095591,0.8674734173,-0.8563031683,-0.147686139,0.4949077573
0.08163806598,0.2103162984,0.9742188054,-0.4387501824,0.8852548849,-0.1543439865,-0.8948930124,-0.414838334,0.164546811
-0.9666611527,0.2428100445,0.0812988201,-0.1270072793,-0.730354049,0.6711572947,0.222340655,0.6384561421,0.73684353
0.521474637,0.05894996797,-0.8512279978,0.6470117469,0.6230572625,0.4395172886,0.5562733161,-0.7799516324,0.2867672381
-0.4048213796,-0.2027657348,-0.8916309255,-0.4686501964,-0.7912865277,0.3927246165,-0.7851666345,0.5768463295,0.2253035024
0.3260258459,0.7711416498,0.546852543,-0.4023316538,-0.4102767703,0.8184144501,0.8554743644,-0.4868403514,0.1764938642
-0.148252184,0.9774485471,-0.1503849321,-0.9454500289,-0.09547918117,0.3114610228,0.290078494,0.1883562153,0.9382837542
-0.3838332942,-0.9202398428,-0.07635858785,0.9231100034,-0.3844784321,-0.006652578744,-0.02323626212,-0.0730408575,0.9970582276
0.4506254353,0.1350106994,0.8824448017,0.8809247409,0.09286075297,-0.4640565498,-0.1445970881,0.9864831431,-0.07708884817
-0.9288865285,-0.2014037517,-0.3108156141,-0.1829018121,0.9791944689,-0.08789265763,0.3220508412,-0.02479356656,-0.9463976621
-0.2276548296,-0.2286553818,0.9465146565,0.9637957897,0.08566485342,0.2525058587,-0.1388198628,0.969731019,0.2008750767
-0.4088051321,-0.7586814946,0.5072285024,-0.5050949209,-0.2748175154,-0.8181408522,0.7601036013,-0.5906587195,-0.2708593589
-0.9029854827,0.4088945284,0.1319942524,0.3826230093,0.6254593585,0.6800001645,0.1954913061,0.6645343148,-0.7212331756
0.8007933863,-0.4728651327,-0.3675983118,-0.2454097179,0.3008129833,-0.9215669371,0.5463552168,0.8281969062,0.1248433487
0.6862921511,0.7243626712,-0.06558813906,0.7059304255,-0.6851013518,-0.1797174785,-0.1751151555,0.07703803195,-0.9815293291
0.5200379901,-0.6033949366,-0.6045453162,-0.6867568951,-0.7162159302,0.1240955614,-0.5078636194,0.350641258,-0.786845126
-0.2351823985,-0.8641226044,-0.444950968,-0.8853270196,0.3793776174,-0.2688283688,0.4011051083,0.3307034139,-0.8542540279
0.185164743,-0.9807026732,0.06273981749,-0.4963487492,-0.1484345019,-0.8553391829,0.8481461767,0.1272378301,-0.5142553816
0.158595561,0.4568370715,-0.875298428,-0.6859328776,0.6886302267,0.235126558,0.7101714831,0.5631059411,0.4225732642
-0.5529218697,-0.54029303,-0.6343192002,-0.3964749054,-0.4989718395,0.7706067433,-0.7328608704,0.6775769662,0.06167981445
0.01323503815,0.6445896885,0.7644141333,0.8735659847,-0.3794261604,0.3048249649,0.4865257488,0.663731815,-0.5681133456
-0.685423988,0.397029787,-0.6103780017,0.1664444656,-0.7306396165,-0.6621646251,-0.7088654291,-0.5554575583,0.434714509
0.5803670199,-0.8134376329,0.0386437523,0.5765793603,0.3769372376,-0.724896241,0.5750916131,0.4429870611,0.6877732913
-0.4777411474,-0.7872808609,0.3898105208,0.01678925814,0.435459285,0.9000518496,-0.8783402057,0.4365364328,-0.1948189569
0.156947154,-0.9502064461,-0.2692123708,0.9300837154,0.05053612749,0.3638548916,-0.3321323128,-0.3074960318,0.8917030432
-0.4211881577,0.8912659586,-0.1680640559,0.6664962281,0.1784771996,-0.7238291699,-0.6151286969,-0.4168823339,-0.6691978825
-0.5190400146,0.8289464793,-0.2084351162,0.7904517572,0.3727151012,-0.4860755834,-0.3252437281,-0.4170505818,-0.8486962528
-0.6211436784,0.7740814325,-0.1223865461,-0.5520233604,-0.3213061734,0.7694365162,0.5562829678,0.5454908605,0.626888332
-0.8494044929,0.522734321,0.072531628,-0.1288373958,-0.3386758338,0.9320405598,0.5117742987,0.782334653,0.3550205034
-0.4079030466,0.1859705529,0.8938848125,-0.7049739396,-0.6862949673,-0.1789160762,0.5801955265,-0.7031459104,0.4110462014
-0.6861300588,-0.3566923531,-0.6340316299,0.2518060273,-0.9341177488,0.2530173038,-0.6825095362,0.01394979164,0.7307435503
-0.7357332299,0.2096975442,-0.6439903372,0.490434488,0.8207270272,-0.2930548752,0.4670873873,-0.5314452811,-0.7066790543
0.009220526961,-0.8168406953,0.5767896153,0.6501823996,0.4431345328,0.6171666169,-0.7597222052,0.3693278547,0.5351813773
0.5555584488,-0.3946447151,0.7318540557,0.03290354861,0.8899302581,0.454908224,-0.8308261951,-0.2286475118,0.5073934853
0.4502353542,0.7876433091,0.4206021202,0.6744491775,-0.6086807103,0.4178828782,0.5851550503,0.0955291083,-0.8052749571
-0.5256167873,-0.1384380116,0.8393818617,0.4402069621,-0.8885660291,0.1291055476,0.7279730925,0.4373617825,0.5279865981
-0.3667616608,0.9146079017,-0.170230051,0.8799873453,0.2816952223,-0.3824527079,-0.3018412766,-0.290069281,-0.908158387
0.7280407668,0.6721424586,-0.1348375214,0.6055520279,-0.5383381937,0.5860876476,0.3213462048,-0.5083468349,-0.7989493802
0.4526425955,-0.8065293839,0.3802959816,-0.3925749878,-0.5631784438,-0.7271278563,0.8006244811,0.1798343498,-0.5715418156
0.1877849485,-0.8396741905,-0.5095920593,0.2704045908,-0.4545779961,0.8486696665,-0.9442553523,-0.2971634218,0.1416888503
0.5834787404,0.6044154282,-0.5424339127,-0.1613243734,-0.5683456745,-0.8068194599,-0.7959440973,0.5582698133,-0.234110678
0.7546258267,0.6145712871,0.2298738672,0.1118809772,0.2246876138,-0.9679866338,-0.6465466021,0.7561862266,0.1007962402
0.820473527,-0.5696882887,-0.04773306296,0.5716827773,0.8178122881,0.06604440552,0.001411961078,-0.08147585634,0.9966743155
0.3127028863,0.2094651649,-0.9264670796,0.09798190844,-0.9772915408,-0.1878850442,-0.9447838115,-0.03202481696,-0.3261256822
-0.102274501,0.1407026323,-0.984755145,-0.8533507789,0.4963251403,0.1595424808,0.5112067826,0.8566586977,0.06930729482
-0.8187419209,-0.4657292681,0.3357944546,-0.5683432915,0.5743402212,-0.5891682386,0.08153263126,-0.673223261,-0.7349305211
-0.5884965757,0.8081279816,-0.02451419342,0.8072075034,0.5889994347,0.03867444082,0.04569274387,0.002971735124,-0.9989511209
0.1586402496,0.3449851604,-0.9251045942,0.9563297683,-0.2866591847,0.05709541237,-0.2454926588,-0.8937626927,-0.3753952632
0.04919133494,0.6845236057,-0.727329118,0.7301058102,-0.5215659942,-0.4414911319,-0.681561236,-0.5093096768,-0.5254311893
0.4579650488,-0.4957597731,-0.7378958337,0.8862839115,0.3191059214,0.3356668574,0.06905680487,-0.8077088945,0.5855232698
-0.7430773298,-0.5181924974,0.4234532059,0.1208999067,-0.726309747,-0.6766515824,0.6581939642,-0.4516089979,0.602353732
-0.7367331224,0.6496676307,-0.1875000691,0.6485156013,0.6003701804,-0.4679563669,-0.1914466539,-0.4663556754,-0.8636321918
-0.129235776,-0.03342385646,0.9910504326,0.9800683379,-0.1563728791,0.1225298971,0.1508779878,0.9871323966,0.05296663382
0.4876282126,0.6073281824,-0.6271931163,0.7629057128,0.05287690407,0.6443437797,0.4244921668,-0.792689417,-0.4375498696
-0.6171949151,0.4399741953,-0.6522983552,-0.5236448813,0.3890812516,0.7578996094,0.5872533312,0.8093444799,-0.009748734836
-0.5186217153,-0.5813244539,0.6269716068,0.8325916103,-0.1765752864,0.5249879796,-0.1944806595,0.7942814662,0.575581641
-0.4010003871,-0.7567211534,-0.5163059031,0.6108224161,-0.6408960824,0.4649173986,-0.6827112607,-0.1289391624,0.7192218204
0.8648741934,-0.3425036803,-0.3669929953,0.3829593958,-0.02249072819,0.9234913472,-0.3245531248,-0.9392472497,0.1117133521
0.9789905516,-0.1826825873,-0.09057909389,-0.2021539883,-0.9276613129,-0.3139717401,-0.02666955133,0.3256862921,-0.945101674
-0.4756215103,-0.5872691924,0.6549038667,-0.4749376553,0.7981049694,0.3707596005,-0.7404177217,-0.1346972658,-0.6585121442
0.854768411,0.1939037538,-0.4814273546,-0.3152496495,-0.5428965989,-0.7783835439,-0.4122967645,0.8171074698,-0.4029227728
0.7387943014,-0.618540811,0.2675635353,-0.6645783739,-0.602749583,0.4416203405,-0.1118863943,-0.5040835301,-0.8563768034
-0.3104073922,-0.7691366294,-0.5586377146,-0.6867683476,-0.2248772337,0.6912159334,-0.6572643971,0.5982132355,-0.4584151363
0.5841146106,-0.3080144452,-0.7509575376,0.24923329,0.948566014,-0.1952057487,0.7724589884,-0.07314108791,0.6308387214
-0.4447732208,-0.3977013427,-0.8025026006,-0.3323423092,0.9053224485,-0.2644614409,0.8317002895,0.1490802006,-0.5348361639
-0.5260045954,-0.6956414594,0.489287365,-0.8302358438,0.2952159343,-0.472817085,0.1844657404,-0.6549278678,-0.7328314121
-0.2663593396,0.0743624951,0.9610009998,-0.08168361478,0.9916914371,-0.0993774651,-0.9604064188,-0.1049681514,-0.2580720789
0.4968210928,0.6890427073,0.5276257663,-0.5988698773,0.7122166282,-0.3661998696,-0.6281111938,-0.1340433585,0.7664911651
-0.7907652226,0.5236652386,-0.3169622701,0.256750475,-0.1863061786,-0.9483507797,-0.5556703666,-0.8313030288,0.01287314799
-0.355339525,0.2998888075,-0.8853250957,0.8549178705,0.4872356325,-0.1780923166,0.3779540405,-0.8201634847,-0.4295143789
-0.1898044009,0.9555376994,-0.2256590226,0.4709067177,-0.1130779364,-0.8749058484,-0.8615225782,-0.27232533,-0.4285064317
0.4603132741,0.8626342277,-0.2096994965,-0.8811724965,0.4152545437,-0.2260502055,-0.1079199757,0.288835339,0.9512767346
-0.7615324237,0.5085878693,-0.4017545854,-0.2334771208,-0.7935211748,-0.5619720449,-0.6046129355,-0.3341594295,0.7230357349
0.8849102786,-0.1513083579,-0.4404992391,-0.07975274741,0.882568898,-0.4633698734,0.4588826626,0.4451717883,0.7689270322
0.4926931528,-0.7634775292,-0.4175590013,-0.04525051106,0.4567138051,-0.8884620935,0.8690258043,0.4566339481,0.1904720161
-0.6855799399,-0.5994296054,-0.4131153522,0.5380921975,-0.799466201,0.2670404099,-0.4903436887,-0.03921659953,0.8706463836
0.8359085614,-0.4068398314,0.3684266935,-0.3129065538,0.1982513404,0.9288626888,-0.4509394256,-0.8917274009,0.03841714314
0.6811631422,0.4939810779,0.5403697515,0.6312910948,-0.7700950502,-0.09178871068,0.3707941846,0.4036536986,-0.8364062197
0.9921810433,0.03474407005,-0.1198733784,-0.07637689711,0.9286519181,-0.3630043864,0.09870839294,0.3693216275,0.9240444733
0.8126234995,0.3906531626,-0.4324732994,0.1970946179,0.5141317202,0.834758819,0.548449414,-0.7635827924,0.3407998819
0.4841652495,-0.7397541498,-0.4672770152,-0.6852365299,-0.6526621632,0.3232383003,-0.5440909016,0.1636945281,-0.8229029057
-0.2760783304,0.7136375619,-0.6438184416,-0.811878436,-0.5316771927,-0.2411903145,-0.5144260497,0.4561148901,0.7261714993
-0.3164453716,-0.9389803493,-0.1348266677,-0.6620298239,0.116809195,0.7403189341,-0.6793959369,0.3235297753,-0.6585967244
-0.3673188388,-0.06868160104,0.927555771,-0.156948156,0.9875459044,0.01097100544,-0.916757409,-0.1415483109,-0.3735236655
-0.09244451344,-0.0214148234,0.9954875274,0.8751993182,0.4750317805,0.09149295627,-0.4748475181,0.8797080271,-0.02517184298
0.2206333731,-0.9658545485,0.1358157053,-0.3728333932,-0.2121886226,-0.9033112694,0.9012858457,0.1486639821,-0.4069187202
0.9594411328,-0.2361524586,0.1539634018,-0.1210125838,-0.8382714153,-0.5316549529,0.254614743,0.4914601211,-0.8328494954
0.2446915426,0.9655808408,-0.08820254454,-0.8575754868,0.1730764459,-0.4843643549,-0.4524271581,0.1941602012,0.8704088022
0.5513953262,-0.4290607996,0.7154509238,-0.827486434,-0.172355361,0.5343779852,-0.1059688434,-0.8866794572,-0.4500779315
0.6575882662,0.642702513,-0.3930790658,0.3881626222,-0.7362081839,-0.5543710748,-0.6456837081,0.211969313,-0.733594956
0.05885167322,-0.3877088255,0.9199012703,-0.8592775976,0.4493634686,0.2443654708,-0.5081126752,-0.8048318705,-0.3067037162
-0.5395408139,0.4203072097,-0.7295461326,0.1992296413,0.9056112955,0.374400496,0.8180484461,0.05665713406,-0.5723519101
0.2713510788,-0.7025724167,0.6578454159,0.9623701119,0.2084012562,-0.1743923285,-0.01457257139,0.680412313,0.732684601
-0.9530946613,-0.1265115507,0.2749643508,-0.2463110333,0.8521537451,-0.4616978119,-0.1759017952,-0.507768473,-0.8433443758
-0.8464400397,0.1953292478,-0.4953642541,0.5129147377,0.04920056036,-0.8570284574,-0.143030525,-0.9795028279,-0.1418325742
-0.7255134954,0.1171308747,0.6781670341,-0.6652561471,0.1330028306,-0.7346730605,-0.1762510333,-0.9841700083,-0.01857331411
-0.01862321006,-0.8417313172,0.5395753568,0.3304948995,0.5041503687,0.7978756339,-0.9436240233,0.1931859089,0.2687990089
0.6798494666,0.5062539823,0.530576675,0.4764860293,0.2450367895,-0.8443447374,-0.5574636908,0.8268396926,-0.07463481925
-0.7826242835,-0.6081030857,-0.1330784282,-0.0850587254,-0.1073105137,0.9905803687,-0.6166556933,0.7865717328,0.0322593405
0.2777163099,-0.6806117097,0.6779685478,0.2708889968,0.732572893,0.624464657,-0.9216793383,0.01023019954,0.3878176638
0.2402436742,-0.6906560339,0.682112322,0.6692490558,-0.3911420309,-0.6317543929,0.7031277823,0.6082780241,0.3682514999
-0.08965305688,-0.2424093855,-0.966022784,0.9173135117,-0.3978937608,0.01471313292,-0.38794104,-0.8848266751,0.2580377967
-0.8124120243,-0.2057543564,0.5455747864,-0.1043579386,0.9718719379,0.2111264007,-0.5736690016,0.1145865665,-0.8110325489
-0.3819678476,-0.4299365431,0.8180801503,-0.05646385578,0.8944027892,0.4436839908,-0.9224491294,0.1232810594,-0.3659089833
-0.6984647136,0.553004161,0.4542394101,0.5839054405,0.07339176829,0.8084974242,0.4137650062,0.8299397847,-0.3741636987
