-0.730224,-0.421326,0.537826,-0.0161611,0.79764,0.602918,-0.683016,0.431573,-0.589265
-0.969511,-0.130067,-0.207678,-0.177052,-0.214106,0.960631,-0.169412,0.968112,0.184549
0.0890563,0.728728,0.678988,0.96221,-0.239068,0.130378,0.257334,0.641718,-0.72248
0.311867,-0.395031,0.864112,-0.947974,-0.19054,0.255028,0.0639036,-0.898691,-0.433903
0.274827,0.354237,-0.89386,-0.799051,0.601217,-0.00741478,0.534777,0.716278,0.448285
-0.38773,0.354,0.851087,-0.231789,-0.931091,0.28168,0.892154,-0.0880568,0.443065
0.825038,-0.0292196,-0.564321,0.490933,-0.457455,0.741431,-0.279816,-0.888753,-0.363073
0.954345,-0.269281,0.12928,-0.21132,-0.914528,-0.344938,0.211116,0.30187,-0.92968
0.189417,-0.048829,0.980682,-0.19303,-0.981125,-0.0115676,0.962736,-0.18711,-0.195267
0.223082,0.562308,-0.796269,-0.928439,-0.12635,-0.349336,-0.297043,0.817218,0.493883
0.795057,-0.290392,0.532501,0.573563,0.0744364,-0.815772,0.197256,0.954008,0.225739
0.206971,-0.85136,0.482027,-0.274498,-0.523438,-0.806637,0.939049,0.0346349,-0.342033
-0.375278,-0.148289,0.914974,-0.42913,0.902754,-0.0296998,-0.821592,-0.403788,-0.402419
0.710981,-0.669912,-0.213832,-0.480917,-0.241353,-0.842892,0.513055,0.702116,-0.49377
-0.248301,-0.805316,-0.538343,0.443864,-0.588558,0.67571,-0.861006,-0.0711712,0.50359
0.93584,-0.266387,-0.230742,0.315183,0.339686,0.886156,-0.157681,-0.902026,0.401852
0.736118,0.28461,-0.614108,-0.388742,-0.564957,-0.727807,-0.554085,0.774481,-0.305235
0.126491,0.0140602,0.991868,0.692784,0.714389,-0.098476,-0.709965,0.699607,0.0806229
0.285612,0.0302014,0.957869,0.879629,0.38844,-0.274531,-0.380366,0.920979,0.0843773
-0.949835,0.295514,-0.102391,-0.256445,-0.923313,-0.285885,-0.179022,-0.245286,0.952778
-0.539876,0.57395,0.615723,0.833102,0.468895,0.293393,-0.120317,0.671356,-0.731304
0.869517,0.491134,0.0522326,0.156732,-0.374668,0.913816,0.468375,-0.786391,-0.402757
0.60098,-0.700301,0.385229,-0.0956447,-0.541529,-0.835224,0.793521,0.465108,-0.392428
-0.98471,0.167269,-0.0486566,-0.0784201,-0.176232,0.98122,0.155553,0.970033,0.186655
-0.684394,0.0328703,-0.728371,-0.427406,0.791255,0.437309,0.590701,0.610602,-0.527481
-0.949646,0.179622,0.256725,-0.268879,-0.887846,-0.373409,0.16086,-0.423634,0.891436
-0.463897,0.188032,-0.865704,0.801102,0.506227,-0.319326,0.3782,-0.841652,-0.38547
-0.0276981,-0.462697,0.886084,-0.796469,-0.52543,-0.299267,0.604044,-0.714028,-0.35397
0.885998,-0.329584,-0.326163,0.195646,-0.372015,0.907374,-0.420393,-0.867744,-0.265123
-0.520062,0.852362,-0.0549066,-0.321243,-0.13563,0.937234,0.791416,0.505058,0.344351
-0.272882,0.0887435,-0.957946,-0.863049,-0.462533,0.203001,-0.425067,0.882149,0.202807
0.419699,-0.179048,0.889828,-0.887555,-0.286166,0.361046,0.189995,-0.941303,-0.279018
0.885039,-0.0461483,-0.463224,0.465443,0.0699899,0.882306,-0.00829597,-0.99648,0.0834232
-0.407254,-0.879903,-0.244775,-0.496696,-0.0115308,0.867848,-0.766445,0.475013,-0.432348
0.733369,0.102041,0.672129,-0.165979,0.985627,0.0314667,-0.659258,-0.134636,0.739765
0.146015,0.942513,0.30058,0.989171,-0.134548,-0.0586246,-0.0148122,0.305885,-0.951953
0.431994,-0.893434,0.123112,-0.111935,0.0823364,0.990299,-0.894903,-0.441583,-0.0644374
-0.720025,0.315939,0.617856,0.545028,-0.29365,0.785311,0.429544,0.902193,0.03924
0.0341389,-0.576411,-0.816446,-0.993857,0.0664703,-0.0884852,0.105273,0.814452,-0.570601
0.579723,-0.778956,-0.239058,0.801939,0.493506,0.336667,-0.144272,-0.386884,0.910772
0.678115,0.674833,0.291137,-0.189526,-0.222167,0.956411,0.710099,-0.703734,-0.0227569
0.113291,-0.467416,0.876748,-0.097059,-0.883415,-0.458429,0.98881,-0.0331605,-0.14545
-0.706583,0.621738,-0.337909,0.427118,0.755445,0.496864,0.564191,0.206749,-0.79934
-0.232502,-0.595845,-0.768708,0.813552,-0.552271,0.182014,-0.532988,-0.583066,0.613155
-0.471915,0.372957,0.798874,-0.681628,-0.729042,-0.0622988,0.559178,-0.573935,0.598264
-0.981078,-0.15025,-0.122109,0.0104075,-0.670704,0.741652,-0.193332,0.726348,0.659577
-0.544979,0.429268,-0.720227,0.364575,-0.65222,-0.664601,-0.755038,-0.62477,0.198946
0.717613,-0.407052,-0.565102,-0.541815,0.183503,-0.820221,0.437571,0.894782,-0.0888625
-0.943234,-0.0850194,-0.321063,-0.0377767,-0.932945,0.358031,-0.329974,0.349836,0.876774
-0.0469257,0.970368,-0.237033,-0.174052,-0.241608,-0.954637,-0.983618,-0.0035409,0.180232
-0.686183,-0.0316945,-0.726738,-0.700815,0.296565,0.648774,0.194962,0.954487,-0.22571
0.241199,0.152668,-0.958392,0.918923,0.281658,0.276133,0.312096,-0.947291,-0.0723547
-0.105762,0.939732,0.325143,0.822722,-0.100959,0.559407,0.558519,0.326666,-0.76246
-0.6139,0.622447,-0.485475,-0.57224,0.072721,0.816855,0.543754,0.779276,0.311546
-0.98366,0.0510752,0.172639,0.144341,-0.3494,0.925789,0.107605,0.935581,0.336319
-0.337105,-0.9376,0.0852379,-0.175493,0.15153,0.972749,-0.924966,0.31296,-0.215623
0.689101,-0.715002,0.117952,0.328431,0.453238,0.828679,-0.645967,-0.532304,0.547156
-0.216321,0.976311,0.00458386,0.742164,0.167488,-0.648953,-0.634348,-0.13698,-0.760814
0.479842,-0.876915,0.0277924,0.455999,0.222206,-0.861794,0.749544,0.426198,0.506496
-0.916442,0.107114,-0.385565,0.161134,0.980722,-0.110542,0.366291,-0.163433,-0.916035
-0.519556,0.510859,-0.684897,-0.744074,0.123519,0.656579,0.420018,0.850744,0.315942
0.675816,-0.725074,-0.132445,-0.511187,-0.331623,-0.792915,0.531,0.603568,-0.594764
0.079991,0.96852,-0.235733,0.94501,-0.148918,-0.291168,-0.317107,-0.199479,-0.927174
-0.337922,0.317741,-0.885917,-0.915539,-0.329168,0.231162,-0.218166,0.889207,0.402138
0.168536,-0.0839976,-0.98211,0.766949,-0.614706,0.184188,-0.61918,-0.784271,-0.0391785
0.761296,-0.54341,-0.353743,-0.558704,-0.272893,-0.783185,0.329056,0.793874,-0.511357
0.0357206,0.97103,0.236274,0.992929,-0.061266,0.101675,0.113205,0.230971,-0.966352
0.858855,-0.0692834,0.507512,0.380788,-0.576329,-0.72308,0.342592,0.814275,-0.468601
-0.541351,-0.706159,0.456376,0.296436,0.347637,0.889536,-0.786807,0.616838,0.0211375
0.916402,-0.221287,-0.333525,0.183911,0.972896,-0.140177,0.355505,0.0671199,0.932261
0.768443,0.0621243,-0.636895,0.599801,0.27693,0.750699,0.223012,-0.95888,0.175543
-0.141704,0.984768,0.100755,-0.734266,-0.0363005,-0.677891,-0.663908,-0.170041,0.728225
0.981786,0.11679,-0.149857,-0.0568125,-0.572198,-0.818145,-0.181298,0.811757,-0.555141
0.586944,-0.0395407,-0.808661,-0.300892,0.916615,-0.263213,0.751639,0.397811,0.526104
-0.235848,0.959773,-0.152354,0.440656,-0.0341104,-0.897028,-0.86614,-0.278698,-0.414884
0.471693,-0.871651,0.133156,0.133574,0.219904,0.966334,-0.871587,-0.438027,0.220157
-0.342779,-0.769482,-0.538888,-0.119539,-0.533251,0.837469,-0.93178,0.351485,0.0908038
-0.885593,-0.252487,-0.389839,0.45637,-0.317048,-0.831388,0.0863174,-0.914183,0.396003
-0.570041,0.151448,0.807538,-0.798406,0.129859,-0.587949,-0.19391,-0.979898,0.0468926
0.383569,-0.885853,-0.261034,0.906138,0.306437,0.291565,-0.178293,-0.348368,0.920245
0.684396,-0.685824,0.247482,0.314595,-0.0284387,-0.9488,0.657748,0.727212,0.196293
0.0951337,0.695496,-0.712204,-0.953143,-0.142753,-0.266721,-0.287173,0.704206,0.649327
0.524862,0.727491,0.441902,0.596034,-0.684751,0.419356,0.60767,0.0432848,-0.793009
0.708046,0.382886,-0.593354,-0.580439,-0.163006,-0.797822,-0.402195,0.9093,0.106826
-0.583322,0.331864,-0.741351,-0.601395,-0.789952,0.11958,-0.545948,0.515599,0.660378
0.449484,0.788723,0.419381,0.00713469,0.466295,-0.8846,-0.89326,0.400606,0.203965
0.160038,-0.611261,0.775079,-0.603505,-0.681944,-0.4132,0.781134,-0.401636,-0.478036
0.147562,-0.0781161,0.985963,0.232157,0.971761,0.0422455,-0.96142,0.222664,0.16153
-0.308501,0.849586,0.427822,-0.510106,0.231859,-0.828271,-0.802882,-0.473757,0.36185
-0.713646,-0.331809,0.616938,0.295004,0.656442,0.694303,-0.63536,0.677486,-0.370582
0.146214,-0.045726,-0.988196,0.989162,0.0203152,0.145417,0.0134261,-0.998747,0.0482008
0.447838,0.89314,0.0417442,-0.842412,0.405835,0.354458,0.299639,-0.193906,0.93414
-0.381947,0.763869,0.520213,-0.589045,-0.634951,0.499863,0.712139,-0.115508,0.692471
-0.380116,0.903581,0.197618,0.507568,0.382387,-0.772111,-0.773231,-0.193187,-0.60398
-0.479821,-0.823142,-0.303659,0.540305,-0.00453579,-0.841457,0.691262,-0.567817,0.446924
0.695471,-0.687606,-0.208611,0.663452,0.502987,0.553927,-0.275955,-0.523643,0.806007
-0.0972418,0.99021,-0.100138,-0.964642,-0.0690071,0.25437,0.24497,0.121332,0.961909
0.999225,0.0211999,0.033153,-0.00965554,0.948809,-0.315704,-0.0381488,0.315139,0.948278
0.708801,-0.0739038,-0.701526,-0.213876,-0.970199,-0.113887,-0.672203,0.230763,-0.703485
0.0802101,-0.996644,0.0163476,-0.968934,-0.0818084,-0.233398,0.233952,0.00288112,-0.972244
-0.0174316,0.238047,0.971097,-0.242901,-0.943156,0.226838,0.969894,-0.231926,0.0742627
0.582397,-0.785852,-0.207969,-0.432687,-0.0830949,-0.897707,0.688183,0.612807,-0.388422
-0.574604,-0.409639,-0.708538,-0.263414,0.912226,-0.313779,0.774883,0.00634013,-0.632073
0.44949,0.80336,-0.390604,0.386421,0.219369,0.895855,0.805381,-0.553615,-0.211831
0.283823,-0.286825,-0.914973,0.599765,0.797614,-0.0639896,0.748149,-0.530607,0.398409
-0.338998,0.631578,0.697273,-0.0485966,0.728414,-0.683411,-0.939531,-0.26556,-0.216238
0.874914,0.33483,-0.349878,0.171104,-0.889603,-0.423474,-0.453045,0.310638,-0.835616
0.556473,0.594355,0.580586,-0.0229719,-0.687499,0.725822,0.830548,-0.417237,-0.368921
-0.0925657,0.656099,0.748977,-0.815905,-0.481136,0.320635,0.570728,-0.581415,0.579851
-0.114321,0.986915,-0.113706,0.938117,0.144909,0.314545,0.326907,-0.0707104,-0.942408
0.604177,0.796586,0.0204964,-0.786762,0.592251,0.17391,0.126395,-0.121198,0.984548
-0.729938,0.32772,-0.599825,0.68245,0.300486,-0.666312,-0.0381246,-0.895717,-0.442988
0.0306863,0.566623,0.823406,-0.776216,-0.505495,0.376781,0.62972,-0.650702,0.42431
0.841372,0.0292962,-0.539662,-0.51431,-0.26342,-0.816146,-0.166068,0.964236,-0.206567
-0.182477,-0.772542,0.608179,0.978638,-0.0831299,0.188033,-0.0947056,0.629499,0.771208
0.963543,-0.264353,-0.0412555,-0.267376,-0.945786,-0.184386,0.00972414,0.188695,-0.981988
0.28153,0.0727173,-0.956793,0.626028,-0.7696,0.125714,-0.727207,-0.634372,-0.262189
-0.897167,-0.436789,-0.0656263,-0.289479,0.469244,0.834274,-0.333607,0.76748,-0.547431
0.625753,-0.410373,0.663346,-0.733146,-0.599792,0.320542,0.266328,-0.686909,-0.676184
-0.932282,0.353493,-0.0767635,-0.203534,-0.688046,-0.696539,-0.299039,-0.633747,0.713401
-0.709789,-0.0301082,-0.703771,-0.642929,-0.380537,0.664706,-0.287824,0.924275,0.250744
-0.880754,0.439039,-0.177532,-0.448002,-0.893955,0.0118165,-0.153517,0.0899419,0.984044
0.560874,0.815397,-0.143345,-0.663539,0.546281,0.511169,0.495112,-0.191587,0.847442
-0.185995,-0.625862,0.757432,-0.83595,-0.304299,-0.456716,0.516327,-0.718122,-0.466591
0.537114,-0.657429,0.528484,-0.763286,-0.112137,0.636254,-0.359029,-0.745126,-0.562037
0.782014,0.371062,-0.500766,-0.456376,-0.206281,-0.865545,-0.424469,0.905407,0.00802927
0.0324271,0.994571,0.0988752,0.955514,-0.00183207,-0.294942,-0.293159,0.104041,-0.950386
0.357309,-0.77678,0.518598,0.728567,-0.115614,-0.675147,0.584398,0.619069,0.524627
-0.623215,0.0978346,-0.775907,0.516868,-0.693039,-0.502539,-0.586899,-0.714231,0.381345
-0.686355,0.614677,-0.388702,-0.633096,-0.76802,-0.0966165,-0.357919,0.179773,0.916284
-0.171557,-0.252745,-0.952202,-0.0327327,-0.964535,0.261916,-0.98463,0.0761016,0.1572
0.502045,0.753766,-0.424014,0.853949,-0.354485,0.380935,0.136829,-0.553333,-0.821645
0.477926,-0.382076,0.790952,0.44469,0.881773,0.157248,-0.757521,0.276576,0.591328
0.775625,-0.00417213,0.63118,0.114009,0.984457,-0.133593,-0.620812,0.175578,0.764045
-0.101097,-0.475034,-0.874141,0.987735,-0.153012,-0.0310838,-0.118988,-0.866562,0.484677
-0.476928,0.830857,0.286735,0.834328,0.325337,0.445031,0.276472,0.451479,-0.848369
0.845121,0.447459,0.292491,0.448738,-0.296453,-0.84306,-0.290525,0.843739,-0.45133
0.0226575,-0.493368,0.869526,-0.361006,0.807027,0.467313,-0.932288,-0.324493,-0.159824
0.361236,0.771068,0.524369,-0.840394,0.0255497,0.541374,0.404039,-0.63624,0.65723
0.386603,0.184917,0.903518,0.2642,-0.960838,0.0836,0.883593,0.20639,-0.420318
-0.671751,-0.18651,0.716913,0.462234,-0.861798,0.208913,0.57887,0.471719,0.665125
0.0326749,0.321059,-0.946495,0.405046,0.861495,0.306209,0.913712,-0.393379,-0.101894
0.74989,0.150766,0.644155,0.65912,-0.0866658,-0.747027,-0.0568,0.984763,-0.164363
0.177141,0.78172,-0.597942,0.25036,0.551772,0.79553,0.951809,-0.290621,-0.0979703
0.224519,0.886437,-0.404748,-0.966736,0.15039,-0.206893,-0.122528,0.437736,0.890716
-0.634815,0.277602,-0.721074,0.0402599,-0.920079,-0.389659,-0.771615,-0.276392,0.572903
-0.780151,0.583443,0.225741,-0.571729,-0.811424,0.121309,0.253949,-0.0344238,0.966605
0.626274,0.548179,-0.554329,-0.737377,0.647348,-0.192913,0.253092,0.529566,0.809632
-0.231574,-0.96931,-0.082528,0.525287,-0.195995,0.828046,-0.818808,0.148403,0.554554
0.772937,-0.602329,-0.19942,0.462235,0.319259,0.827292,-0.434635,-0.731623,0.525185
-0.542392,-0.647425,-0.535399,0.0999984,-0.682506,0.724007,-0.834153,0.339156,0.434927
0.665816,-0.589481,0.457386,-0.0551839,-0.65025,-0.757714,0.744072,0.479258,-0.465477
-0.214013,0.970776,0.108595,0.211534,-0.0624753,0.975372,0.953652,0.231714,-0.191982
0.935668,0.276609,0.219117,0.343278,-0.857346,-0.383559,0.0817637,0.434102,-0.897145
0.069485,0.30954,-0.948344,-0.0590908,-0.947696,-0.313658,-0.995831,0.0778329,-0.0475597
-0.797475,0.0770549,-0.598412,-0.0199753,-0.99464,-0.101455,-0.603022,-0.0689546,0.794739
-0.0597693,-0.721152,-0.690194,0.851424,-0.397753,0.341862,-0.521061,-0.567215,0.63778
-0.387604,0.389313,0.835583,0.912077,0.293444,0.286367,-0.13371,0.873113,-0.468823
0.407643,-0.91314,-0.0015343,0.912756,0.407422,0.0297448,-0.0265361,-0.0135257,0.999556
0.796279,-0.0925109,-0.597813,-0.44276,0.584247,-0.680161,0.412193,0.806286,0.424264
0.0517425,0.984853,-0.165493,0.273593,-0.173355,-0.946095,-0.960453,0.00367551,-0.278418
-0.0142515,-0.150753,0.988469,0.232167,-0.962051,-0.143376,0.972572,0.227446,0.0487105
-0.519381,0.834213,0.185288,0.270643,0.366246,-0.89029,-0.810552,-0.412253,-0.415995
0.279747,-0.832708,0.477849,-0.239155,0.421591,0.87468,-0.92981,-0.358969,-0.0812074
0.384499,-0.805658,0.450639,0.74791,0.558023,0.359501,-0.541102,0.19881,0.817119
0.333557,0.512542,0.791227,-0.0741219,-0.822437,0.564006,0.939811,-0.246776,-0.236339
-0.97028,0.199655,-0.136729,-0.238058,-0.888938,0.391301,-0.0434185,0.412221,0.910049
-0.522944,-0.619021,-0.585954,0.802366,-0.58949,-0.093329,-0.287641,-0.518955,0.804952
-0.794627,0.308368,0.522951,-0.581215,-0.137573,-0.802037,-0.175379,-0.941267,0.288548
-0.628796,-0.765018,-0.139153,-0.777471,0.61571,0.12822,-0.012413,0.188812,-0.981935
-0.852749,-0.1755,0.491955,0.321157,0.56661,0.758822,-0.41192,0.805079,-0.426813
-0.0716313,0.980131,0.184967,0.399048,-0.141795,0.9059,0.914128,0.138702,-0.380962
-0.0477371,-0.0683667,0.996518,0.964568,0.256011,0.0637704,-0.25948,0.964253,0.0537232
-0.209621,-0.603632,-0.769212,-0.649896,-0.501757,0.570855,-0.730544,0.619571,-0.287119
0.9955,0.0500675,-0.0804542,-0.044173,-0.505949,-0.861432,-0.0838355,0.861109,-0.50146
0.437232,-0.678855,-0.589902,-0.887535,-0.219736,-0.404966,0.14529,0.700622,-0.698584
-0.149585,-0.726415,-0.670779,0.964573,0.0418938,-0.26047,0.217311,-0.685978,0.694414
-0.174148,-0.946831,-0.270524,-0.318078,0.314083,-0.894527,0.931933,-0.0697319,-0.355863
-0.143153,-0.472642,-0.86955,0.174143,0.852862,-0.49224,0.974259,-0.221892,-0.0397828
-0.475835,-0.662613,-0.578382,-0.859271,0.490562,0.144919,0.187707,0.565944,-0.802791
0.182843,0.926231,-0.329644,-0.937833,0.063704,-0.341191,-0.295021,0.371536,0.880297
0.573284,0.00291243,-0.819351,0.513665,0.777808,0.362166,0.638353,-0.628496,0.444409
-0.742816,-0.640412,-0.195185,0.41563,-0.212559,-0.884347,0.524858,-0.738032,0.424067
0.929265,0.264021,-0.25838,-0.123858,-0.436271,-0.89125,-0.348032,0.86021,-0.37271
-0.0792608,-0.992717,0.0907261,0.164213,0.0767664,0.983433,-0.983235,0.0928462,0.156933
-0.986536,-0.0192437,0.16241,-0.0144653,-0.978894,-0.203855,0.162905,-0.20346,0.965436
0.306383,0.499117,0.810563,-0.18756,-0.803168,0.565458,0.933248,-0.325276,-0.152463
-0.692252,-0.289258,-0.661148,-0.266878,-0.748592,0.606949,-0.670494,0.596608,0.441018
0.279424,0.958199,0.0614564,0.707215,-0.162097,-0.688165,-0.649437,0.235753,-0.722947
-0.117964,-0.335307,-0.934694,0.954339,-0.298427,-0.0133874,-0.274449,-0.893594,0.3552
-0.913456,-0.403743,0.0508928,-0.344274,0.833406,0.43233,-0.216965,0.377394,-0.900278
-0.708328,-0.545538,-0.447951,0.50119,0.0581898,-0.863379,0.497072,-0.836063,0.232201
0.929925,-0.302628,0.208939,0.36746,0.742149,-0.560525,0.0145664,0.598023,0.801347
-0.73231,-0.0697008,-0.677395,-0.456895,0.787903,0.412863,0.504944,0.611842,-0.608835
0.819545,-0.535418,-0.204142,0.456064,0.825168,-0.333321,0.346917,0.18007,0.920447
0.422938,0.849106,-0.316455,0.67165,-0.528174,-0.519537,-0.608285,0.00718493,-0.793687
0.710751,-0.68578,-0.15665,-0.695716,-0.718209,-0.0124341,-0.10398,0.117821,-0.987576
0.199696,-0.174446,-0.964204,0.36645,0.925915,-0.0916234,0.908755,-0.335036,0.248828
0.33686,0.912288,0.232931,-0.749182,0.109857,0.65319,0.570308,-0.394541,0.720476
-0.0888391,0.643279,-0.76046,0.339799,0.737251,0.58395,0.936293,-0.206526,-0.284083
0.563769,-0.48986,-0.664983,-0.648715,-0.760958,0.0105834,-0.511209,0.425418,-0.746784
0.0446617,0.841341,-0.538656,0.0835599,-0.540451,-0.837216,-0.995501,-0.0076185,-0.0944398
-0.40978,-0.47367,0.779562,0.803787,0.216563,0.5541,-0.431285,0.853661,0.291986
0.865109,-0.319114,0.386978,0.0957089,-0.652315,-0.751881,0.492367,0.687497,-0.533782
-0.724463,-0.686103,0.0664527,0.145028,-0.0574667,0.987757,-0.673885,0.725231,0.141137
-0.477715,-0.710447,0.516773,0.878256,-0.400505,0.261272,0.0213504,0.578672,0.815281
0.169833,-0.450267,0.876594,-0.129797,-0.891987,-0.433026,0.976888,-0.0402368,-0.209932
-0.801371,-0.444211,-0.400601,0.206335,-0.83389,0.511912,-0.561454,0.327573,0.759911
0.338952,-0.391255,0.855588,0.145726,0.920281,0.363108,-0.929449,0.00160579,0.368947
0.648017,-0.461959,-0.605531,-0.726056,-0.134562,-0.674341,0.230037,0.876634,-0.422607
-0.184438,-0.567639,-0.802352,0.982243,-0.135004,-0.130279,-0.0343696,-0.812133,0.582459
0.291015,-0.840529,-0.45697,-0.697376,-0.513357,0.500131,-0.654964,0.173135,-0.735559
0.466613,-0.831812,-0.3006,-0.883539,-0.422861,-0.201364,0.0403853,0.359551,-0.932251
0.177866,-0.681287,0.710079,-0.70151,-0.593824,-0.394027,0.690107,-0.428043,-0.583551
-0.036278,0.943066,0.330621,-0.991557,-0.0751815,0.105648,0.12449,-0.323997,0.937832
-0.410653,-0.903926,0.11951,0.753391,-0.262558,0.602881,-0.513581,0.337612,0.788829
0.206355,-0.975352,-0.0781458,0.923056,0.167549,0.34626,-0.324632,-0.143585,0.934878
-0.804788,0.221123,-0.550836,-0.582704,-0.117629,0.804127,0.113017,0.968126,0.223516
-0.95799,-0.210007,0.195326,-0.168976,-0.137001,-0.976052,0.231738,-0.968054,0.0957593
0.480556,-0.804648,-0.348724,0.842627,0.31348,0.437847,-0.242995,-0.504254,0.828663
-0.12781,0.477097,-0.869507,0.636139,-0.633174,-0.440928,-0.760915,-0.609483,-0.222575
-0.878936,-0.454541,-0.144447,-0.412829,0.876722,-0.246841,0.238839,-0.157326,-0.95823
-0.446886,-0.831806,-0.32923,-0.290242,-0.213302,0.932878,-0.846199,0.512447,-0.146103
-0.694217,-0.660252,-0.286584,-0.196735,-0.208938,0.957935,-0.692357,0.721396,0.0151535
0.228599,0.265183,0.936707,-0.413841,-0.844449,0.340061,0.88118,-0.465385,-0.0832963
-0.766993,0.640852,0.0320874,0.355245,0.382462,0.85295,0.534343,0.665606,-0.521005
-0.91065,-0.00823386,-0.413096,0.0386545,-0.997114,-0.0653375,-0.411366,-0.0754676,0.908341
-0.346531,-0.442582,-0.827066,-0.166093,-0.838815,0.518461,-0.923217,0.317033,0.217165
0.727198,-0.20423,-0.655342,0.549453,0.745438,0.377391,0.411442,-0.634518,0.654296
-0.657029,0.750311,-0.0731221,0.0931885,-0.0154171,-0.995529,-0.748084,-0.660905,-0.0597909
-0.975217,0.205895,0.0809871,-0.212132,-0.766132,-0.606664,-0.0628622,-0.608809,0.790822
-0.420168,-0.346761,0.838579,-0.552186,0.831027,0.066967,-0.720104,-0.434914,-0.540648
0.896614,0.230962,0.377809,-0.373183,0.853397,0.363935,-0.238366,-0.467301,0.851358
-0.809764,-0.496337,0.31294,0.399123,-0.0749951,0.913825,-0.430096,0.864885,0.258828
0.416621,-0.0373284,0.908314,-0.814615,0.428176,0.39124,-0.403522,-0.902924,0.147979
0.3975,0.0665594,0.915185,0.623834,-0.75102,-0.216335,0.672923,0.656917,-0.340052
-0.587729,0.230987,0.775384,-0.539936,-0.825716,-0.163282,0.602531,-0.514624,0.610016
0.211975,-0.0187123,0.977096,-0.184083,-0.982684,0.0211165,0.959781,-0.184343,-0.211749
0.617451,-0.739491,-0.268154,0.783776,0.607284,0.130006,0.0667075,-0.290445,0.954564
0.717422,0.633938,-0.28884,0.542532,-0.248343,0.802487,0.436996,-0.732426,-0.522098
-0.873602,-0.474174,-0.109445,-0.126866,0.0047904,0.991908,-0.469812,0.880418,-0.0643416
0.0823744,-0.837357,0.540414,-0.0534988,-0.54519,-0.836604,0.995164,0.0400032,-0.0897073
-0.415337,-0.52641,-0.741881,-0.789325,-0.196839,0.581567,-0.452174,0.827132,-0.333754
0.686611,0.259015,-0.679321,0.275637,-0.957368,-0.0864347,-0.672748,-0.127899,-0.728733
-0.458847,-0.824614,0.330864,-0.727766,0.562429,0.392468,-0.509722,-0.0607088,-0.858195
-0.770376,0.609757,-0.186322,0.407446,0.695588,0.591731,0.490416,0.379939,-0.784308
0.877553,-0.46028,0.134325,-0.418621,-0.598892,0.682704,-0.233789,-0.65534,-0.718242
0.897508,0.347333,0.271734,0.10532,-0.767168,0.632741,0.428237,-0.539271,-0.72512
-0.0696015,-0.479269,-0.874904,0.918565,0.311286,-0.243596,0.389094,-0.820611,0.418574
-0.438925,-0.192157,0.877736,0.57692,0.688635,0.439256,-0.688846,0.699183,-0.1914
-0.541592,0.705866,0.456542,0.808214,0.287835,0.513752,0.231231,0.647228,-0.726381
0.496721,0.821777,-0.279198,0.495144,-0.00411376,0.868801,0.712812,-0.569795,-0.408941
-0.659889,-0.749243,0.0564063,0.625498,-0.506203,0.593726,-0.416292,0.427075,0.802688
-0.298907,0.953731,0.0324416,0.236266,0.0410246,0.970822,0.924572,0.29785,-0.237596
0.779995,-0.155455,-0.60617,-0.579723,-0.544259,-0.606386,-0.235648,0.824388,-0.51464
0.715208,0.560651,-0.41731,-0.533644,0.823636,0.191957,0.451333,0.0854053,0.888259
0.628901,0.214973,0.747175,0.301161,0.818633,-0.489021,-0.716788,0.532566,0.450098
-0.14359,-0.460178,-0.876138,0.414295,0.776049,-0.475507,0.898744,-0.431258,0.0792167
-0.231114,-0.970082,0.0743416,0.966804,-0.237547,-0.0941346,0.108978,0.050118,0.99278
0.953432,-0.0539855,0.296736,-0.0879419,0.891339,0.444726,-0.288501,-0.450112,0.845084
-0.8488,-0.501855,0.166374,0.413677,-0.434416,0.800097,-0.329257,0.747947,0.576338
-0.918144,-0.138433,0.371278,-0.370654,-0.0312308,-0.928246,0.140095,-0.989879,-0.0226364
-0.560262,-0.0703716,0.82532,-0.50929,0.815058,-0.276231,-0.653245,-0.575089,-0.492486
-0.137233,0.99053,0.00418688,0.972463,0.135531,-0.189596,-0.188368,-0.0219473,-0.981853
0.365797,0.354534,-0.860522,0.867011,0.206331,0.453563,0.338357,-0.911994,-0.23191
-0.583095,-0.694827,0.42097,0.781341,-0.621555,0.0563519,0.222501,0.361779,0.905323
0.162138,0.896168,-0.41303,0.981015,-0.191525,-0.0304539,-0.106397,-0.400251,-0.910208
0.64066,0.420384,0.642519,0.584079,0.276358,-0.763203,-0.498404,0.864236,-0.068486
-0.212069,0.438542,0.873331,-0.0645385,-0.897992,0.435254,0.975121,0.0359404,0.218739
0.0470629,0.467534,-0.882721,0.112349,-0.880571,-0.460405,-0.992554,-0.0775046,-0.0939691
-0.735357,0.55793,-0.384662,0.597403,0.265721,-0.756639,-0.319938,-0.786197,-0.528709
-0.640934,-0.416696,-0.644645,0.423162,0.50887,-0.749657,0.64042,-0.75327,-0.149822
-0.248417,0.911418,-0.328035,-0.0381378,0.329185,0.943495,0.967902,0.24689,-0.0470155
0.515767,-0.2668,0.814127,-0.110279,0.921693,0.371915,-0.849602,-0.281602,0.445956
-0.206646,0.437396,-0.875204,0.536285,0.798806,0.272592,0.818349,-0.413029,-0.399639
-0.351573,0.56273,-0.748152,0.860596,-0.120278,-0.494881,-0.368471,-0.817843,-0.441997
-0.548421,-0.809432,0.209889,0.354069,-0.452172,-0.818643,0.757542,-0.374646,0.534575
-0.828827,-0.557823,-0.0433624,0.432747,-0.68825,0.582273,-0.354649,0.463839,0.811836
0.750672,0.608631,0.257021,-0.578078,0.416731,0.701542,0.319872,-0.675206,0.664664
-0.379676,0.706387,0.59738,0.760728,-0.129064,0.63611,0.52644,0.695959,-0.488366
0.782224,-0.111315,0.612971,-0.5653,0.28671,0.773456,-0.261842,-0.951528,0.161345
0.497262,-0.809401,-0.312412,0.854315,0.394026,0.338955,-0.151252,-0.435447,0.887417
-0.253215,0.60073,0.758292,-0.131277,-0.797923,0.58829,0.958462,0.049417,0.280908
0.170063,-0.51053,-0.842875,-0.00181422,0.855171,-0.518344,0.985431,0.0896804,0.144507
0.441464,-0.664637,0.602799,-0.895151,-0.372471,0.244889,0.0617631,-0.647706,-0.759383
0.303219,-0.754818,0.581642,-0.154042,0.563524,0.81161,-0.940388,-0.335693,0.0545974
-0.603259,-0.769913,-0.208117,0.269802,-0.442569,0.855184,-0.750523,0.459747,0.474708
0.684961,-0.0189568,-0.728333,0.724218,-0.0915119,0.683472,-0.0796076,-0.995624,-0.0489532
-0.431972,0.0762136,0.898661,0.245666,0.968688,0.0359352,-0.867784,0.236293,-0.437169
-0.318225,-0.629047,0.709248,-0.834957,0.540289,0.104565,-0.448975,-0.558917,-0.697161
-0.959078,-0.238361,-0.152818,-0.22612,0.969624,-0.0932731,0.170408,-0.0549011,-0.983843
-0.40234,0.390481,0.828038,-0.862053,0.1429,-0.486255,-0.3082,-0.909453,0.279121
-0.743245,0.522966,0.417245,-0.384002,0.177229,-0.906164,-0.547841,-0.833724,0.0690954
-0.321799,-0.946718,0.0130548,0.848011,-0.282061,0.448687,-0.421098,0.155458,0.893594
0.508466,0.612928,0.604799,-0.647739,0.735045,-0.200359,-0.567359,-0.289876,0.770763
0.798271,0.2844,-0.530924,0.231055,0.669452,0.706008,0.556217,-0.686258,0.468692
0.0627325,-0.166748,-0.984002,-0.287069,-0.947293,0.142226,-0.955854,0.273554,-0.107294
0.784436,-0.566847,0.251684,-0.434458,-0.791822,-0.429259,0.442613,0.22738,-0.867405
-0.49484,0.862534,-0.105679,0.743237,0.483105,0.462827,0.450258,0.150481,-0.880127
-0.224383,0.923741,0.310411,0.931008,0.297302,-0.211743,-0.287882,0.241483,-0.92672
0.596624,-0.794713,-0.111673,-0.0147055,-0.149955,0.988583,-0.802386,-0.588171,-0.101154
-0.174466,-0.265946,0.948069,0.686463,0.657426,0.310742,-0.705925,0.705028,0.0678634
0.00621,0.721315,0.692579,-0.592011,0.560827,-0.578788,-0.805906,-0.40642,0.430509
-0.517494,0.0901408,0.850925,0.852451,-0.0320939,0.521822,0.074347,0.995412,-0.0602322
-0.474786,-0.850517,-0.226271,0.147477,0.176576,-0.973176,0.867657,-0.49542,0.0415961
0.107969,-0.98384,0.142832,-0.678078,0.0321879,0.734285,-0.727016,-0.176131,-0.663645
0.90337,0.309268,0.297112,-0.387209,0.290351,0.87508,0.184367,-0.905566,0.382046
-0.412813,-0.637912,-0.650118,0.666294,-0.698159,0.261967,-0.620998,-0.325026,0.713246
-0.94034,-0.195712,0.278312,0.299568,-0.0884374,0.949967,-0.161307,0.976666,0.14179
-0.920503,0.166202,-0.353625,0.262161,-0.408379,-0.874356,-0.289733,-0.897554,0.332343
0.204571,0.130771,0.970077,0.00533885,-0.99117,0.132489,0.978837,-0.0219243,-0.203463
0.473674,0.694304,-0.541825,0.583702,0.213198,0.783479,0.659488,-0.687378,-0.30428
0.0521131,0.205782,0.977209,0.156687,-0.968104,0.195509,0.986272,0.142928,-0.0826943
-0.339259,-0.851267,0.400309,-0.119115,0.460996,0.879371,-0.933121,0.250652,-0.257796
-0.530189,0.455584,-0.715082,-0.777808,0.0743799,0.624085,0.337511,0.88708,0.314921
-0.0968368,-0.954632,-0.281604,-0.100311,0.290854,-0.951495,0.990233,-0.0638919,-0.123925
-0.440119,-0.874594,-0.203421,-0.551676,0.0846262,0.829754,-0.708484,0.477413,-0.519738
0.681661,-0.16189,-0.713533,0.553435,0.751979,0.358102,0.478589,-0.638999,0.60219
0.169255,0.0939521,-0.981084,-0.41205,0.911018,0.0161563,0.895303,0.401521,0.192907
-0.815715,0.0162881,-0.578224,0.00286308,-0.999478,-0.0321935,-0.578446,-0.0279162,0.815243
0.404482,-0.660806,-0.632242,0.877603,0.474955,0.06504,0.257307,-0.581165,0.772036
-0.0545079,0.0811265,0.995212,-0.351411,-0.934489,0.0569297,0.934633,-0.346626,0.0794458
0.0160393,0.00556327,0.999856,-0.520274,0.853992,0.00359435,-0.853849,-0.520257,0.0165918
-0.507766,-0.847045,-0.157128,-0.377362,0.0547253,0.924447,-0.77445,0.528697,-0.34743
0.012706,0.911967,0.410068,-0.967307,-0.092673,0.236071,0.253291,-0.399661,0.880974
0.203839,-0.791324,-0.576417,-0.515222,-0.587357,0.624145,-0.832464,0.169758,-0.527434
0.466793,0.765835,-0.442268,-0.8431,0.536348,0.038892,0.266995,0.354722,0.896039
0.471571,0.229573,0.851421,0.726011,0.446957,-0.522626,-0.500529,0.864596,0.0440992
-0.823882,-0.475588,-0.308276,-0.509373,0.859841,0.03482,0.248508,0.185715,-0.950659
-0.0280068,-0.120425,-0.992327,0.0319268,-0.992318,0.119523,-0.999098,-0.0283344,0.0316364
-0.0658216,-0.988358,0.137171,-0.945565,0.017874,-0.324942,0.318708,-0.151092,-0.935733
-0.150485,-0.988605,-0.00385232,-0.942892,0.144695,-0.300031,0.297169,-0.0415177,-0.953922
-0.611008,0.777275,-0.150042,0.735473,0.627489,0.25561,0.292829,0.0458281,-0.955066
-0.109928,-0.520576,-0.846709,0.83644,-0.508628,0.204121,-0.536921,-0.685783,0.491343
-0.500072,0.846568,0.182348,-0.197135,-0.316324,0.927942,0.843247,0.428091,0.325073
-0.921855,-0.0773479,-0.379737,-0.376013,0.415678,0.828146,0.0937931,0.906217,-0.412279
0.224998,0.581757,0.781623,-0.875229,0.473205,-0.10026,-0.428194,-0.661541,0.615641
0.00505554,0.867749,-0.496977,-0.910191,0.209825,0.357107,0.414157,0.450539,0.790878
-0.107874,0.187083,0.976403,0.986229,-0.103705,0.128829,0.12536,0.976855,-0.17332
-0.384703,-0.786839,0.482585,0.920585,-0.365175,0.13846,0.0672822,0.497526,0.864836
0.937476,0.043761,0.345287,-0.163306,-0.820776,0.54741,0.307359,-0.569571,-0.762312
-0.302221,0.593566,-0.745883,0.0335123,0.788606,0.613985,0.952649,0.160563,-0.258225
0.17462,-0.928551,0.327567,-0.976066,-0.119443,0.181738,-0.129627,-0.351462,-0.927184
0.801499,0.592901,-0.0778948,-0.0264261,0.16525,0.985898,0.597412,-0.788138,0.148116
0.362995,0.609272,0.704998,0.022166,-0.762037,0.647154,0.931527,-0.219287,-0.290121
-0.0100864,0.930198,0.36692,0.99675,-0.0199772,0.0780452,0.0799276,0.366515,-0.926973
-0.407557,0.906671,-0.108838,0.833475,0.320634,-0.450014,-0.373117,-0.27412,-0.886364
-0.236629,-0.389755,-0.889999,0.247993,-0.909901,0.332535,-0.939418,-0.142026,0.311966
-0.61499,-0.558564,-0.556591,0.608287,0.113106,-0.785617,0.501771,-0.821713,0.270208
-0.465785,0.725879,0.506107,-0.444112,0.302932,-0.843206,-0.765382,-0.617521,0.18127
0.100409,-0.100708,-0.989836,-0.828337,-0.559575,-0.0270939,-0.551159,0.822638,-0.139606
0.967403,0.0501916,0.248217,-0.0280838,-0.952853,0.302129,0.251679,-0.299252,-0.920384
0.588589,-0.808381,0.00916889,0.7446,0.537663,-0.395587,0.314855,0.239665,0.918383
0.573776,-0.637829,-0.513766,0.646179,-0.0328804,0.762477,-0.503223,-0.769476,0.393286
0.349143,0.862144,0.36716,-0.292184,-0.272123,0.91683,0.890353,-0.427383,0.156895
0.72288,-0.0338898,-0.690142,0.689847,0.0924142,0.718032,0.039445,-0.995144,0.0901831
0.594336,-0.802722,-0.0490036,0.557411,0.367252,0.744593,-0.579705,-0.469854,0.665718
0.701471,-0.477491,-0.529095,0.276166,-0.502273,0.819423,-0.657017,-0.720919,-0.220463
0.388442,0.311216,-0.867328,-0.796628,0.58649,-0.146333,0.463138,0.74778,0.47574
-0.982232,-0.0565463,-0.17895,-0.056108,-0.821437,0.567533,-0.179088,0.567489,0.803669
0.0983555,-0.768424,0.632338,-0.339952,0.571249,0.747066,-0.935285,-0.288443,-0.205042
-0.497118,-0.66895,0.552611,-0.735896,-0.012378,-0.676981,0.459707,-0.743204,-0.486125
-0.776664,0.575609,0.255867,0.201558,-0.157749,0.96669,0.596798,0.802365,0.00649886
0.673312,0.149998,-0.723983,0.110582,-0.988621,-0.101984,-0.731042,-0.0113922,-0.682237
0.213619,-0.976592,-0.0251918,0.919458,0.192275,0.342967,-0.330096,-0.0964272,0.939009
0.568608,0.567399,-0.595604,-0.580697,-0.23597,-0.779172,-0.582646,0.788909,0.195313
0.215109,0.246957,0.944849,0.816424,-0.576377,-0.0352229,0.535891,0.778975,-0.325606
0.467431,-0.88359,-0.0278706,0.878726,0.460947,0.123972,-0.0966932,-0.0824387,0.991894
-0.340384,-0.342532,0.875677,-0.702308,-0.526624,-0.478989,0.625221,-0.778036,-0.0613089
0.749608,0.0454302,0.660321,0.369868,-0.85609,-0.360982,0.548894,0.514827,-0.658535
0.942391,-0.287807,-0.170488,-0.225655,-0.923188,0.311134,-0.246939,-0.254738,-0.934949
-0.961598,0.00759036,-0.274358,-0.196073,0.680482,0.706045,0.192055,0.732725,-0.652862
0.621981,0.783024,0.00374112,-0.72869,0.577059,0.368801,0.286621,-0.232113,0.929501
-0.738701,-0.660739,0.13321,0.0212285,0.174727,0.984388,-0.673699,0.729996,-0.115045
0.639169,0.0494679,-0.767474,0.00673058,-0.998251,-0.0587374,-0.769037,0.0323775,-0.638383
-0.972227,0.115269,0.203686,0.19342,-0.0942776,0.976576,0.131772,0.98885,0.0693639
0.688448,0.122424,-0.714878,0.678735,0.238679,0.694515,0.255651,-0.963351,0.0812247
-0.967849,-0.0517886,-0.246142,0.185224,0.515326,-0.836738,0.170177,-0.855428,-0.489166
-0.731144,0.336978,-0.59319,0.662927,0.145593,-0.734391,-0.161109,-0.930187,-0.329842
0.156289,0.830122,0.535229,0.295459,0.477783,-0.827301,-0.942485,0.287437,-0.170595
-0.0983741,-0.928584,0.357846,-0.866818,0.25659,0.427538,-0.488824,-0.268129,-0.830155
0.4272,-0.404489,0.808634,0.441506,0.873798,0.203838,-0.789033,0.269937,0.551871
-0.43327,-0.802379,-0.410445,0.247829,0.331786,-0.910219,0.866521,-0.49609,0.0550996
0.64102,-0.652993,0.403353,-0.0597546,-0.566388,-0.821969,0.765194,0.502797,-0.402086
-0.56354,0.780227,0.271418,-0.610744,-0.17227,-0.772861,-0.55625,-0.601306,0.5736
0.270641,0.877671,0.395534,-0.0294675,0.418227,-0.907864,-0.962229,0.23405,0.139052
-0.875962,-0.471509,0.101829,-0.222839,0.58276,0.781494,-0.427824,0.661868,-0.615546
0.646934,0.679773,-0.34552,0.257013,0.232222,0.938092,0.717928,-0.695687,-0.0244783
0.470577,-0.691851,-0.547631,0.856889,0.210282,0.470662,-0.210471,-0.690742,0.691793
0.981395,-0.137585,0.133922,-0.138667,-0.990338,-0.0012603,0.132801,-0.0173336,-0.990991
0.665233,0.395223,-0.633454,-0.30352,0.918293,0.254192,0.682159,0.0231692,0.730837
0.898121,0.0582563,0.435872,0.252806,0.742621,-0.620164,-0.359816,0.667173,0.652236
0.624605,-0.487813,0.609842,-0.763635,-0.544998,0.346177,0.163494,-0.681921,-0.712919
0.359779,-0.747299,-0.558662,-0.170473,-0.641326,0.748091,-0.917332,-0.17391,-0.35813
-0.33739,0.838336,0.428206,0.124475,-0.411154,0.903027,0.933099,0.357973,0.034367
-0.598522,-0.681375,0.421307,0.0853389,-0.577143,-0.812172,0.796548,-0.450149,0.403581
0.0435048,0.38008,0.92393,0.247262,0.891937,-0.378562,-0.967971,0.244922,-0.055176
-0.406021,0.531663,-0.743291,0.822805,0.566604,-0.0441738,0.397666,-0.629519,-0.667509
-0.648215,0.660837,0.378301,-0.641966,-0.207096,-0.738235,-0.409509,-0.721392,0.558477
-0.950391,-0.121821,0.28621,-0.155537,-0.610718,-0.776423,0.269378,-0.782422,0.561473
-0.395793,-0.639218,-0.659355,-0.67328,-0.2863,0.681708,-0.624533,0.713746,-0.317057
-0.0914619,-0.790414,0.605706,-0.0846747,-0.59988,-0.795597,0.992202,-0.124055,-0.012062
-0.383689,-0.102078,-0.917803,0.68037,0.640763,-0.355695,0.624403,-0.760922,-0.176403
-0.676049,-0.735774,-0.0399267,-0.636176,0.61016,-0.472213,0.371804,-0.293839,-0.88058
-0.343587,0.803434,-0.486253,-0.705858,-0.562458,-0.430587,-0.619445,0.195282,0.760364
-0.0751968,-0.989947,-0.119789,-0.891861,0.1205,-0.435963,0.446015,0.0740521,-0.891957
0.869562,0.487109,0.0811614,0.331549,-0.69768,0.635073,0.365974,-0.525326,-0.768176
-0.40888,-0.0865364,-0.908476,0.870279,-0.336573,-0.359629,-0.274647,-0.937673,0.212929
-0.728435,-0.108516,-0.676466,-0.319734,-0.819413,0.475744,-0.605931,0.562838,0.562193
-0.280941,-0.926043,-0.252023,0.925161,-0.331158,0.185503,-0.255244,-0.181047,0.949775
0.646572,0.0830185,-0.758322,0.673892,0.403707,0.618781,0.35751,-0.911114,0.20508
-0.472097,-0.185358,-0.861839,0.511156,-0.854074,-0.0963123,-0.718222,-0.486003,0.497953
0.319266,0.889733,0.326259,0.700291,0.0104515,-0.713781,-0.638485,0.456362,-0.619735
0.178981,-0.0209573,0.983629,0.77723,-0.609974,-0.15442,0.603224,0.792144,-0.0928848
-0.657036,-0.701298,0.276557,0.379346,-0.624597,-0.682624,0.65146,-0.343598,0.676418
-0.883228,-0.0839301,0.461372,0.17604,0.852557,0.492094,-0.434647,0.515851,-0.738227
-0.444233,-0.89585,-0.0105047,0.721545,-0.350799,-0.596919,0.531065,-0.27275,0.802233
0.0545997,-0.673031,0.737596,-0.416403,-0.686747,-0.595808,0.907539,-0.274606,-0.317748
0.921864,-0.204624,0.329084,0.320142,0.880654,-0.349225,-0.21835,0.427292,0.877351
0.425325,0.0539517,0.903431,-0.904058,0.0718245,0.421331,-0.042157,-0.995957,0.0793242
-0.341035,-0.616907,-0.70931,-0.898917,0.434771,0.0540648,0.275035,0.656049,-0.70282
-0.463476,0.00583115,-0.886091,0.724112,-0.573876,-0.382528,-0.510736,-0.818922,0.261755
0.350339,-0.81181,0.467149,0.518442,0.583462,0.625132,-0.780052,0.0231815,0.625286
-0.41499,-0.855288,-0.310266,0.543282,-0.506494,0.669559,-0.729813,0.109299,0.674853
-0.886661,-0.360724,-0.289328,-0.410854,0.901663,0.13492,0.212208,0.2385,-0.947674
-0.555983,0.766697,-0.321028,-0.57374,-0.633451,-0.519193,-0.601419,-0.104476,0.792073
-0.712569,0.590929,0.378218,0.294643,0.74128,-0.603067,-0.636735,-0.318287,-0.702326
-0.621637,-0.333588,0.708722,-0.778401,0.36417,-0.511344,-0.0875174,-0.86954,-0.486047
0.563796,0.568539,-0.59908,0.60554,0.20872,0.767956,0.561653,-0.795738,-0.226598
-0.22061,-0.337439,0.915132,-0.547511,0.819323,0.170123,-0.807194,-0.463514,-0.365502
-0.993831,-0.0415465,-0.102827,0.104641,-0.658427,-0.745335,-0.0367381,-0.751497,0.658713
-0.907897,0.130564,0.398343,-0.265235,0.556935,-0.787066,-0.324614,-0.820229,-0.471009
-0.789268,-0.534508,0.302253,-0.302333,0.7667,0.566362,-0.534462,0.355631,-0.766731
0.880651,-0.277689,-0.383853,0.473728,0.526423,0.706018,0.00601596,-0.803597,0.595144
-0.054084,-0.327321,0.943364,-0.699023,0.687051,0.198312,-0.713051,-0.648708,-0.265963
0.477116,0.485361,0.732656,-0.0201488,0.839484,-0.54301,-0.878609,0.244317,0.410311
0.574086,0.679682,-0.456572,-0.796011,0.332661,-0.505671,-0.191812,0.653735,0.73201
0.929417,0.0929676,-0.357129,-0.0702823,0.994627,0.0760134,0.362277,-0.0455483,0.930957
0.203004,-0.262628,0.943301,0.956438,-0.153228,-0.248492,0.209801,0.952653,0.220081
-0.0654313,0.167409,-0.983714,-0.680373,-0.728624,-0.0787426,-0.729939,0.66414,0.161575
0.690702,0.18529,-0.698998,-0.367514,0.92242,-0.118638,0.622787,0.338835,0.705214
-0.966148,-0.0188405,-0.257301,-0.0741247,0.97555,0.2069,0.247112,0.218968,-0.943922
0.793589,-0.35961,-0.490812,0.0797806,0.86119,-0.501983,0.603201,0.359211,0.712121
-0.151423,-0.265558,0.952129,0.616656,0.727433,0.300958,-0.772532,0.632708,0.0536078
0.663816,-0.333258,-0.669543,-0.605745,0.285506,-0.742671,0.438659,0.898569,-0.0123462
-0.637673,-0.685026,0.352295,0.38413,0.113636,0.916259,-0.667695,0.719601,0.190677
0.963766,-0.132358,0.231595,0.200737,0.931636,-0.302916,-0.175669,0.33843,0.924449
0.116077,0.73109,-0.672335,0.117157,0.662107,0.740195,0.986306,-0.164689,-0.00879652
0.694212,0.116582,-0.710267,-0.713882,-0.014453,-0.700117,-0.0918868,0.993076,0.0731926
0.946382,0.106094,-0.30513,0.115277,-0.993259,0.0121836,-0.301781,-0.0467049,-0.952233
-0.0123474,-0.28597,0.958159,0.0212605,0.95794,0.286179,-0.999698,0.0239046,-0.00574819
0.672904,0.735973,0.074452,0.615436,-0.501155,-0.608344,-0.410413,0.455177,-0.790174
0.948629,0.285097,0.137193,-0.118546,-0.0817522,0.989577,0.293342,-0.955006,-0.0437554
0.443793,-0.0359777,-0.895407,-0.872034,-0.247486,-0.422264,-0.206409,0.968223,-0.141207
-0.485261,-0.630659,0.605633,0.836566,-0.133407,0.531375,-0.25432,0.764508,0.592325
0.146748,0.955581,-0.255598,-0.175968,0.279493,0.943885,0.973396,-0.0935365,0.209166
-0.789682,-0.608514,0.0781863,0.25345,-0.439623,-0.861681,0.558718,-0.660638,0.50139
0.186877,-0.719565,-0.668807,-0.144153,-0.693517,0.705871,-0.971749,-0.0355003,-0.23333
0.360378,0.378527,0.852552,-0.788805,0.611516,0.0619236,-0.497909,-0.694813,0.518961
0.0685159,0.518241,0.852485,0.838541,-0.492868,0.232229,0.540514,0.698932,-0.468336
0.525605,0.199349,-0.827042,0.408598,-0.911842,0.039885,-0.746181,-0.358892,-0.560723
0.431107,-0.326754,0.841058,-0.76994,0.352801,0.531717,-0.470467,-0.876792,-0.0994862
0.437538,-0.778761,-0.449546,-0.714716,0.00218629,-0.699412,0.545657,0.627317,-0.555636
-0.665995,-0.342996,-0.662423,-0.352346,-0.638068,0.684632,-0.657497,0.689364,0.304097
0.309219,-0.199842,-0.929756,-0.654204,0.664881,-0.360485,0.690218,0.719719,0.0748565
-0.160224,0.987046,-0.00828314,0.501616,0.088647,0.860537,0.850124,0.133723,-0.509321
0.111667,-0.805816,-0.581542,0.0333172,-0.581837,0.812622,-0.993187,-0.110118,-0.0381245
