-0.325605,-0.133801,0.935991,-0.6821,0.718777,-0.134533,-0.654768,-0.682244,-0.325303
-0.571795,-0.782837,0.24539,0.656537,-0.616,-0.43532,0.491945,-0.0878059,0.866187
-0.515594,0.133767,-0.846327,0.646945,-0.586861,-0.486884,-0.561805,-0.798562,0.216042
-0.0168546,0.670436,0.741776,-0.891971,-0.345295,0.291819,0.451777,-0.656724,0.60383
0.802332,-0.549723,0.232524,-0.450296,-0.813184,-0.368734,0.391786,0.191143,-0.899982
-0.263811,-0.959899,0.0948529,-0.205129,0.151918,0.966873,-0.94251,0.235615,-0.236981
0.230654,-0.886834,-0.400404,0.970606,0.23876,0.0303026,0.0687272,-0.395624,0.915837
0.51543,0.835824,-0.189026,-0.683161,0.267623,-0.679463,-0.517323,0.47935,0.708943
-0.0867422,-0.335682,-0.937973,-0.593464,-0.738819,0.319291,-0.800172,0.58435,-0.135128
-0.455687,-0.201786,0.866967,-0.889053,0.0550624,-0.45448,0.0439702,-0.977881,-0.20449
0.269939,-0.808949,-0.52224,-0.186009,0.488347,-0.852595,0.94474,0.32729,-0.0186485
0.306703,0.121869,0.943971,0.341713,-0.939748,0.0102984,0.88835,0.319408,-0.329868
-0.0265793,0.17375,0.984431,0.762391,0.640478,-0.0924587,-0.646571,0.748064,-0.149489
0.707059,0.409756,0.576339,0.203955,0.662213,-0.721024,-0.677104,0.627354,0.384652
0.65319,-0.616888,0.439081,-0.420261,-0.777722,-0.46747,0.62986,0.120818,-0.767254
0.162365,0.90431,-0.394792,-0.186153,0.420988,0.887759,0.969012,-0.0706492,0.236693
-0.836873,-0.138767,-0.529516,0.113652,0.902208,-0.416058,0.535468,-0.408368,-0.739263
0.0771406,-0.39593,0.915035,0.78181,0.593566,0.190924,-0.618726,0.700656,0.355331
-0.280533,0.468815,0.837564,0.784383,0.614905,-0.0814639,-0.553213,0.634117,-0.540231
-0.488722,0.800056,-0.347938,0.657743,0.0758753,-0.749411,-0.573171,-0.595108,-0.563313
0.231019,-0.380392,0.895507,-0.235611,0.871137,0.430822,-0.94399,-0.310519,0.111624
-0.518112,0.48446,0.704882,0.404711,-0.587167,0.701031,0.753505,0.648486,0.108152
0.53533,0.843708,-0.0397285,0.0499995,0.015299,0.998632,0.843162,-0.536585,-0.0339949
-0.873107,0.452367,0.181793,-0.273644,-0.146111,-0.950669,-0.403489,-0.879782,0.251358
-0.0288538,-0.0662962,-0.997383,0.969951,-0.24301,-0.0119073,-0.241584,-0.967756,0.0713158
-0.0876601,-0.920216,0.381468,-0.576378,0.359184,0.734013,-0.812468,-0.155526,-0.561879
-0.148626,0.276938,-0.949324,-0.945732,0.240713,0.218285,0.288966,0.930249,0.226133
0.580933,0.762865,0.283818,0.036223,0.324116,-0.945323,-0.813145,0.559451,0.160657
-0.619919,0.649728,0.439949,0.142415,-0.458206,0.877363,0.771634,0.606549,0.191519
0.36239,0.84231,0.398983,-0.898424,0.201789,0.390019,0.248006,-0.499795,0.829878
0.777353,-0.240566,-0.58125,-0.0477789,0.898742,-0.435867,0.627248,0.366594,0.687146
-0.423687,0.498706,-0.756163,-0.146387,-0.861518,-0.486167,-0.893902,-0.0952903,0.438018
0.665037,-0.745989,0.0350131,-0.0789825,-0.0236362,0.996596,-0.742622,-0.665539,-0.074639
-0.388997,0.726556,0.56639,-0.151026,-0.65679,0.738795,0.908775,0.201849,0.365218
0.822798,-0.316688,-0.471923,0.0434863,-0.792848,0.607867,-0.566667,-0.520674,-0.638582
0.582405,0.811916,-0.0399648,0.798076,-0.580439,-0.161756,-0.15453,0.0623127,-0.986021
0.160259,0.279965,-0.94654,0.222093,0.924118,0.310935,0.961765,-0.26005,0.0859197
-0.338096,0.471481,0.814492,-0.440527,-0.844073,0.305741,0.831641,-0.255436,0.493078
-0.455659,-0.126502,0.88112,0.889585,-0.0293012,0.45583,-0.0318453,0.991533,0.125885
0.54496,0.746454,-0.381871,-0.131632,-0.373628,-0.918191,-0.828065,0.550644,-0.105355
-0.18619,0.917075,0.352571,-0.675035,-0.380143,0.632312,0.713905,-0.120267,0.689837
0.189012,0.667728,0.720009,0.543938,-0.681654,0.489366,0.817561,0.299145,-0.492044
0.445845,0.874606,-0.19049,0.893716,-0.446829,0.0402068,-0.0499513,-0.18817,-0.980865
-0.293296,0.857216,-0.42327,-0.841262,-0.0210928,0.540216,0.454154,0.514524,0.72733
-0.666667,0.133902,-0.73323,0.713663,-0.169134,-0.679763,-0.215035,-0.976455,0.017195
-0.845417,0.274089,-0.458415,-0.530462,-0.530982,0.660809,-0.0622895,0.801831,0.594295
-0.770908,-0.25465,0.583828,-0.631556,0.186599,-0.752541,0.0826929,-0.94886,-0.304676
0.668236,-0.743945,0.00246465,-0.310205,-0.281645,-0.907992,0.67619,0.605988,-0.418981
0.223634,-0.489924,0.842593,-0.903363,0.220399,0.367913,-0.365956,-0.843445,-0.39329
-0.869638,-0.446182,0.211311,-0.0741986,-0.305038,-0.949445,0.488083,-0.841352,0.232167
0.462732,-0.277053,-0.842093,-0.809311,0.25565,-0.528828,0.361794,0.926221,-0.105924
0.388062,-0.155999,-0.908335,-0.85946,-0.41711,-0.295546,-0.33277,0.895368,-0.295939
0.983391,0.0737057,0.16586,0.0448958,0.786649,-0.615766,-0.175859,0.612985,0.770275
0.217688,-0.376295,-0.900563,-0.329898,0.840017,-0.430741,0.918575,0.390861,0.0587224
0.713259,0.641245,-0.28296,-0.680993,0.538483,-0.496271,-0.165862,0.546663,0.820761
-0.51083,0.0361926,-0.85892,0.81208,-0.307535,-0.495932,-0.282097,-0.950848,0.127707
0.21263,-0.362281,-0.907492,0.906444,0.41995,0.0447359,0.364894,-0.832103,0.417681
-0.962312,0.105411,0.250687,-0.18313,-0.932664,-0.310809,0.201044,-0.345003,0.916817
0.284127,0.737839,-0.612262,-0.903021,0.420541,0.0877379,0.322218,0.527957,0.785772
-0.73755,0.284417,-0.612476,0.430245,0.896979,-0.101574,0.520489,-0.338431,-0.783936
0.42484,0.580344,0.694775,-0.451988,-0.528991,0.718245,0.784358,-0.619169,0.0375723
0.433434,-0.862864,0.26,0.895513,0.380072,-0.23152,0.100952,0.333183,0.937442
-0.221951,-0.785223,-0.578068,-0.858177,-0.124135,0.498119,-0.462893,0.606643,-0.646308
-0.313355,-0.628708,0.711712,-0.0330244,-0.74179,-0.669819,0.949062,-0.233395,0.211681
0.832166,0.277034,-0.480367,-0.330124,0.94353,-0.0277461,0.445553,0.18167,0.876629
0.74914,-0.0963289,-0.65537,-0.649155,-0.303701,-0.697397,-0.131857,0.947885,-0.290047
-0.624139,-0.419737,0.658993,0.394455,-0.89734,-0.197957,0.674431,0.13639,0.725631
0.138079,0.982528,0.124794,0.989541,-0.131545,-0.059197,-0.0417466,0.131663,-0.990415
0.147747,-0.645659,-0.749197,-0.0857606,0.746293,-0.660069,0.9853,0.161775,0.0548906
-0.994529,-0.0759266,0.071742,-0.0762185,0.99709,-0.00133712,-0.0714318,-0.00679787,-0.997422
0.854054,-0.517335,0.0543702,0.41859,0.621436,-0.662269,0.308827,0.588372,0.747291
-0.75736,0.628284,0.177945,-0.621094,-0.777232,0.100761,0.201611,-0.0342079,0.978868
-0.138526,0.332693,0.932805,-0.231103,-0.926742,0.296211,0.963017,-0.174541,0.205265
0.296523,0.734988,0.609809,-0.710095,-0.257303,0.655409,0.638623,-0.627366,0.445615
-0.922116,-0.194993,-0.334184,0.133936,0.649448,-0.748517,0.362991,-0.734979,-0.57275
0.0738344,-0.890563,-0.448828,0.223075,-0.423904,0.877805,-0.972001,-0.164935,0.167364
-0.5702,0.213876,-0.793176,-0.821506,-0.148285,0.550581,0.000139391,0.965541,0.260252
-0.991282,0.0166546,0.130702,-0.126302,-0.402646,-0.9066,0.0375277,-0.915204,0.401239
-0.605592,0.7629,0.226365,0.740296,0.435746,0.511945,0.291925,0.477607,-0.828656
0.643635,-0.746325,-0.169508,-0.693132,-0.474528,-0.542579,0.324503,0.466714,-0.822724
-0.000553151,-0.698958,0.715162,-0.498535,0.620145,0.605708,-0.866869,-0.356198,-0.348798
-0.440509,-0.26305,0.858345,-0.488484,0.872414,0.016668,-0.753217,-0.411945,-0.512802
-0.579482,0.405472,0.706961,0.202826,0.91191,-0.356766,-0.789343,-0.0633494,-0.610675
-0.49953,0.8346,-0.232192,0.822164,0.372279,-0.430644,-0.272976,-0.406019,-0.872142
0.489773,-0.792246,0.363962,-0.0327805,-0.433898,-0.900366,0.871233,0.429044,-0.238482
0.792781,0.403762,0.45659,0.436796,-0.898823,0.0364154,0.425097,0.170567,-0.888932
0.77838,0.172628,0.603593,0.462078,0.49331,-0.736973,-0.424981,0.852552,0.304215
-0.563777,0.743709,0.359237,-0.774198,-0.324349,-0.543522,-0.287704,-0.584546,0.758639
-0.412258,-0.817712,0.401733,0.217885,-0.516643,-0.828013,0.884629,-0.253824,0.391158
-0.954142,-0.298468,-0.0230409,0.291483,-0.943828,0.155648,-0.0682025,0.141794,0.987544
-0.951569,0.288371,-0.106571,-0.157515,-0.755003,-0.636522,-0.264016,-0.588908,0.76386
0.598575,0.775102,-0.202298,-0.533999,0.574325,0.620481,0.597121,-0.263378,0.75768
0.758838,-0.566806,0.320773,0.647244,0.711064,-0.274704,-0.0723864,0.416074,0.906445
0.571306,-0.533928,0.623321,-0.0028619,-0.760757,-0.649031,0.820732,0.369012,-0.436153
-0.744105,-0.0311388,0.667337,0.661417,0.106207,0.74246,-0.0939952,0.993856,-0.0584334
0.214988,0.124885,0.968599,0.167671,0.972344,-0.162583,-0.962116,0.19736,0.188102
0.601793,0.531267,-0.596322,-0.596334,-0.197764,-0.777995,-0.531254,0.823799,0.1978
-0.484362,-0.197042,-0.852389,0.207714,-0.972348,0.106741,-0.849852,-0.125352,0.511897
-0.532634,-0.758841,-0.374781,0.841993,-0.43026,-0.325459,0.0857191,-0.488914,0.86811
0.735611,-0.458692,-0.498476,-0.196727,0.559491,-0.805151,0.648209,0.690342,0.32133
0.911944,-0.211264,-0.351747,0.0881493,0.938118,-0.334909,0.400734,0.274412,0.874134
0.823056,0.567213,-0.0291412,-0.132365,0.241459,0.961341,0.552321,-0.78738,0.273813
0.419841,0.735848,-0.531282,-0.724548,-0.0807949,-0.684472,-0.546592,0.672309,0.499236
-0.171663,0.91998,0.352375,-0.831889,0.0562366,-0.552086,-0.527724,-0.38791,0.755667
0.511727,0.0196757,0.858923,0.21973,0.963491,-0.152981,-0.830574,0.267016,0.488722
-0.980574,0.0992334,-0.169197,0.154128,-0.143736,-0.97754,-0.121324,-0.984628,0.125649
0.810127,0.336134,-0.480321,-0.226686,0.935183,0.272115,0.540655,-0.111566,0.833814
-0.0228745,-0.270394,-0.962478,-0.536403,-0.809102,0.240053,-0.843652,0.521767,-0.126532
-0.446196,-0.71355,-0.540144,0.834296,-0.113267,-0.539556,0.32382,-0.691388,0.645851
-0.781965,0.113211,0.612955,0.434784,0.803707,0.406224,-0.446647,0.584156,-0.677693
0.394349,-0.140331,-0.908183,-0.77564,0.479162,-0.410836,0.49282,0.866436,0.0801108
0.859089,0.168841,0.483176,-0.318517,-0.562589,0.762916,0.400641,-0.809312,-0.429535
-0.578129,-0.460259,0.673742,-0.251154,-0.68525,-0.683633,0.77633,-0.564441,0.280567
-0.059639,-0.844787,-0.531769,0.732852,0.324649,-0.597939,0.67777,-0.425368,0.599742
0.543509,-0.613485,0.572917,0.371094,0.787819,0.491559,-0.752919,-0.0545608,0.655847
0.768408,-0.459277,0.445662,-0.632769,-0.649373,0.421805,0.0956756,-0.606119,-0.789599
-0.861489,-0.243998,-0.445312,0.503157,-0.292172,-0.813307,0.068337,-0.924716,0.374472
-0.773245,0.186,-0.606215,0.588413,0.566807,-0.576629,0.236354,-0.80258,-0.547725
-0.226067,0.891075,0.393546,-0.307858,0.317942,-0.896736,-0.924185,-0.323879,0.202449
0.0105036,0.462825,0.886387,-0.0549762,-0.884828,0.462662,0.998432,-0.0535898,0.0161505
0.0244251,0.977291,-0.21049,-0.903112,-0.0687223,-0.42387,-0.42871,0.200449,0.880925
-0.00458552,-0.896913,-0.442184,0.623287,-0.34835,0.700118,-0.78198,-0.272397,0.560631
-0.866554,0.314913,-0.387187,-0.472832,-0.766311,0.434968,-0.159728,0.559998,0.812951
-0.588606,-0.585287,-0.557657,-0.0565453,0.717928,-0.693816,0.80644,-0.376852,-0.455672
-0.601562,-0.370171,0.707882,-0.346783,0.919311,0.186035,-0.719628,-0.13357,-0.681391
0.933464,0.334207,-0.130195,0.268789,-0.892169,-0.363024,-0.237481,0.303875,-0.922639
0.783135,0.58153,0.22028,0.331148,-0.0901638,-0.939261,-0.526347,0.808513,-0.263183
-0.441119,0.306862,0.843356,-0.795898,-0.567979,-0.209633,0.41468,-0.763699,0.494777
0.651901,0.741469,-0.1589,-0.707505,0.51932,-0.479315,-0.272877,0.424889,0.863138
-0.844167,-0.0716521,-0.53127,0.359686,-0.810549,-0.462209,-0.397502,-0.581272,0.710011
0.0823662,0.852617,-0.516003,0.780259,0.266943,0.56563,0.62001,-0.449205,-0.643275
0.70721,0.297252,-0.641479,-0.619689,0.697404,-0.360019,0.340354,0.652126,0.677415
0.079216,-0.0217219,-0.996621,-0.897352,-0.436967,-0.0618018,-0.434147,0.899215,-0.0541069
-0.857099,0.46441,0.222946,-0.467226,-0.518508,-0.716135,-0.216981,-0.717965,0.661397
0.587031,0.78827,-0.184459,-0.383991,0.471704,0.793755,0.712703,-0.395128,0.579593
-0.514905,0.655166,0.552839,0.686187,0.701548,-0.192297,-0.51383,0.280336,-0.810796
-0.359022,0.137024,-0.923216,0.381238,0.924411,-0.0110556,0.851916,-0.355934,-0.384123
-0.0900114,-0.753775,-0.650938,-0.471607,-0.54341,0.694473,-0.877203,0.369497,-0.306572
0.0795339,-0.292884,0.952835,0.881541,0.4669,0.0699333,-0.465361,0.8344,0.295323
-0.939477,0.0253078,0.341676,0.0690125,0.990805,0.116369,-0.33559,0.132906,-0.932585
0.55324,-0.18305,-0.812661,-0.455091,0.750693,-0.478907,0.697723,0.634786,0.332009
-0.187333,-0.950718,0.247065,-0.816603,0.29052,0.498757,-0.545954,-0.10832,-0.830783
0.147165,0.0759074,0.986195,-0.0370539,0.996774,-0.0711923,-0.988418,-0.0260653,0.149503
-0.640981,-0.401451,0.654202,0.0105181,-0.856831,-0.51549,0.767485,-0.323538,0.553435
-0.166347,0.0306408,-0.985591,0.983602,-0.0654779,-0.168047,-0.0696836,-0.997383,-0.0192463
0.0753103,-0.0443639,0.996173,0.466086,0.88473,0.00416498,-0.881528,0.463988,0.0873066
0.320446,0.87291,-0.36789,0.94667,-0.28132,0.157085,0.0336261,-0.398607,-0.916505
-0.342579,-0.0323217,-0.938933,0.133448,-0.990949,-0.0145776,-0.929963,-0.130293,0.343791
0.169291,0.894911,0.412887,-0.273894,0.44515,-0.852539,-0.946743,0.0312398,0.320471
-0.968609,0.0380194,0.245664,0.230566,-0.232032,0.944987,0.0929297,0.971965,0.215982
-0.988987,0.147272,-0.0146548,0.144821,0.942577,-0.300959,-0.0305097,-0.299767,-0.953524
0.234612,-0.770886,0.592193,0.734588,0.539584,0.411376,-0.636662,0.338503,0.692876
-0.187335,-0.826038,-0.53157,0.887026,0.0902291,-0.452817,0.422007,-0.556345,0.715815
0.519798,0.828315,-0.209056,-0.838978,0.448836,-0.307672,-0.161017,0.335321,0.928242
-0.737506,-0.114651,0.665537,-0.674105,0.0653921,-0.735736,0.040832,-0.991251,-0.125514
0.738814,-0.660441,0.134058,-0.107275,0.0811336,0.990913,-0.665316,-0.746482,-0.0109064
0.845675,0.532035,-0.0421081,0.530765,-0.846666,-0.0380163,-0.0558775,0.00979995,-0.99839
0.234491,0.719316,-0.65391,-0.198484,-0.623068,-0.756565,-0.95164,0.307198,-0.00333113
-0.403023,-0.848945,-0.341855,0.203572,-0.447334,0.870891,-0.892262,0.281396,0.353108
0.77368,0.379863,-0.507074,0.487552,0.154157,0.859377,0.404614,-0.912107,-0.0659347
-0.779445,0.471304,-0.412721,-0.56254,-0.236611,0.792189,0.275707,0.84964,0.449553
-0.160372,0.814133,-0.558093,-0.200459,-0.580492,-0.789205,-0.966487,-0.0146913,0.256295
0.228867,-0.953629,0.195477,-0.952844,-0.260564,-0.15555,0.199271,-0.150659,-0.968294
-0.277691,0.349935,-0.89467,0.92304,-0.160911,-0.349434,-0.266241,-0.922851,-0.27832
0.239519,-0.206907,-0.948588,0.691706,-0.649243,0.31627,-0.681303,-0.731897,-0.0123872
-0.733692,0.494856,0.465632,0.0859877,0.747385,-0.658803,-0.67402,-0.44332,-0.590902
0.119618,-0.951305,-0.284094,0.1466,0.299936,-0.942628,0.981937,0.0711073,0.175339
0.308402,-0.849134,-0.428788,0.93117,0.361622,-0.04639,0.194451,-0.384968,0.902213
0.0180669,0.85459,-0.51899,-0.341528,-0.482578,-0.806522,-0.939698,0.191821,0.283148
-0.800208,0.131338,0.585164,0.584819,0.387054,0.712864,-0.132864,0.912655,-0.386533
0.490244,0.826437,0.276881,-0.863423,0.50387,0.0248159,-0.119004,-0.251232,0.960584
-0.629979,-0.46856,0.619336,-0.707966,0.0186798,-0.706,0.319234,-0.883234,-0.343492
0.704039,-0.229166,0.67217,0.575148,-0.371212,-0.728976,0.416574,0.899825,-0.129544
0.195944,-0.728457,0.656473,0.948943,0.309624,0.0603356,-0.247212,0.611133,0.751932
-0.664866,0.671909,0.32633,0.336302,-0.12083,0.933971,0.666974,0.730711,-0.145629
0.344134,-0.830789,0.437449,0.556463,0.555731,0.617666,-0.756254,0.0308646,0.653549
0.379554,-0.454634,0.805758,-0.90212,0.0113289,0.431337,-0.205228,-0.890607,-0.405834
0.263015,-0.349383,-0.899308,-0.929046,0.15966,-0.33374,0.260187,0.923277,-0.2826
-0.0494453,0.792029,-0.608478,-0.535084,0.493412,0.685733,0.843351,0.359493,0.399405
-0.106762,-0.0523499,-0.992905,0.339915,-0.940366,0.0130305,-0.934377,-0.336112,0.11819
0.401998,0.756246,0.516226,-0.333489,-0.404137,0.851738,0.85275,-0.514553,0.0897371
0.231277,0.630357,0.741054,-0.719415,-0.40197,0.566447,0.654945,-0.664132,0.360522
0.729229,-0.104333,-0.676269,0.476497,0.78673,0.392438,0.491097,-0.608417,0.62342
-0.981275,0.050921,-0.185759,0.116398,-0.611626,-0.782537,-0.153463,-0.789506,0.594246
-0.768656,-0.264481,-0.582424,0.614139,-0.0504976,-0.787581,0.178889,-0.963068,0.201243
0.625091,0.457472,0.63244,-0.267108,0.886699,-0.377384,-0.733426,0.0669697,0.676462
-0.180677,-0.867729,-0.463037,-0.290848,-0.402592,0.867944,-0.939555,0.291491,-0.179638
0.0326967,-0.713344,0.700051,0.993805,-0.0512357,-0.0986253,0.106221,0.698939,0.707249
-0.350375,0.823427,-0.446324,0.199135,-0.400144,-0.894556,-0.915195,-0.402309,-0.0237723
-0.370697,-0.928527,-0.020522,0.912207,-0.359851,-0.195921,0.174533,-0.0913477,0.980405
0.421951,0.505425,-0.752664,-0.70567,0.704306,0.0773453,0.569198,0.498497,0.653846
-0.850916,-0.524885,-0.0209321,0.218312,-0.389598,0.894736,-0.477789,0.756775,0.446104
0.454587,-0.835111,-0.309741,-0.492346,0.0541973,-0.86871,0.742257,0.547405,-0.386527
0.899506,0.325359,-0.2916,-0.335616,0.0872313,-0.937951,-0.279735,0.941558,0.187661
-0.981357,0.179593,-0.0684449,-0.190011,-0.960123,0.205084,-0.028884,0.214266,0.976348
-0.300017,-0.661707,-0.687119,0.950674,-0.266895,-0.158069,-0.0787933,-0.70065,0.709141
0.807361,-0.249991,-0.534484,-0.490959,0.217846,-0.843506,0.327304,0.943424,0.053145
0.0337235,0.458383,0.888115,-0.703745,-0.620079,0.346764,0.709652,-0.6367,0.301673
0.0955895,0.989305,0.110177,-0.803997,0.141992,-0.577431,-0.5869,-0.0333857,0.808971
-0.9413,0.316541,-0.117288,0.192239,0.788256,0.584548,0.277486,0.527687,-0.802837
0.156377,0.698247,-0.698568,-0.5614,-0.519075,-0.644509,-0.812636,0.492962,0.310824
-0.821015,0.499491,-0.276483,0.337547,0.0341275,-0.94069,-0.46043,-0.865647,-0.196621
-0.310459,-0.641602,0.7014,0.769998,0.262941,0.581347,-0.55742,0.720561,0.4124
-0.569137,0.821424,-0.0366795,0.81825,0.56142,-0.123588,-0.0809258,-0.100352,-0.991655
-0.373752,0.540173,-0.754004,0.825094,0.56498,-0.00423648,0.423709,-0.623708,-0.656856
0.609039,-0.728269,-0.314159,0.0259675,0.414192,-0.909819,0.792715,0.545957,0.271171
0.962329,0.270071,0.0313838,-0.266381,0.913417,0.30775,0.0544479,-0.304517,0.95095
-0.133829,-0.937959,-0.319878,-0.923015,0.00047912,0.384763,-0.360738,0.346745,-0.865815
0.197787,-0.780089,-0.593583,-0.675619,0.330254,-0.659144,0.710225,0.531406,-0.461723
-0.0397175,-0.951707,0.304427,0.654457,0.205446,0.727652,-0.755055,0.228135,0.614692
0.888926,-0.402187,0.219217,-0.0507942,0.389081,0.919802,-0.455226,-0.828771,0.325436
-0.285099,0.943419,0.169349,-0.872081,-0.32863,0.362599,0.397736,-0.0443088,0.916429
0.686322,-0.345715,-0.639878,0.64958,0.687089,0.325506,0.327121,-0.639054,0.696134
-0.700548,0.547469,-0.457723,0.277147,0.799806,0.532447,0.657588,0.246148,-0.712032
0.520793,0.814639,-0.255221,-0.380687,-0.0459738,-0.92356,-0.764102,0.578143,0.28618
0.933106,0.0546536,0.355423,-0.16181,0.946482,0.279266,-0.321138,-0.318096,0.892012
-0.410152,0.741691,-0.530726,-0.215839,-0.644333,-0.733654,-0.886109,-0.186359,0.424361
-0.266648,0.841361,-0.470118,0.453925,-0.32066,-0.831342,-0.850207,-0.435074,-0.296411
-0.173118,0.791376,0.586306,-0.421412,-0.597568,0.682147,0.890192,-0.128984,0.436945
0.951021,0.294044,-0.0953817,0.0350313,-0.409078,-0.911827,-0.307136,0.863825,-0.399342
-0.412667,-0.887335,0.205773,-0.717609,0.455839,0.526544,-0.56102,0.069623,-0.824869
0.562831,0.588976,0.579939,-0.709284,0.704405,-0.0270216,-0.424427,-0.396133,0.814212
-0.261146,0.567264,-0.781035,-0.273706,0.73239,0.623449,0.925682,0.376585,-0.0359969
0.829327,0.0753351,0.553662,-0.139584,-0.931522,0.335831,0.541049,-0.355796,-0.762021
0.257411,0.952329,0.163736,0.214459,0.108917,-0.970641,-0.942203,0.284968,-0.1762
-0.79526,-0.54945,-0.256256,-0.421361,0.197005,0.885236,-0.435909,0.811969,-0.388187
-0.881087,-0.221181,0.418049,0.464338,-0.236588,0.853473,-0.0898665,0.9461,0.311157
0.506082,0.772788,0.382985,0.045343,0.419596,-0.906578,-0.861292,0.476169,0.17731
-0.736659,-0.232515,0.635036,0.0186631,-0.945667,-0.324601,0.676007,-0.227269,0.700973
-0.215205,0.735192,-0.64279,0.955442,0.294681,0.0171612,0.202035,-0.610455,-0.76585
-0.991434,-0.061524,0.115208,-0.00580656,-0.860464,-0.509479,0.130477,-0.505784,0.852736
-0.813684,0.397932,-0.423755,-0.530202,-0.806912,0.260342,-0.238335,0.436512,0.867556
-0.324287,0.370849,0.870235,0.439572,-0.755518,0.485766,0.837624,0.540059,0.0819903
0.179851,0.555664,0.811721,0.396025,0.71445,-0.576823,-0.900454,0.425204,-0.0915622
0.2749,-0.495719,-0.823828,0.23674,0.865358,-0.441712,0.931871,-0.0736063,0.355243
-0.270958,0.613697,-0.741591,0.600347,-0.494477,-0.628551,-0.75244,-0.615523,-0.234448
0.744349,0.618329,-0.252218,0.235387,-0.596388,-0.767408,-0.62493,0.51185,-0.589467
0.22955,0.781192,0.580556,0.834887,-0.464633,0.295094,0.50027,0.41696,-0.758864
-0.162168,0.745401,0.646591,0.862294,-0.211524,0.460116,0.47974,0.632167,-0.608452
0.0741848,-0.653496,-0.753286,0.671814,-0.525491,0.522039,-0.736996,-0.544796,0.400044
-0.731355,-0.495408,-0.468711,0.392769,-0.867806,0.304376,-0.557541,0.0385116,0.829256
-0.114246,-0.882047,-0.457101,-0.0535648,-0.453975,0.889403,-0.992007,0.126095,0.00461811
0.338039,-0.840022,0.424372,0.310194,0.525167,0.792451,-0.888543,-0.136242,0.438097
-0.178309,0.734227,0.65507,-0.204823,0.62346,-0.75455,-0.96242,-0.268717,0.0392179
-0.137549,-0.988195,-0.0674551,0.871788,-0.153111,0.465341,-0.470176,0.00520081,0.882557
-0.145267,0.203956,0.968142,0.740826,0.671017,-0.0302032,-0.6558,0.712837,-0.248573
-0.00575387,-0.348021,0.937469,0.736094,-0.636026,-0.231597,0.676855,0.688733,0.259836
-0.110831,0.0124957,0.993761,-0.265853,-0.963854,-0.01753,0.957622,-0.266137,0.110147
0.249133,0.155531,0.955899,-0.618345,-0.734107,0.280601,0.745374,-0.660982,-0.0867188
0.682334,0.73079,0.0191366,0.647579,-0.616372,0.448026,0.339208,-0.293311,-0.893816
-0.902904,0.0324717,-0.428614,-0.417267,-0.305641,0.855846,-0.103211,0.951593,0.289513
0.363786,-0.120825,-0.923613,-0.00643554,-0.991854,0.127217,-0.93146,-0.040336,-0.361601
0.984689,0.154592,-0.080554,-0.169755,0.95544,-0.241489,0.0396322,0.251466,0.967054
0.473706,-0.745684,-0.46857,-0.598806,-0.662856,0.449503,-0.645782,0.0676506,-0.760519
0.768255,0.285559,-0.572922,-0.580921,0.686973,-0.436576,0.268914,0.668224,0.693658
0.755702,0.315197,0.574079,-0.592572,-0.0441835,0.804305,0.278879,-0.947997,0.153387
0.607591,-0.689879,-0.393573,0.439965,-0.120217,0.889932,-0.66126,-0.713873,0.23048
0.277538,0.947692,-0.157649,-0.186425,0.214102,0.958857,0.942453,-0.236729,0.236095
-0.664634,-0.0874722,0.742031,0.746484,-0.120235,0.65445,0.0319721,0.988884,0.145209
0.400172,0.915112,0.0493167,0.331571,-0.0944059,-0.938695,-0.854355,0.391991,-0.341203
0.987776,0.149463,-0.044259,0.141923,-0.979757,-0.141192,-0.0644659,0.133185,-0.988992
-0.95596,0.266428,-0.123112,0.103649,-0.0859784,-0.990891,-0.274586,-0.960013,0.0545771
0.543866,0.838574,-0.0316787,-0.538559,0.377741,0.753171,0.643556,-0.392563,0.657062
-0.226436,0.731838,-0.64276,-0.064237,0.647243,0.759572,0.971906,0.213283,-0.0995481
0.65522,0.325894,0.681528,-0.226259,0.945406,-0.23455,-0.720759,-0.00052064,0.693185
0.4231,0.473062,-0.772786,-0.864735,-0.0438846,-0.500307,-0.270589,0.879936,0.390506
0.319476,-0.497041,0.806775,0.0533518,-0.840607,-0.539011,0.946091,0.215244,-0.242036
-0.193666,-0.837477,-0.511005,-0.855717,0.398951,-0.329524,0.479835,0.373459,-0.793906
-0.790987,0.610559,-0.0394629,-0.590162,-0.778397,-0.214026,-0.161393,-0.146002,0.97603
0.690293,0.292012,-0.661986,0.703279,-0.485752,0.519079,-0.169984,-0.823877,-0.540677
-0.0603825,0.08642,0.994427,0.0469804,-0.994895,0.0893133,0.997069,0.0521115,0.0560142
-0.597441,0.0165961,0.801741,-0.0980715,-0.993793,-0.0525093,0.795893,-0.109999,0.595361
0.532875,-0.589322,-0.607243,-0.328564,0.517214,-0.790275,0.779801,0.620636,0.0819804
0.0206175,0.947422,-0.319322,0.681963,0.220227,0.697443,0.731096,-0.232145,-0.641566
0.588672,-0.560484,0.582514,-0.137641,-0.779576,-0.610997,0.796568,0.279498,-0.53606
-0.706496,-0.707196,-0.0271478,0.000839784,0.0375209,-0.999295,0.707716,-0.706022,-0.0259143
0.716365,0.655877,-0.238005,-0.479523,0.215017,-0.850779,-0.506832,0.723597,0.468539
-0.238582,-0.962617,0.128248,-0.67716,0.259565,0.688535,-0.696084,0.0774275,-0.713773
-0.679388,0.00789746,0.733736,0.716818,0.220893,0.661346,-0.156855,0.975266,-0.155733
0.909134,0.281729,-0.306764,0.330851,-0.935892,0.121007,-0.253007,-0.211505,-0.944062
0.347225,-0.913265,-0.213029,-0.923208,-0.372785,0.0933701,-0.164686,0.16425,-0.972574
-0.0318697,0.961921,-0.271464,0.987012,0.0730747,0.143063,0.157452,-0.263379,-0.951757
-0.178714,0.666437,0.723825,0.165011,0.74555,-0.645699,-0.969965,0.00404389,-0.24321
0.678521,0.562409,-0.472553,0.616456,-0.785796,-0.0500698,-0.39949,-0.257335,-0.879879
-0.369065,0.896492,-0.245139,0.665099,0.0705243,-0.743417,-0.649179,-0.437411,-0.622284
0.277508,0.136365,0.950996,-0.908975,0.357759,0.213946,-0.311053,-0.923804,0.223233
-0.962818,-0.0604313,-0.263307,0.195311,-0.829085,-0.5239,-0.186644,-0.555847,0.810061
0.326466,-0.394546,0.858926,0.934707,-0.000327868,-0.35542,0.140511,0.918876,0.368678
-0.573436,-0.0802639,0.815309,0.817488,-0.121313,0.563025,0.0537174,0.989364,0.13518
-0.0149982,0.997415,-0.0702723,0.746284,0.0579403,0.663102,0.665459,-0.0424978,-0.745223
0.470189,0.848754,0.241949,-0.455782,-0.00124049,0.89009,0.755768,-0.528787,0.386264
0.75845,-0.0947447,-0.644807,-0.585894,-0.532454,-0.610918,-0.285449,0.84114,-0.459351
0.634999,0.767743,0.0857134,0.12276,-0.209829,0.970001,0.762697,-0.605428,-0.227489
0.262027,-0.932377,-0.249027,0.778046,0.0514318,0.626098,-0.570952,-0.357809,0.738909
-0.603482,-0.769698,0.208265,-0.435924,0.537171,0.722093,-0.667667,0.344982,-0.659703
-0.0417955,-0.885521,0.462716,-0.835073,-0.223306,-0.50278,0.54855,-0.407416,-0.730141
0.566301,0.289318,0.771751,0.740124,0.233502,-0.63063,-0.362658,0.928317,-0.0818985
0.851145,-0.301637,0.429613,-0.388576,0.188213,0.901989,-0.352932,-0.934661,0.042988
-0.771531,0.453913,-0.445761,-0.294189,0.366705,0.882599,0.564086,0.81209,-0.149388
-0.509932,0.502536,0.69816,0.818735,0.532525,0.214687,-0.2639,0.681083,-0.682995
-0.669465,-0.742568,-0.0202322,0.675548,-0.597264,-0.432331,0.308951,-0.303098,0.901488
0.146286,0.530389,-0.835037,0.770166,0.4687,0.432625,0.620842,-0.706404,-0.339923
-0.495565,0.7034,0.509552,0.868549,0.405459,0.285001,-0.00613285,0.583807,-0.811869
-0.383496,0.759928,-0.524825,-0.771539,0.0487164,0.634313,0.5076,0.64818,0.567632
-0.118933,0.480294,-0.869006,-0.109937,-0.876207,-0.469228,-0.986797,0.0397287,0.157012
0.305582,0.641328,-0.703788,-0.778083,-0.257846,-0.572803,-0.548823,0.722644,0.420213
0.522032,0.703025,0.482947,-0.621382,-0.0743944,0.779967,0.584265,-0.707263,0.398012
-0.331748,-0.161628,-0.929419,0.876889,-0.416128,-0.240632,-0.347864,-0.894826,0.27978
-0.244218,0.734559,-0.633073,0.276889,0.678484,0.680435,0.929349,-0.00911642,-0.369089
-0.791087,-0.0975691,-0.603872,0.416025,0.637908,-0.648071,0.448447,-0.763907,-0.464049
-0.927708,-0.361951,0.0913691,-0.0664538,-0.080725,-0.994519,0.367343,-0.928695,0.0508362
-0.982058,-0.0876116,0.166994,0.026089,0.813896,0.580425,-0.186768,0.574367,-0.797007
-0.976314,-0.080691,-0.200748,-0.121186,0.972593,0.198437,0.179234,0.218064,-0.959335
0.655344,0.560196,0.50666,-0.599159,-0.0228945,0.800303,0.459926,-0.828043,0.320643
0.83251,0.262881,0.487669,0.15637,-0.95596,0.248372,0.531485,-0.130515,-0.836953
0.667771,-0.612498,0.422999,0.270581,-0.329658,-0.904495,0.693446,0.718451,-0.0544061
-0.170181,0.406353,-0.897728,-0.108974,0.897669,0.426985,0.979369,0.170493,-0.108484
-0.660777,0.165957,0.732006,0.575031,-0.514868,0.635806,0.482402,0.841052,0.244783
-0.778174,-0.574846,0.252978,0.247342,0.0897436,0.964763,-0.577293,0.813326,0.0723471
-0.459653,0.734138,-0.499761,-0.886747,-0.34835,0.303863,0.0489858,0.582833,0.811114
-0.713749,0.19614,-0.672378,0.0995912,0.978655,0.179765,0.693285,0.0613441,-0.718048
-0.876544,-0.127819,-0.46404,0.22518,-0.960982,-0.16065,-0.4254,-0.245309,0.871125
-0.9097,0.0701217,-0.409304,-0.414638,-0.0991604,0.904567,0.022843,0.992598,0.119281
0.114563,-0.180599,0.976862,-0.615544,-0.784725,-0.0728883,0.779731,-0.592951,-0.201067
-0.0403234,-0.842714,0.536849,0.993457,-0.0912712,-0.0686522,0.106853,0.530569,0.84088
-0.737567,-0.537804,0.408364,0.336234,0.231955,0.912767,-0.585612,0.810533,0.00974542
-0.00874056,0.99467,0.102734,0.85295,0.0610391,-0.518412,-0.52192,0.0830957,-0.848938
-0.347319,-0.123722,-0.92955,0.867239,0.334722,-0.368588,0.356744,-0.934159,-0.00895871
0.1161,-0.951758,-0.284036,-0.473195,0.198428,-0.85832,0.873274,0.234056,-0.42733
-0.22719,0.717433,-0.658539,-0.920733,-0.378521,-0.0947273,-0.317231,0.584818,0.746561
0.210459,0.449087,0.868348,-0.0351897,-0.884186,0.465807,0.976969,-0.12859,-0.170282
0.0835283,0.840246,0.535733,-0.880096,-0.189953,0.435143,0.467391,-0.507843,0.72363
0.121946,0.215374,0.968888,-0.756628,-0.611611,0.231186,0.642373,-0.76128,0.0883744
0.298405,-0.185031,0.936332,0.922354,-0.196321,-0.332746,0.245391,0.962923,0.112081
-0.456188,0.829272,0.322801,-0.191738,-0.445822,0.874345,0.868981,0.336973,0.362382
0.446816,0.626535,-0.6386,0.374711,0.517122,0.76953,0.812372,-0.583128,-0.00371066
-0.523757,0.062332,0.849584,0.382155,-0.87414,0.299727,0.761338,0.481657,0.434016
-0.927515,-0.292052,-0.233285,-0.369596,0.623393,0.689043,-0.055808,0.725319,-0.686147
0.459333,-0.642641,-0.613209,-0.441482,0.433874,-0.785396,0.770783,0.631479,-0.0844223
-0.349669,-0.810703,-0.469566,0.873377,-0.463447,0.149764,-0.339033,-0.357741,0.870102
0.433958,-0.79818,-0.417839,0.813431,0.147742,0.562586,-0.387312,-0.584022,0.713378
-0.38652,0.640408,0.663687,-0.311369,-0.767974,0.559701,0.868131,0.00968415,0.49624
-0.465569,-0.29637,0.833913,-0.0435373,-0.933451,-0.356052,0.88394,-0.202073,0.421683
0.937665,-0.230709,0.259917,-0.0796856,0.585235,0.806939,-0.338281,-0.77735,0.53037
-0.115285,0.40523,0.906917,-0.0928985,-0.913401,0.396318,0.988979,-0.0385618,0.142947
-0.51807,-0.0730124,-0.852216,0.652291,0.61077,-0.448861,0.553281,-0.788435,-0.268796
0.825833,0.330551,-0.456877,0.016058,-0.823643,-0.566881,-0.563687,0.460812,-0.6855
-0.825917,-0.0260146,-0.563191,0.314384,-0.85046,-0.421759,-0.468,-0.525396,0.710588
0.638909,0.193951,0.744431,-0.104243,-0.936943,0.333573,0.762187,-0.290724,-0.578404
0.860447,-0.508957,0.0243839,0.246823,0.458191,0.853896,-0.445769,-0.728714,0.519872
-0.106849,-0.341503,-0.933787,-0.249951,0.918229,-0.307212,0.962345,0.200576,-0.183471
0.418319,0.8943,0.158857,-0.563219,0.118182,0.817812,0.712596,-0.431579,0.553125
-0.00171245,-0.333436,-0.942771,-0.836487,-0.516147,0.184069,-0.547984,0.788931,-0.278031
0.670723,0.235665,0.703273,0.513594,-0.83165,-0.211139,0.535119,0.502812,-0.678843
-0.281696,0.299021,0.91172,-0.07441,0.940531,-0.331461,-0.956614,-0.161212,-0.242694
0.200946,0.695709,0.689644,-0.16148,-0.670849,0.7238,0.966201,-0.256808,-0.0224609
0.514662,0.683114,0.518149,-0.465078,0.730121,-0.500625,-0.720295,0.0166728,0.693467
0.0930089,0.682863,0.724601,0.80048,0.381495,-0.462269,-0.592099,0.623024,-0.511136
0.512025,0.843036,0.164685,0.623776,-0.233121,-0.746029,-0.590537,0.484712,-0.645229
0.757737,-0.634994,0.150394,0.505184,0.7167,0.48076,-0.413067,-0.288313,0.863858
0.6345,0.215963,-0.742138,-0.567229,-0.522124,-0.636897,-0.525035,0.825074,-0.208786
-0.101582,-0.979805,-0.172229,0.881623,-0.16887,0.440709,-0.460893,-0.107073,0.880973
-0.601053,0.699125,0.387247,0.299376,-0.252306,0.920172,0.741019,0.669004,-0.0576519
0.392555,0.694558,-0.602901,0.257965,0.54606,0.79704,0.882811,-0.468409,0.0351869
0.850314,-0.525617,0.0263063,0.164376,0.217768,-0.962059,0.499946,0.822377,0.27157
-0.292379,-0.411299,-0.863335,0.522438,0.687458,-0.50444,0.800982,-0.598527,0.0138798
-0.239909,0.928732,0.282667,-0.192746,-0.330943,0.923756,0.951469,0.167135,0.258405
-0.810047,0.361278,-0.461847,0.164787,-0.615639,-0.770606,-0.562734,-0.700333,0.439163
0.0854264,0.994407,-0.0621114,-0.865885,0.104936,0.489114,0.492896,0.0119981,0.870006
0.890079,0.0805836,-0.448627,-0.428165,0.485359,-0.7623,0.156316,0.870593,0.466511
0.179398,0.97439,-0.135576,0.90478,-0.10931,0.411612,0.38625,-0.196509,-0.901219
-0.10995,-0.491461,-0.863931,0.987348,0.0459125,-0.151775,0.114257,-0.869689,0.480195
0.267401,-0.0857054,-0.959766,0.961319,0.0920019,0.259618,0.0660496,-0.992064,0.106992
0.504747,-0.350445,0.788935,-0.699939,-0.701056,0.1364,0.505288,-0.621054,-0.599146
0.39171,0.098791,-0.91477,0.920088,-0.0432749,0.389314,-0.00112586,-0.994167,-0.107848
0.437221,0.899353,-0.00144509,-0.651419,0.315579,-0.689973,-0.620074,0.302612,0.723833
-0.45921,-0.271813,-0.845721,0.887965,-0.167668,-0.428259,-0.0253942,-0.947631,0.318356
0.957838,0.255237,-0.13191,-0.26306,0.963709,-0.0454453,0.115523,0.0782295,0.990219
-0.536158,0.81924,-0.203422,-0.483515,-0.100527,0.869544,0.691916,0.564571,0.450013
-0.887777,-0.378956,0.261235,-0.456544,0.79711,-0.395199,-0.0584698,-0.470114,-0.880667
-0.225882,-0.497589,-0.837486,0.753068,-0.634545,0.1739,-0.617953,-0.591403,0.518051
-0.941676,-0.265298,-0.207032,0.0176026,0.575542,-0.817583,0.336059,-0.773543,-0.537305
0.334578,-0.437961,0.834414,0.724848,0.685432,0.0691196,-0.602206,0.581698,0.546786
-0.533347,0.691313,0.487469,-0.69233,-0.0256402,-0.721126,-0.486025,-0.7221,0.492292
0.857834,-0.104316,0.503228,-0.501793,-0.381526,0.7763,0.111014,-0.918453,-0.379631
-0.0564764,-0.856211,0.51353,0.107289,-0.516577,-0.849492,0.992623,0.00711967,0.121036
0.314614,-0.919567,0.235405,0.945201,0.326291,0.0113552,-0.0872524,0.218933,0.971831
0.242706,-0.226572,-0.94327,-0.906019,0.294594,-0.303882,0.346733,0.928375,-0.133779
-0.578089,0.652126,-0.490455,0.41677,0.752727,0.509613,0.70151,0.0901945,-0.706929
-0.919755,0.388802,-0.053694,0.107713,0.38159,0.918034,0.377423,0.838583,-0.392849
-0.607756,0.479092,-0.633327,-0.784142,-0.488097,0.383252,-0.125511,0.729542,0.672321
0.454194,0.59997,-0.658593,0.753599,-0.653021,-0.0751798,-0.475181,-0.462168,-0.748735
-0.210793,0.805885,-0.553278,-0.69434,0.274969,0.665044,0.688083,0.52435,0.501596
-0.946644,-0.10023,-0.306298,0.214566,0.513138,-0.831054,0.24047,-0.852434,-0.464254
0.932752,-0.293361,-0.209554,-0.119466,-0.799929,0.588083,-0.340148,-0.523501,-0.781182
0.459696,-0.156853,-0.874115,-0.0091126,-0.98506,0.171969,-0.88803,-0.0710878,-0.454257
0.988228,0.0943931,0.120393,0.150569,-0.460812,-0.874632,-0.027081,0.882464,-0.4696
0.582002,0.238524,-0.777419,0.263735,0.848973,0.457919,0.769232,-0.471542,0.431196
-0.0800954,0.477767,0.874828,0.747096,-0.552229,0.369988,0.659873,0.683215,-0.312707
0.740646,0.0368934,0.670882,-0.362849,-0.818408,0.445588,0.565495,-0.573452,-0.592764
0.374376,0.741967,0.556172,-0.138956,0.637908,-0.757472,-0.916806,0.206296,0.341919
-0.34428,-0.634759,0.691775,-0.935841,0.29112,-0.198621,-0.0753136,-0.715772,-0.694261
-0.382571,0.923274,-0.0347197,0.616355,0.227039,-0.754029,-0.688293,-0.309869,-0.655922
0.22004,0.397004,0.89105,0.112411,0.897033,-0.427429,-0.968992,0.194216,0.152755
-0.72432,0.67855,-0.122186,-0.250943,-0.0943935,0.963389,0.642174,0.728464,0.238649
-0.341568,-0.865301,-0.36686,0.503305,-0.498053,0.706136,-0.793735,0.0565507,0.605629
-0.991505,-0.0306017,0.126416,-0.0703128,0.943778,-0.323015,-0.109424,-0.329159,-0.937913
0.467372,0.816676,-0.338532,-0.0505773,0.407002,0.912026,0.882613,-0.409134,0.231527
-0.726952,-0.0629977,-0.683793,-0.661937,-0.200656,0.722203,-0.182704,0.977634,0.104167
0.792471,0.562516,-0.235722,0.11305,0.244315,0.963083,0.599341,-0.789864,0.13002
0.646457,0.192715,0.73821,0.36501,0.771535,-0.521058,-0.669971,0.606296,0.428421
-0.161865,0.917071,-0.364391,-0.494502,-0.394932,-0.774272,-0.853971,0.0548646,0.517419
0.482933,0.838564,-0.252161,-0.712109,0.54368,0.444198,0.509584,-0.0349518,0.859711
0.682318,0.729688,0.0446893,0.731047,-0.680742,-0.0464787,-0.00349305,0.0643832,-0.997919
-0.0359336,0.829668,0.557099,-0.505015,-0.496118,0.706277,0.862362,-0.255964,0.436822
0.73578,0.587267,-0.337261,0.39951,0.0257178,0.916368,0.546826,-0.808985,-0.215697
0.343704,0.879142,0.330117,-0.281691,-0.238826,0.929307,0.895834,-0.412398,0.165561
-0.327876,0.864538,0.380882,0.33442,0.483277,-0.809078,-0.88355,-0.137903,-0.447574
-0.858521,-0.506848,-0.0777627,0.452552,-0.677613,-0.579687,0.24112,-0.532865,0.81112
0.872318,0.411136,-0.264629,0.12841,0.32959,0.935351,0.471775,-0.849905,0.234713
-0.986287,0.0887049,0.139175,-0.16377,-0.421612,-0.891865,-0.020435,-0.902427,0.430358
-0.861852,0.395199,-0.317851,0.465493,0.865188,-0.186454,0.201314,-0.308653,-0.929627
0.99799,-0.0394588,0.0495807,-0.0292028,0.407998,0.912516,-0.0562356,-0.91213,0.406026
0.831135,0.198712,-0.519353,-0.499431,0.677422,-0.540062,0.244505,0.708246,0.662272
0.331705,0.390679,-0.858686,-0.178584,0.919766,0.349483,0.926326,0.037422,0.37486
-0.0193337,-0.275,0.96125,-0.893276,-0.4271,-0.140154,0.449092,-0.861371,-0.237394
0.78174,-0.596767,-0.180975,-0.498535,-0.423718,-0.756258,0.374628,0.681419,-0.628746
-0.41924,-0.354363,-0.835861,-0.8727,-0.0964969,0.478627,-0.250266,0.930116,-0.268797
0.239952,0.136597,-0.961126,-0.601552,0.797987,-0.0367707,0.761943,0.586991,0.273649
0.237748,-0.32547,0.915175,-0.967575,0.00337794,0.252562,-0.0852929,-0.945546,-0.314113
-0.163997,0.00444474,0.986451,0.523444,-0.847204,0.0908394,0.836129,0.531249,0.136612
0.641846,-0.766035,-0.0349709,0.747841,0.615212,0.249497,-0.169609,-0.186291,0.967744
0.510353,-0.852232,0.115068,0.47049,0.164701,-0.866898,0.719846,0.496563,0.485022
-0.20221,0.918036,-0.341058,0.759233,0.366926,0.537523,0.618609,-0.15025,-0.771199
-0.425815,0.452121,0.783752,-0.855201,0.0817718,-0.511805,-0.295487,-0.8882,0.351835
-0.777677,-0.627192,0.0429981,0.219335,-0.334787,-0.916411,0.589161,-0.703241,0.397921
0.179168,0.982503,0.0508588,-0.960216,0.163381,0.226477,0.214205,-0.089413,0.972688
0.461408,-0.291084,0.838077,-0.550504,0.646856,0.527752,-0.695735,-0.704874,0.138222
-0.927024,-0.326158,-0.18506,-0.215323,0.866991,-0.449403,0.307022,-0.37676,-0.87395
-0.256506,0.94439,-0.205747,0.935796,0.295919,0.19162,0.241848,-0.143386,-0.959661
0.789552,0.596783,-0.143029,0.607143,-0.793562,0.0404587,-0.0893571,-0.118783,-0.988891
0.515678,0.778201,0.358439,-0.245331,0.534954,-0.808478,-0.820907,0.328978,0.466781
0.651066,0.720168,0.239734,-0.755538,0.584676,0.295495,0.0726394,-0.373514,0.924776
-0.830557,0.550739,0.0828307,-0.202672,-0.160355,-0.966028,-0.518747,-0.819129,0.244803
0.0781633,0.519721,-0.850753,-0.88019,-0.364745,-0.303689,-0.468141,0.772562,0.428943
-0.789651,-0.572197,-0.221455,0.612474,-0.713687,-0.339892,0.036436,-0.404031,0.914019
0.746883,-0.184129,-0.638954,0.632682,0.492499,0.597627,0.204644,-0.850613,0.484334
0.563442,0.0359634,0.825372,0.65828,0.584128,-0.474828,-0.4992,0.810864,0.305449
-0.541386,0.780198,0.313356,-0.768075,-0.610542,0.19313,0.341996,-0.136123,0.92979
0.265941,0.652403,-0.70968,-0.48156,-0.547842,-0.684083,-0.83509,0.523679,0.168478
-0.704604,0.660679,0.258914,0.406202,0.674712,-0.61625,-0.581835,-0.329041,-0.743774
0.78783,0.461723,-0.407597,0.503638,-0.102048,0.857866,0.354501,-0.881134,-0.312939
0.185096,0.719782,0.669069,0.782854,-0.51955,0.342356,0.594036,0.460414,-0.659651
0.221273,-0.12618,0.967015,0.207394,-0.962823,-0.173089,0.952904,0.238853,-0.186877
0.942936,-0.332507,0.0176165,0.24595,0.659859,-0.709996,0.224454,0.673814,0.703985
-0.743984,0.437965,0.504653,0.0531042,0.791611,-0.608713,-0.666084,-0.426074,-0.612204
-0.185872,0.978881,-0.0851147,-0.630735,-0.0524454,0.774224,0.753409,0.197591,0.627162
-0.965976,-0.118298,-0.229993,0.231314,-0.792952,-0.563667,-0.115693,-0.597689,0.793336
0.399462,-0.510196,-0.761663,0.608115,0.769194,-0.196308,0.686022,-0.384761,0.617522
0.892553,0.256596,-0.37082,0.449459,-0.572855,0.685437,-0.0365452,-0.778457,-0.626633
0.440668,0.423757,0.791355,-0.232054,-0.797825,0.556441,0.867158,-0.428843,-0.253241
0.227024,0.922973,0.310774,-0.864117,0.338083,-0.37283,-0.449179,-0.183904,0.87431
0.729053,-0.430152,0.532401,0.672282,0.596088,-0.438994,-0.128523,0.677974,0.723763
-0.0971759,-0.791445,0.603466,0.955864,-0.243136,-0.164951,0.277274,0.560802,0.780141
-0.157124,0.918889,0.361876,-0.32749,0.297215,-0.896892,-0.931699,-0.259434,0.254227
-0.160936,0.783369,0.600361,0.648911,-0.374344,0.662406,0.74365,0.496185,-0.448091
-0.871684,-0.465612,0.152883,-0.482571,0.869873,-0.102211,-0.0853976,-0.162873,-0.982944
0.0143007,-0.506838,0.861923,-0.691851,-0.627364,-0.357431,0.721899,-0.591211,-0.359628
