0.218814,0.569069,-0.792642,0.787505,-0.582643,-0.200907,-0.576157,-0.580248,-0.575635
0.987616,-0.0657938,-0.142428,0.125317,-0.215376,0.968457,-0.0943941,-0.974312,-0.204464
0.973078,-0.125773,0.193132,0.209412,0.832469,-0.512974,-0.0962583,0.539608,0.836396
-0.142035,-0.869498,0.473074,0.189782,-0.492974,-0.849093,0.971498,-0.03082,0.235035
-0.92514,0.264772,0.27205,-0.23743,0.155614,-0.958859,-0.296214,-0.951672,-0.0810995
-0.336591,-0.941549,-0.0138339,-0.363589,0.116398,0.924259,-0.868625,0.316127,-0.381515
-0.154862,0.109862,0.981809,0.859675,0.504676,0.0791257,-0.486802,0.85629,-0.1726
0.353139,0.618731,0.701758,0.843293,-0.535339,0.0476403,0.405155,0.574964,-0.71082
0.0417469,-0.983937,0.173564,0.254127,0.178459,0.950564,-0.966269,0.00442418,0.257496
-0.898563,0.260796,0.352945,0.420834,0.284038,0.861523,0.124432,0.922664,-0.364977
0.173808,0.976717,-0.125754,-0.53354,0.200728,0.82161,0.827723,-0.0757078,0.556006
0.991366,-0.0947964,-0.0905938,-0.0892677,0.0181456,-0.995842,0.0960461,0.995331,0.00952665
-0.862094,-0.441446,0.248834,0.388076,-0.259362,0.88438,-0.325868,0.858986,0.394909
-0.234804,-0.852616,-0.466812,0.729899,-0.471812,0.494612,-0.641962,-0.224588,0.733107
0.732923,0.674062,-0.0920042,0.615893,-0.599984,0.510582,0.288963,-0.430882,-0.854892
-0.472252,-0.45512,-0.75488,0.55996,-0.816289,0.141833,-0.680751,-0.355722,0.640344
-0.372469,0.907167,0.195742,-0.63782,-0.0970184,-0.76405,-0.674131,-0.409433,0.614746
0.596675,-0.329965,0.731507,0.736674,0.586741,-0.336224,-0.318263,0.739499,0.59317
-0.273983,-0.928891,0.249188,0.218847,0.192088,0.956665,-0.936504,0.316644,0.150657
0.770889,0.636969,4.52526e-05,0.143652,-0.173924,0.974225,0.620559,-0.751013,-0.225578
0.223188,0.756563,0.614653,0.974664,-0.163664,-0.152461,-0.0147498,0.633108,-0.773923
-0.1958,0.280392,-0.939703,0.212176,0.947666,0.238559,0.957415,-0.152673,-0.245045
0.384238,0.605226,-0.697182,0.625938,-0.72587,-0.285157,-0.678648,-0.326824,-0.657741
0.369014,-0.929079,-0.0253207,0.551697,0.240887,-0.798501,0.74797,0.280689,0.601461
0.928321,0.0197233,-0.371255,0.369718,0.0560194,0.927454,0.0390899,-0.998235,0.044712
0.291231,0.876007,-0.384443,0.950308,-0.218706,0.221546,0.109996,-0.42986,-0.89617
0.980068,-0.00516945,0.198595,-0.176159,-0.484753,0.856728,0.0918405,-0.874636,-0.476001
0.630973,0.0821702,-0.771441,-0.578707,-0.61241,-0.538564,-0.516692,0.786258,-0.338862
-0.754591,-0.564533,0.334507,-0.640916,0.5247,-0.560282,0.140782,-0.637175,-0.757752
0.598664,-0.492996,-0.631313,0.749624,0.622554,0.224701,0.28225,-0.607768,0.742262
-0.994175,0.0987348,-0.0432173,-0.056491,-0.818848,-0.571225,-0.0917882,-0.565456,0.819655
-0.71142,0.70261,-0.0148904,0.0605858,0.0824272,0.994754,0.700151,0.706785,-0.101208
0.998824,-0.00887652,-0.0476614,0.036952,0.775791,0.629907,0.0313839,-0.630927,0.775207
-0.780623,0.016674,-0.62478,0.27107,0.909764,-0.314405,0.563159,-0.414791,-0.714703
0.667902,0.0597206,0.741849,-0.190588,0.977263,0.0929185,-0.719433,-0.203448,0.664098
-0.278766,-0.572969,-0.770711,-0.56423,-0.551696,0.614229,-0.777132,0.606084,-0.169492
0.242137,-0.607895,0.756197,-0.73301,-0.625238,-0.267906,0.635661,-0.48943,-0.596986
0.587802,0.728258,-0.352318,-0.389481,-0.126963,-0.912242,-0.709079,0.673439,0.209014
0.329721,-0.776983,-0.536267,0.424936,0.62938,-0.650622,0.843038,-0.0133551,0.537688
-0.0871958,0.352135,0.931879,0.996191,0.030672,0.0816233,0.00015983,0.935447,-0.353468
0.111532,-0.129066,0.985344,0.749298,0.66223,0.00192948,-0.652774,0.738101,0.170569
0.516026,0.544911,0.6609,0.730227,0.123469,-0.671956,-0.447757,0.829353,-0.334196
-0.100869,-0.931176,-0.350339,-0.926088,-0.0408054,0.375095,-0.363575,0.36228,-0.858234
-0.86894,-0.357093,-0.342677,0.314262,0.136786,-0.93943,0.382337,-0.923999,-0.00663842
-0.916713,0.347454,0.197264,0.200992,-0.0256727,0.979256,0.345311,0.937346,-0.046301
-0.844993,-0.524609,0.103794,-0.392986,0.740776,0.544805,-0.362697,0.419567,-0.832114
0.80384,0.492756,0.333216,0.219089,-0.766045,0.604297,0.55303,-0.412753,-0.723735
0.469141,0.626938,0.621977,0.478,0.411941,-0.775771,-0.742578,0.661251,-0.106418
-0.827262,0.534335,0.173561,-0.223619,-0.59657,0.770778,0.515395,0.598824,0.613008
-0.257312,-0.580573,-0.77248,0.720926,-0.647648,0.246612,-0.643472,-0.493445,0.585198
-0.583517,0.743905,0.325749,-0.644501,-0.18016,-0.743075,-0.49409,-0.643543,0.584574
-0.0118028,-0.997372,-0.0714851,0.838843,-0.0487869,0.542182,-0.544245,-0.0535655,0.837215
-0.907056,0.387155,-0.165413,-0.190418,-0.0268475,0.981336,0.375488,0.921624,0.0980733
-0.561577,0.612733,-0.556048,-0.824988,-0.363106,0.43307,0.0634516,0.701935,0.709409
0.66881,-0.343617,-0.659257,0.7122,0.0418047,0.70073,-0.213223,-0.938179,0.272684
0.180158,-0.0510109,-0.982314,-0.667063,-0.740262,-0.083899,-0.72289,0.670381,-0.167391
-0.131493,0.990303,0.0448289,0.508166,0.0285083,0.860787,0.851162,0.135968,-0.506987
0.490546,0.86415,0.112293,0.248414,-0.0151588,-0.968535,-0.835257,0.503007,-0.222103
-0.779973,-0.561192,-0.276959,-0.230829,0.669337,-0.706192,0.581688,-0.48688,-0.651603
0.805966,-0.321029,0.497352,0.586631,0.320653,-0.743671,0.0792622,0.891135,0.446761
0.823401,0.500919,-0.266628,-0.561127,0.648739,-0.514076,-0.0845386,0.572903,0.815252
-0.447623,0.309962,0.838783,-0.882254,-0.000131367,-0.470773,-0.145811,-0.950749,0.273524
-0.884611,0.0363868,0.464908,-0.427757,0.3337,-0.84004,-0.185706,-0.941977,-0.27963
0.50073,-0.848138,-0.173005,0.785272,0.52918,-0.321428,0.364166,0.0250928,0.930996
0.190099,-0.0978469,0.976877,0.0154722,0.995196,0.0966709,-0.981643,-0.00326259,0.1907
-0.737136,-0.539542,0.406848,-0.672788,0.642248,-0.367253,-0.0631485,-0.544437,-0.836421
0.780442,-0.506398,-0.366704,0.188043,0.749469,-0.634773,0.596281,0.426447,0.680141
0.311628,-0.929788,-0.195916,-0.79794,-0.368018,0.47734,-0.515926,0.00757631,-0.8566
0.14553,-0.198576,-0.969221,-0.928321,-0.366166,-0.064368,-0.342113,0.909115,-0.23763
-0.0299735,0.576862,0.816291,-0.171211,0.801626,-0.572785,-0.984778,-0.156926,0.0747374
-0.583815,0.433384,-0.686541,-0.589186,-0.807948,-0.0089963,-0.558588,0.399248,0.727036
-0.986008,0.0151695,-0.166007,-0.0854205,-0.901147,0.425015,-0.143149,0.433249,0.889834
0.0724398,-0.976081,0.204985,-0.794977,0.0676064,0.60286,-0.602299,-0.20663,-0.771065
0.0621536,0.25007,-0.966231,0.219887,-0.947746,-0.231142,-0.973543,-0.198096,-0.113893
0.0924464,0.177447,0.979779,0.332746,-0.932928,0.137566,0.938474,0.3133,-0.145291
0.704363,0.186128,0.685003,0.626358,0.291078,-0.723152,-0.333988,0.938419,0.0884421
0.642559,-0.735808,-0.213784,0.671487,0.406351,0.619664,-0.369083,-0.541724,0.755191
0.13069,0.072221,-0.988789,-0.0120671,0.997385,0.0712539,0.99135,0.00261966,0.131219
0.994009,0.043443,-0.100295,0.0838684,-0.891587,0.445015,-0.0700888,-0.45076,-0.889889
0.455747,-0.656009,0.60162,-0.545588,-0.739921,-0.393511,0.703298,-0.148895,-0.695128
0.8747,0.351115,0.334093,0.174999,0.414023,-0.893286,-0.451968,0.839823,0.300701
0.165205,0.944364,0.284402,0.372795,0.207178,-0.90449,-0.913089,0.25545,-0.317827
0.883053,0.245096,0.400181,-0.0337728,-0.817364,0.57513,0.468056,-0.521386,-0.713499
0.803481,0.109357,0.5852,-0.594951,0.182578,0.782751,-0.0212453,-0.977091,0.21176
-0.741655,-0.50887,0.437035,0.459343,0.0895134,0.883737,-0.488828,0.856177,0.167358
0.369614,0.61696,-0.694799,-0.795791,-0.17584,-0.57948,-0.479689,0.767099,0.425979
0.291271,-0.00161928,0.956639,0.749266,-0.621349,-0.229183,0.594778,0.783532,-0.179768
0.317617,-0.785734,-0.530793,0.942514,0.32292,0.0859639,0.103859,-0.527583,0.843131
-0.292548,0.480149,0.826966,-0.790333,0.365434,-0.491765,-0.538322,-0.797443,0.272571
0.10377,0.468619,0.877284,-0.871481,0.467923,-0.146867,-0.479326,-0.749296,0.456949
0.823701,0.180199,-0.537629,-0.203606,0.978919,0.0161629,0.529208,0.0961512,0.843027
0.233266,0.897203,0.374986,0.73222,-0.415814,0.539401,0.639876,0.148748,-0.753945
0.931568,0.28252,0.228831,-0.222819,0.941002,-0.25469,-0.287285,0.186273,0.939558
0.576095,-0.33205,-0.746898,0.645041,0.745918,0.165917,0.502032,-0.577364,0.643905
0.175154,0.698315,-0.694029,-0.545365,-0.51808,-0.658915,-0.819694,0.493911,0.290093
0.798287,-0.563447,-0.212755,-0.496881,-0.815762,0.296044,-0.340362,-0.130614,-0.931179
-0.785314,-0.357861,-0.505191,-0.354388,0.92894,-0.107139,0.507633,0.0948957,-0.856331
-0.47297,-0.708132,0.52426,-0.0932589,-0.551443,-0.828983,0.876129,-0.440976,0.194776
-0.494822,-0.304543,-0.813882,0.868522,-0.2042,-0.451633,-0.0286535,-0.930353,0.365545
0.967745,0.233848,-0.0937292,-0.0160222,0.428415,0.90344,0.251423,-0.872797,0.418344
-0.699902,0.668051,0.252673,0.260845,0.56841,-0.780301,-0.664903,-0.480226,-0.57209
-0.00805556,0.980691,-0.195397,0.896673,-0.079408,-0.435513,-0.44262,-0.178716,-0.87872
0.219357,0.967657,0.124591,0.579574,-0.231967,0.781207,0.784842,-0.0991534,-0.611712
0.104693,0.765871,-0.634414,-0.656101,-0.42621,-0.622797,-0.747376,0.481442,0.457868
0.149737,-0.830112,-0.537115,-0.879326,-0.360186,0.31153,-0.452066,0.425652,-0.783873
0.0975961,-0.791696,-0.603069,0.58809,0.534729,-0.606808,0.802886,-0.295437,0.517776
-0.715226,-0.352534,0.603466,0.0884744,0.810842,0.578539,-0.693271,0.467178,-0.548745
-0.51827,-0.816051,0.255844,-0.0660209,0.336441,0.939387,-0.852665,0.469966,-0.228244
0.481583,0.682391,-0.549927,-0.380815,0.728085,0.569975,0.78934,-0.0650702,0.610498
-0.540493,-0.235162,0.807816,-0.681776,-0.440191,-0.584306,0.492999,-0.866563,0.0775923
-0.312606,-0.910347,-0.271194,0.546055,0.0613846,-0.835497,0.777239,-0.409268,0.47791
0.422723,0.810406,-0.405644,0.816646,-0.534703,-0.217215,-0.392931,-0.239446,-0.887846
-0.914188,0.154064,-0.374865,-0.377337,-0.661091,0.648518,-0.147907,0.734318,0.662496
0.785883,0.166284,0.595598,-0.249016,-0.796519,0.550952,0.56602,-0.581298,-0.584563
-0.70426,0.0693103,0.70655,0.318292,-0.85877,0.401503,0.634592,0.507652,0.582736
-0.308661,-0.735116,-0.6036,-0.90025,0.0209275,0.434871,-0.307049,0.677618,-0.668247
-0.96574,-0.200937,-0.164226,-0.126788,0.917492,-0.377005,0.22643,-0.343267,-0.911536
-0.787036,0.182348,0.589341,-0.505561,-0.738105,-0.446775,0.353527,-0.649576,0.673104
-0.0404517,-0.0929363,-0.99485,-0.361488,0.929582,-0.0721407,0.931499,0.356708,-0.0711985
-0.271162,0.248388,-0.929933,-0.878107,0.331843,0.344686,0.394207,0.910046,0.128128
-0.385991,-0.85594,-0.34406,0.796145,-0.120679,-0.592951,0.46601,-0.502795,0.728033
0.558075,-0.721822,-0.409298,-0.592536,-0.00134642,-0.805543,0.580908,0.692077,-0.428457
0.769411,-0.561635,-0.304257,0.483027,0.823264,-0.298197,0.417962,0.0824712,0.904713
0.658058,0.529949,-0.534895,-0.239556,0.820823,0.518519,0.713844,-0.213079,0.667102
0.624082,-0.331271,-0.707659,0.772832,0.395136,0.496586,0.115118,-0.856812,0.502614
0.445181,0.798779,-0.40468,0.471485,0.175111,0.864314,0.761259,-0.575577,-0.298656
0.341255,-0.104471,-0.934147,0.599416,0.789702,0.130657,0.724048,-0.60453,0.332112
0.604087,-0.356634,-0.712665,0.783536,0.428997,0.44948,0.145432,-0.829924,0.538587
-0.445124,0.301262,0.843271,0.202712,0.951162,-0.232805,-0.872223,0.067314,-0.484455
-0.925642,-0.286658,-0.247011,0.371467,-0.563984,-0.737519,0.0721051,-0.774435,0.628532
-0.138445,0.804484,0.577615,0.800492,0.434308,-0.413025,-0.583135,0.405195,-0.70411
-0.0502179,0.749762,-0.659799,0.0283479,0.661437,0.749465,0.998336,0.0189327,-0.0544701
0.629748,-0.770235,0.100772,0.589117,0.389002,-0.70825,0.506319,0.505386,0.698732
0.813446,0.0268659,-0.58102,0.581597,-0.0498997,0.811945,-0.00717907,-0.998393,-0.0562159
0.994011,0.0365092,-0.103004,-0.0196745,-0.86736,-0.497293,-0.107497,0.496341,-0.861446
-0.505148,0.828838,-0.240527,-0.546489,-0.0914909,0.832453,0.667963,0.551958,0.499168
0.78573,-0.569282,-0.241962,-0.448986,-0.255811,-0.856138,0.425488,0.781331,-0.456598
-0.127418,0.77477,0.619271,-0.86865,-0.388543,0.307377,0.47876,-0.498764,0.722512
-0.88121,-0.0689679,-0.467667,0.260076,-0.896853,-0.357791,-0.394752,-0.436918,0.808253
0.579344,0.716433,-0.388696,0.309003,-0.634332,-0.708619,-0.75424,0.290426,-0.588876
-0.515298,0.740365,0.431656,0.578211,-0.0714241,0.812755,0.632566,0.668399,-0.391283
-0.395886,0.901127,0.176761,-0.849581,-0.286351,-0.442962,-0.348549,-0.325535,0.878943
-0.351469,-0.851744,0.388589,-0.565775,0.523943,0.636696,-0.745901,0.00392504,-0.666045
0.677167,-0.184901,-0.71222,-0.0514914,0.953634,-0.296532,0.734026,0.237474,0.636248
-0.233048,0.879957,0.413962,0.899044,0.0326946,0.436635,0.370686,0.473928,-0.798739
-0.661237,0.101628,0.743261,-0.436312,-0.858068,-0.270836,0.610244,-0.50338,0.611727
0.863801,-0.015131,-0.503606,0.17301,-0.929863,0.32469,-0.473197,-0.367596,-0.800598
-0.540531,0.837019,0.0850059,0.812941,0.493599,0.309011,0.216689,0.236135,-0.947252
-0.952236,-0.293488,0.0843254,0.0337474,0.173312,0.984289,-0.303491,0.940121,-0.15513
-0.293473,-0.412589,0.862348,0.853555,-0.519305,0.0420195,0.430485,0.748393,0.50457
-0.24349,-0.114484,0.963123,-0.447815,-0.867559,-0.216338,0.860334,-0.483978,0.159975
0.530308,0.838331,0.126389,-0.402579,0.380201,-0.832693,-0.746125,0.390702,0.539118
0.508013,0.421145,0.751372,-0.753856,-0.2046,0.624371,0.416682,-0.883615,0.213544
-0.0324843,-0.941394,-0.335741,-0.964767,0.117286,-0.235517,0.261092,0.316261,-0.912036
0.225941,0.876654,-0.424769,-0.929724,0.0638909,-0.362674,-0.2908,0.47686,0.829481
0.688496,0.652439,-0.316695,-0.711628,0.691966,-0.121528,0.139853,0.30904,0.94071
-0.43804,0.898503,0.0285057,-0.122997,-0.0284918,-0.991998,-0.890501,-0.438041,0.122994
0.641838,0.64675,-0.412019,-0.0478503,-0.502469,-0.86327,-0.765346,0.573795,-0.291556
0.432682,0.901025,-0.0306688,0.680794,-0.348848,-0.644069,-0.591021,0.257798,-0.764353
0.811823,0.284165,0.510091,0.502635,-0.784677,-0.362823,0.297155,0.550938,-0.779851
0.263145,0.862306,0.432647,0.830629,0.025604,-0.556238,-0.490725,0.50574,-0.709519
0.250404,-0.0657357,-0.965907,-0.350308,-0.936243,-0.0270978,-0.902542,0.34515,-0.257467
-0.736561,-0.647455,0.195653,-0.193615,0.478994,0.8562,-0.648067,0.592762,-0.478165
0.91491,0.401484,0.0418373,-0.0953635,0.315693,-0.944057,-0.392232,0.859737,0.327118
-0.891048,0.121172,-0.437437,0.110222,0.992626,0.0504421,0.440324,-0.00326881,-0.897833
0.592575,-0.171395,0.78707,-0.762386,0.196101,0.616694,-0.260043,-0.965489,-0.0144646
0.238822,0.577355,0.780785,-0.51147,0.758269,-0.40426,-0.825447,-0.302802,0.476391
-0.631906,0.716739,-0.294925,0.767373,0.525171,-0.367878,-0.108786,-0.458782,-0.881864
-0.447114,0.760208,-0.471352,0.14109,0.580301,0.802088,0.883279,0.292122,-0.366719
0.542902,-0.30727,-0.781564,-0.788626,0.13336,-0.600237,0.288664,0.942232,-0.169919
0.507633,-0.478086,0.716758,-0.396395,0.609041,0.686979,-0.76497,-0.632852,0.119658
-0.886109,0.181911,0.426286,0.274217,0.947272,0.165772,-0.373653,0.263787,-0.88927
-0.969857,0.219474,0.105874,-0.0763066,-0.686177,0.723421,0.231421,0.693536,0.682241
-0.189709,0.973053,0.131065,0.809945,0.230549,-0.539293,-0.554978,0.00384642,-0.831856
-0.794234,-0.509043,-0.331765,-0.155583,-0.357434,0.920888,-0.587356,0.783017,0.204687
-0.307938,-0.455304,0.835388,-0.478323,-0.684928,-0.549618,0.822424,-0.568833,-0.00686726
0.200947,-0.198547,-0.95927,-0.224039,0.943976,-0.242312,0.953639,0.263605,0.145207
-0.020019,0.919306,-0.393034,-0.932363,-0.159095,-0.324634,-0.360968,0.359952,0.860312
-0.0934335,0.887142,-0.451939,-0.259391,0.416559,0.871318,0.961242,0.198639,0.191196
0.763028,-0.625036,0.164674,0.642265,0.761819,-0.0844205,-0.0726857,0.170179,0.982729
-0.817995,0.0144832,-0.575043,-0.261965,-0.899378,0.349991,-0.512112,0.436932,0.739481
0.866943,-0.497496,0.0301188,0.329898,0.527489,-0.782894,0.373599,0.688661,0.621426
0.536666,-0.832779,-0.1359,0.0697163,0.204269,-0.976429,0.840909,0.514542,0.167683
0.628463,0.215139,-0.747495,0.0326747,0.952839,0.301711,0.777153,-0.214039,0.591795
0.0250612,0.0839926,-0.996151,0.478339,0.873981,0.0857256,0.877818,-0.478646,-0.0182739
-0.165442,0.109606,-0.98011,-0.906337,-0.40871,0.107283,-0.388822,0.906059,0.166958
-0.3164,0.855883,0.40909,0.931716,0.361441,-0.0355836,-0.178317,0.369897,-0.9118
-0.0905971,0.995842,0.00958311,0.130158,0.0213802,-0.991263,-0.987345,-0.0885582,-0.131554
-0.063775,-0.798013,-0.599257,-0.98573,-0.0433637,0.162651,-0.155784,0.601079,-0.78386
0.7278,-0.521859,0.444938,-0.156164,-0.757866,-0.633445,0.667772,0.391538,-0.63307
0.155169,-0.916828,0.367899,0.623542,-0.197956,-0.756313,0.766236,0.346756,0.540964
0.586994,-0.809352,0.0196757,-0.789148,-0.566576,0.237141,-0.180783,-0.154728,-0.971276
0.296728,-0.598876,-0.743842,-0.82676,0.228729,-0.513957,0.477934,0.767483,-0.427256
-0.803924,0.247267,0.540893,0.0484366,-0.879231,0.473928,0.592757,0.407201,0.694858
-0.27349,0.293615,-0.915966,0.957099,-0.0117052,-0.289524,-0.0957299,-0.955852,-0.277817
0.183145,0.85901,-0.478079,-0.792229,0.416906,0.445604,0.582092,0.297138,0.756887
-0.787606,-0.601903,-0.13187,0.544599,-0.57987,-0.60594,0.288249,-0.549058,0.784505
0.720978,0.0723408,-0.689171,0.187259,-0.977874,0.0932567,-0.667176,-0.19629,-0.718572
0.448937,0.822683,-0.348781,-0.188787,0.46884,0.862872,0.873393,-0.32153,0.365791
0.706054,0.01563,-0.707986,-0.242155,0.944818,-0.220636,0.665469,0.327223,0.670877
0.896001,-0.439665,0.0622574,-0.417174,-0.881491,-0.221222,0.152143,0.172243,-0.973234
0.889615,0.213685,0.403638,-0.453829,0.512738,0.728793,-0.0512282,-0.831528,0.553116
0.978236,0.193793,-0.0741509,0.0687626,-0.639945,-0.765338,-0.195769,0.743583,-0.639343
-0.270375,-0.956968,-0.105401,-0.826372,0.28685,-0.484589,0.493971,-0.0439204,-0.868369
0.532153,0.235197,0.813323,0.718871,0.381953,-0.580807,-0.447255,0.893753,0.0341814
-0.143306,0.811934,-0.565886,0.914742,-0.109591,-0.388892,-0.377771,-0.57337,-0.727005
-0.647443,-0.714829,-0.264269,0.0529505,0.303727,-0.951286,0.760272,-0.629897,-0.158796
0.26918,-0.960564,0.069702,0.862016,0.208023,-0.462228,0.429501,0.184507,0.884017
-0.0114145,-0.595236,-0.80347,0.425736,-0.729948,0.53472,-0.904776,-0.335962,0.261745
-0.358511,0.788059,0.500432,0.821997,0.52058,-0.230905,-0.442482,0.328571,-0.834416
0.51248,0.849239,-0.127109,0.42348,-0.12118,0.897764,0.747013,-0.513914,-0.421738
-0.207591,0.910211,0.35836,0.74827,0.383717,-0.541159,-0.630078,0.155811,-0.76074
-0.600001,-0.152677,-0.785295,-0.798191,0.180217,0.574816,0.0537621,0.971705,-0.229996
0.684304,0.568678,-0.456434,-0.567618,0.0224817,-0.822985,-0.457752,0.822253,0.338176
0.67616,0.205814,0.707424,-0.662273,0.590492,0.461209,-0.322805,-0.780359,0.535572
-0.773738,0.464816,0.430437,0.627714,0.470846,0.619903,0.0854714,0.749833,-0.656083
-0.836135,-0.187727,-0.515399,-0.519059,-0.0330217,0.8541,-0.177357,0.981666,-0.0698309
0.734778,-0.211888,-0.644364,-0.397507,0.635233,-0.662169,0.549627,0.742686,0.382528
0.726894,0.66936,0.153564,0.396836,-0.2269,-0.889403,-0.560487,0.707442,-0.430559
-0.932119,0.360564,0.0338855,0.135965,0.261692,0.955526,0.335661,0.895271,-0.292952
-0.732035,-0.559477,0.388728,-0.68069,0.624139,-0.383551,-0.028032,-0.545376,-0.837722
-0.487512,-0.194188,-0.851248,-0.414661,0.909481,0.030005,0.768367,0.367607,-0.523905
0.919169,-0.106659,-0.379147,0.341006,0.697209,0.630568,0.197089,-0.708889,0.677224
0.60566,0.266474,0.749778,0.414392,-0.910028,-0.0113118,0.679305,0.317553,-0.661592
-0.717786,-0.535521,-0.444971,-0.447006,0.844422,-0.295191,0.533825,-0.0129794,-0.845496
0.685884,0.683267,-0.25042,-0.703653,0.534951,-0.467654,-0.18557,0.496965,0.847697
0.421693,-0.519047,-0.743482,-0.249549,0.721852,-0.645488,0.871723,0.457733,0.174872
-0.964812,0.0510499,0.257939,0.0278781,-0.955583,0.293401,0.26146,0.290268,0.920534
-0.00723848,-0.98535,-0.17039,-0.64232,0.135176,-0.754422,0.766403,0.103984,-0.633888
-0.965228,-0.0799648,-0.248879,0.179832,-0.894105,-0.410167,-0.189725,-0.440661,0.877395
-0.107305,-0.872549,-0.476595,-0.981771,0.168633,-0.0876883,0.156882,0.458498,-0.874739
0.614455,-0.115083,0.780514,-0.708479,0.354803,0.610059,-0.347136,-0.927831,0.136477
-0.622446,-0.0660488,-0.779871,0.310513,0.893817,-0.323532,0.718431,-0.443541,-0.535844
0.377106,-0.736155,-0.56202,-0.767874,0.090778,-0.634136,0.517841,0.670698,-0.531042
0.0383704,-0.358426,0.932769,0.717607,0.659479,0.223892,-0.69539,0.660771,0.282514
0.0635418,-0.984955,-0.160704,0.946209,0.11065,-0.304049,0.317256,-0.132739,0.939004
-0.299676,-0.716751,0.629653,-0.117201,0.682644,0.721292,-0.946815,0.142358,-0.288576
0.768693,0.321797,0.552773,-0.119101,-0.777096,0.618011,0.628431,-0.540897,-0.559022
-0.36108,0.048646,-0.931265,-0.926734,0.0924955,0.364154,0.103853,0.994524,0.0116837
0.496732,0.501369,-0.708439,-0.570503,0.803759,0.168812,0.654052,0.320313,0.685286
0.77698,-0.0018878,0.629523,-0.553566,-0.478246,0.681796,0.29978,-0.878224,-0.372632
0.92084,0.356375,-0.158275,0.0943592,-0.597477,-0.796315,-0.378353,0.718344,-0.583808
-0.467054,0.156222,0.870319,0.478411,-0.783115,0.397307,0.743628,0.601934,0.291018
0.962598,-0.19992,-0.182856,-0.220333,-0.970395,-0.0989335,-0.157664,0.135523,-0.978149
0.848395,0.447788,0.282332,-0.420622,0.89406,-0.154058,-0.321407,0.011947,0.946866
-0.498286,0.786329,0.365237,0.538158,-0.0497803,0.841372,0.679777,0.615799,-0.398365
0.671447,0.108416,-0.733079,0.032021,-0.992561,-0.117463,-0.74036,0.055396,-0.669924
0.524064,0.849454,-0.0615253,0.810583,-0.475303,0.342114,0.261367,-0.229161,-0.937642
0.0440984,-0.459649,0.887005,0.312275,0.849721,0.424803,-0.948968,0.258256,0.181008
-0.0517642,0.958245,-0.281224,0.784284,-0.135324,-0.605463,-0.618239,-0.251901,-0.744531
-0.968105,-0.240107,-0.0715692,0.232903,-0.967731,0.0961904,-0.0923557,0.0764537,0.992787
-0.39898,-0.296281,0.867775,-0.844385,0.487708,-0.22171,-0.357532,-0.821194,-0.44476
-0.577664,-0.062911,0.813847,-0.105901,0.994375,0.00169834,-0.809376,-0.0852057,-0.581077
-0.802439,0.485969,0.346302,-0.42867,-0.0657236,-0.901068,-0.415131,-0.871501,0.261059
-0.658799,0.343687,-0.669226,-0.750905,-0.245874,0.612934,0.0461118,0.906325,0.420058
-0.869857,0.298585,-0.392677,-0.388647,0.0754404,0.918293,0.303812,0.951397,0.0504216
0.858555,0.512712,-0.00295781,-0.512595,0.858459,0.0171775,0.0113462,-0.0132316,0.999848
0.737607,-0.0868067,0.669627,0.60339,0.529863,-0.595957,-0.303078,0.843629,0.443209
0.817171,-0.562734,-0.124748,0.269982,0.182472,0.945417,-0.509255,-0.806247,0.301039
-0.269363,0.942356,0.198518,-0.906066,-0.317834,0.279332,0.326325,-0.104629,0.939449
0.656284,0.663717,0.358847,-0.423787,-0.0692381,0.903112,0.624257,-0.744772,0.235835
-0.0429569,0.578508,0.814545,-0.592924,0.641434,-0.48683,-0.804112,-0.503876,0.315457
0.506792,-0.0535597,-0.860403,0.7378,0.543174,0.400765,0.445884,-0.83791,0.314793
-0.285493,-0.930965,-0.227591,0.638783,-0.361878,0.67897,-0.714458,0.0484595,0.697998
0.825736,-0.200504,0.527218,-0.529103,0.0485861,0.847166,-0.195475,-0.978487,-0.0659677
0.705935,-0.172006,0.687074,-0.42222,-0.881055,0.213242,0.568671,-0.440631,-0.694592
0.277177,-0.853637,-0.440995,0.72145,0.488039,-0.491251,0.634572,-0.181992,0.75113
0.42574,-0.887771,0.174953,0.895123,0.441485,0.0620069,-0.132287,0.130206,0.982622
0.302901,0.446534,-0.841937,-0.403662,0.860392,0.311098,0.863312,0.245627,0.440863
-0.936805,0.346829,0.0458929,-0.00517347,-0.144897,0.989433,0.349814,0.926669,0.137535
-0.155085,-0.53339,0.831531,-0.627419,-0.596984,-0.499956,0.763082,-0.599254,-0.242076
-0.217467,-0.485677,-0.846655,0.221851,0.820117,-0.527437,0.950521,-0.302532,-0.0706004
-0.421798,-0.831541,0.361423,-0.896934,0.440994,-0.0321535,-0.132648,-0.337735,-0.931847
-0.911349,-0.0492541,0.408678,0.378599,-0.489992,0.78522,0.161574,0.870334,0.465202
-0.412887,-0.902992,-0.118868,0.179346,0.0473494,-0.982646,0.89295,-0.427041,0.142398
0.423749,0.209369,-0.88125,-0.829903,-0.300059,-0.470347,-0.362903,0.930661,0.0466065
0.704191,0.497244,0.506818,-0.344719,0.863479,-0.368202,-0.620712,0.0845745,0.779463
0.342958,0.930381,0.129502,-0.667952,0.144607,0.730019,0.660469,-0.336867,0.671045
-0.28377,0.857296,0.429555,0.0963289,0.47119,-0.876756,-0.954042,-0.207418,-0.216292
-0.978093,-0.182511,0.100118,-0.199127,0.680095,-0.705564,0.0606832,-0.710043,-0.701539
0.894883,-0.446079,0.0140641,-0.225444,-0.479012,-0.848364,0.385174,0.756016,-0.529226
-0.674252,0.175322,0.717389,0.523716,-0.571376,0.631863,0.520678,0.801743,0.293432
0.650085,0.64583,0.400366,0.0185485,0.513249,-0.858039,-0.759635,0.565224,0.321676
0.378687,0.639754,0.668813,0.370077,0.55768,-0.742991,-0.848315,0.528874,-0.0255723
-0.0599473,0.612313,0.788339,-0.786991,-0.514814,0.340018,0.614045,-0.600033,0.512747
0.3979,-0.89115,0.218005,-0.535052,-0.418441,-0.733912,0.745248,0.17538,-0.643309
-0.649164,0.424138,-0.631422,-0.120996,0.761961,0.63622,0.750963,0.489411,-0.443318
0.911487,-0.0547791,0.407665,-0.154164,-0.964345,0.21511,0.381346,-0.258917,-0.887433
-0.926892,-0.314701,0.204533,-0.337393,0.459887,-0.821383,0.164428,-0.830342,-0.532444
0.660085,0.727627,0.186675,0.183322,0.0849565,-0.979375,-0.728479,0.680692,-0.0773118
0.855436,-0.443146,0.268051,-0.0152164,0.495835,0.868284,-0.517685,-0.74684,0.417412
-0.234294,-0.971812,0.0262299,0.188439,-0.0189284,0.981903,-0.953728,0.234997,0.187562
0.747572,0.5468,0.377023,-0.104491,0.657407,-0.746255,-0.65591,0.518484,0.548595
-0.816901,0.421287,-0.393941,-0.568227,-0.705002,0.42437,-0.0989473,0.570516,0.815304
0.773812,-0.554979,0.30531,0.247504,0.708606,0.660771,-0.583058,-0.435747,0.685687
-0.927783,-0.0108406,-0.372962,-0.0914564,0.975692,0.199148,0.361737,0.218876,-0.906223
0.701346,-0.383763,0.6007,-0.268249,0.638667,0.721212,-0.660422,-0.666956,0.344982
0.0977307,-0.258676,0.961008,0.890493,-0.408438,-0.2005,0.444377,0.875366,0.190432
-0.292223,-0.574085,0.764874,0.740647,-0.641823,-0.19876,0.605019,0.50842,0.612749
0.923274,0.242223,-0.298151,0.216183,-0.969202,-0.11795,-0.317538,0.0444453,-0.947203
0.619165,-0.198792,0.759682,0.245407,0.967955,0.0532784,-0.745929,0.153443,0.648109
0.133661,0.980718,0.142574,-0.175788,-0.118121,0.977316,0.975312,-0.155692,0.15661
-0.433291,-0.867115,0.245706,0.374959,-0.421351,-0.825754,0.819552,-0.265662,0.5077
0.426885,-0.861245,-0.275728,-0.333702,0.133361,-0.933198,0.840483,0.490379,-0.230469
0.0648515,-0.820181,0.568416,-0.749225,0.336225,0.570627,-0.659133,-0.462878,-0.592695
0.592978,0.778607,0.205301,-0.356276,0.482345,-0.800256,-0.722111,0.401391,0.563419
0.794724,0.586155,-0.157595,-0.0495438,0.32142,0.94564,0.604946,-0.743715,0.28448
-0.334981,0.137163,-0.932188,-0.586837,-0.804402,0.0925192,-0.737164,0.578034,0.349952
0.0393815,-0.804427,-0.592744,0.509865,0.526345,-0.68044,0.859352,-0.275423,0.430878
-0.474581,-0.554457,-0.68363,-0.5707,0.785123,-0.240589,0.67013,0.275969,-0.689034
-0.712122,-0.0312377,0.70136,0.00148805,0.99894,0.0460024,-0.702054,0.033803,-0.711321
0.539677,0.841385,0.0286497,-0.694448,0.464151,-0.549823,-0.475911,0.276831,0.83479
0.617983,-0.555267,0.556575,-0.438919,-0.831013,-0.341713,0.652263,-0.0331187,-0.757269
0.683195,-0.683093,-0.258126,0.0584702,-0.301176,0.951774,-0.727891,-0.66534,-0.165821
-0.967183,0.240664,0.0814707,0.0290635,0.423337,-0.905506,-0.252412,-0.873422,-0.416439
-0.452304,0.424044,-0.784607,-0.576383,0.532356,0.619983,0.68059,0.732655,0.00362431
0.430553,-0.363,0.826351,-0.487256,-0.86416,-0.125734,0.759741,-0.348509,-0.54894
0.509912,-0.551504,0.660177,0.815171,0.0646751,-0.575598,0.274748,0.831661,0.482549
0.935224,0.300246,0.187638,0.139318,-0.799287,0.584578,0.325494,-0.52057,-0.789342
-0.730054,0.634388,-0.254113,0.120908,-0.246074,-0.96168,-0.672609,-0.732802,0.102945
0.212789,0.907487,0.362199,-0.168116,-0.331157,0.928478,0.962527,-0.258462,0.0820968
0.467009,0.743172,0.479163,-0.350562,0.653087,-0.671255,-0.811794,0.145506,0.565526
0.119259,0.787566,0.60458,-0.886256,0.358944,-0.292762,-0.447579,-0.500898,0.740793
0.851842,0.523228,-0.0244301,-0.0613706,0.146016,0.987377,0.52019,-0.83959,0.156494
-0.578597,-0.771646,0.264175,0.641184,-0.23015,0.732061,-0.504092,0.592953,0.627931
-0.335195,-0.282041,0.898942,-0.874796,-0.261106,-0.408113,0.349824,-0.923188,-0.159206
0.640493,0.130876,0.75673,0.764653,-0.0172798,-0.644211,-0.0712356,0.991248,-0.111142
-0.753147,-0.585275,0.30037,0.310716,0.0859709,0.946607,-0.579849,0.806264,0.117106
0.849399,0.131792,0.51103,0.527286,-0.252575,-0.81128,0.0221532,0.95856,-0.28403
0.368383,-0.926705,0.0742413,0.304046,0.0446275,-0.951612,0.87855,0.373131,0.298201
0.198392,-0.0457053,-0.979057,-0.962299,-0.198719,-0.185719,-0.186069,0.97899,-0.0834063
-0.543949,-0.625989,0.5588,0.553052,0.233379,0.799793,-0.631074,0.744091,0.219258
0.807097,-0.0546394,0.587886,0.554538,0.411975,-0.723024,-0.202688,0.909556,0.362803
-0.133316,0.351538,-0.926632,0.0576542,0.936146,0.346853,0.989395,-0.00718312,-0.145071
0.0155409,0.759602,-0.650202,0.694356,-0.476108,-0.53962,-0.719464,-0.443086,-0.534834
0.307229,0.267768,-0.913187,0.78228,-0.61749,0.0821248,-0.541893,-0.739599,-0.39918
-0.553175,0.551133,0.6247,-0.273432,0.588219,-0.761074,-0.786913,-0.59182,-0.174691
-0.244032,0.524152,0.815913,0.927522,0.371772,0.0385828,-0.28311,0.766192,-0.576886
-0.547028,0.107564,-0.830175,-0.635228,0.592551,0.495347,0.545202,0.798319,-0.255814
0.603323,-0.770059,-0.207392,0.0518996,0.297414,-0.953337,0.795807,0.564406,0.219402
-0.459448,-0.712881,-0.529819,-0.871719,0.476305,0.11506,0.170331,0.514718,-0.84027
0.0925586,-0.96724,-0.236389,0.864011,0.196018,-0.463748,0.494892,-0.161319,0.853849
0.662526,-0.629586,0.405809,-0.747226,-0.5932,0.299613,0.0520941,-0.501732,-0.863453
-0.733326,0.421179,-0.533704,0.294464,-0.510794,-0.807701,-0.6128,-0.749465,0.250556
0.465238,-0.870367,-0.161291,-0.880793,-0.43705,-0.182187,0.0880772,0.226824,-0.969945
0.649791,-0.699104,0.29837,0.247722,-0.176332,-0.952649,0.718613,0.692936,0.0586046
-0.403771,0.106641,-0.908624,0.302823,-0.921617,-0.242733,-0.863289,-0.373161,0.339829
0.421497,0.750795,0.508574,-0.098353,0.595367,-0.797411,-0.901481,0.286086,0.324788
-0.498571,-0.425439,-0.755267,-0.131808,0.898354,-0.41903,0.856769,-0.109366,-0.50397
-0.0768993,-0.226673,0.97093,-0.0464448,-0.971942,-0.230588,0.995957,-0.0628268,0.0642139
0.398514,-0.902153,-0.165248,-0.836527,-0.283656,-0.468788,0.376044,0.325053,-0.867716
0.0926183,0.264974,0.959797,0.931981,0.316225,-0.177235,-0.350475,0.910928,-0.217663
-0.0449223,-0.802439,-0.595041,-0.49354,0.535702,-0.685158,0.868562,0.262898,-0.4201
0.0278396,-0.711013,-0.702628,0.347709,0.665894,-0.660064,0.937189,-0.225934,0.265764
0.206859,0.977644,0.0376954,-0.976124,0.203621,0.0756322,0.0662658,-0.0524406,0.996423
-0.176219,-0.57374,-0.799856,-0.955513,0.294946,-0.0010531,0.236518,0.764087,-0.600191
-0.243077,-0.246689,-0.938114,0.917796,-0.371505,-0.140121,-0.313948,-0.895058,0.316715
0.842338,-0.165974,0.512756,-0.194724,0.793407,0.576704,-0.502542,-0.585626,0.635998
0.509485,-0.218912,-0.832167,-0.619124,-0.764892,-0.177838,-0.597587,0.60582,-0.525235
0.0649185,-0.556045,-0.828613,-0.857127,0.39414,-0.331642,0.510997,0.731757,-0.451014
-0.118056,-0.170967,0.978179,0.256801,-0.956814,-0.13624,0.959227,0.235113,0.156862
-0.88441,-0.255393,-0.390632,-0.300126,-0.329752,0.895091,-0.357412,0.908866,0.214986
0.802001,0.595228,-0.04998,-0.575742,0.748027,-0.330117,-0.159109,0.29353,0.942616
-0.481269,-0.122973,0.867904,0.525221,0.752246,0.39783,-0.7018,0.647305,-0.297445
0.0689702,0.983405,0.167803,0.666828,0.0796631,-0.740941,-0.742013,0.162999,-0.650268
0.100109,0.342691,-0.934099,-0.88507,0.459577,0.07375,0.454564,0.819361,0.349313
0.424408,-0.820428,-0.383113,-0.786375,-0.124215,-0.605132,0.448879,0.558093,-0.697882
0.572466,0.809008,0.133375,0.779072,-0.587404,0.219094,0.255594,-0.0215154,-0.966545
0.0322968,0.0230553,0.999212,0.0574551,-0.998124,0.0211731,0.997826,0.056726,-0.0335608
-0.0308404,0.897212,-0.440522,-0.93588,-0.180676,-0.302463,-0.350965,0.402948,0.845255
0.962967,-0.0888172,-0.254569,-0.0151259,0.924901,-0.379908,0.269193,0.36969,0.889306
-0.463009,0.681314,-0.566951,0.043227,-0.621526,-0.7822,-0.885299,-0.386673,0.258321
0.359189,-0.933191,-0.0117109,0.754885,0.283134,0.591595,-0.548756,-0.221335,0.80615
0.269715,-0.682138,-0.679663,0.746341,0.594082,-0.30007,0.608465,-0.426327,0.66934
-0.990638,0.136149,0.0100333,0.127058,0.892611,0.432553,0.0499359,0.429778,-0.901552
-0.426753,0.141946,0.893159,-0.9016,0.0104311,-0.432444,-0.0707004,-0.989819,0.123527
-0.498285,-0.705825,-0.503511,0.652432,-0.68772,0.318392,-0.571004,-0.169857,0.803183
-0.985058,0.147678,0.0886138,0.00588386,-0.485367,0.874291,0.172124,0.861748,0.477246
-0.970701,0.233267,0.057675,-0.0606586,-0.470126,0.880512,0.232509,0.851215,0.470502
-0.721654,-0.0160458,0.692068,0.0106404,0.999356,0.0342656,-0.692173,0.0320918,-0.721018
-0.0263953,-0.0225417,-0.999397,-0.390453,0.920564,-0.0104513,0.920245,0.389942,-0.0331
0.457356,0.610699,-0.646431,-0.510688,0.775465,0.371284,0.728027,0.160316,0.66654
-0.967072,0.201798,-0.15508,0.116667,-0.190041,-0.97482,-0.226188,-0.960813,0.16024
0.244388,0.945017,0.217295,0.959255,-0.268381,0.0883315,0.141792,0.186854,-0.972101
-0.126699,-0.574663,0.808523,0.960609,0.132163,0.244467,-0.247343,0.807648,0.535281
-0.114089,-0.881678,0.457852,0.719285,-0.391203,-0.574099,0.685283,0.263827,0.678809
-0.128243,-0.0747049,0.988925,-0.734581,0.677085,-0.0441115,-0.666291,-0.732103,-0.141708
-0.266443,-0.559399,0.784909,-0.948732,0.295884,-0.111179,-0.170049,-0.77429,-0.609555
-0.921347,-0.0243544,0.387978,-0.031984,-0.989903,-0.138092,0.387424,-0.13964,0.911265
0.120929,-0.907147,-0.403064,0.980922,0.0469443,0.188647,-0.152209,-0.418188,0.895517
0.111642,0.0371315,0.993055,0.666508,-0.744008,-0.0471115,0.737091,0.667138,-0.107811
0.642076,-0.721567,-0.258995,-0.766637,-0.605347,-0.214061,-0.00232295,0.335999,-0.94186
0.587318,0.303421,-0.750329,-0.265118,-0.803797,-0.532563,-0.764703,0.511709,-0.391642
-0.660807,-0.664971,-0.348062,-0.184235,0.59326,-0.783645,0.727593,-0.453713,-0.514542
0.655678,0.204834,0.726725,0.586751,-0.743991,-0.319688,0.475194,0.63602,-0.608005
0.183412,-0.759345,0.624304,-0.534568,0.455927,0.711595,-0.824983,-0.464248,-0.322298
0.632728,0.75998,0.148612,0.329799,-0.0908272,-0.939672,-0.700634,0.643569,-0.30811
0.0200127,0.274019,-0.961516,0.935868,-0.343515,-0.0784181,-0.351783,-0.898282,-0.26332
0.156485,0.0721726,-0.98504,-0.0210319,-0.996857,-0.0763796,-0.987456,0.0326695,-0.154475
-0.985048,-0.169883,0.0286513,0.162621,-0.971768,-0.170942,0.0568825,-0.163727,0.984864
-0.879192,-0.476404,0.00779377,0.476373,-0.879226,-0.0055841,0.00951277,-0.00119676,0.999954
0.137602,-0.30798,-0.941389,-0.886398,0.385836,-0.255792,0.442001,0.869643,-0.219901
0.55966,0.677098,-0.477828,-0.284563,0.698539,0.656557,0.778335,-0.231477,0.583621
-0.823777,0.142931,-0.5486,0.349128,0.890324,-0.292287,0.446655,-0.432311,-0.78333
-0.687789,-0.698743,0.196733,-0.576642,0.361288,-0.732772,0.440943,-0.617437,-0.651415
-0.523722,0.851386,0.0292827,0.791728,0.47376,0.38564,0.314456,0.225152,-0.922184
0.437448,0.75124,0.494245,0.678147,0.0853543,-0.729953,-0.590556,0.654487,-0.472112
-0.290771,-0.426755,0.856348,0.91647,-0.381319,0.121158,0.274837,0.820046,0.501985
0.228047,-0.47097,0.852163,-0.917163,-0.397685,0.025651,0.326812,-0.787422,-0.522648
-0.162686,-0.133656,0.977583,0.477458,0.856391,0.196543,-0.863463,0.498729,-0.0755077
0.106997,-0.638312,0.762305,0.062745,0.769513,0.635541,-0.992278,-0.0201703,0.122387
0.728831,-0.684604,-0.0110687,-0.660914,-0.699203,-0.272596,0.178881,0.205992,-0.962065
-0.77619,-0.324181,-0.540774,-0.302315,-0.56131,0.770414,-0.553295,0.761471,0.337678
-0.930803,-0.116585,-0.346429,0.0597795,0.886454,-0.458939,0.360599,-0.447892,-0.818145
-0.938579,-0.225997,-0.260759,0.133142,0.459977,-0.877892,0.318344,-0.858689,-0.401635
0.821624,0.36227,-0.440107,0.308842,-0.931846,-0.190472,-0.479114,0.020573,-0.877512
0.555791,0.443091,0.703396,0.165507,-0.888157,0.428701,0.81468,-0.121851,-0.566965
0.603002,0.795011,-0.0659192,0.519906,-0.328974,0.788336,0.605051,-0.50964,-0.611703
0.672954,0.218463,0.706688,-0.0504735,-0.939601,0.338529,0.737961,-0.263483,-0.621281
-0.700394,-0.131225,-0.701589,-0.368775,0.908122,0.198292,0.611108,0.397612,-0.684436
0.634662,-0.732381,0.246622,-0.648748,-0.678341,-0.344933,0.419916,0.0589204,-0.905648
0.806991,0.588492,0.0494342,0.19496,-0.344487,0.918324,0.557455,-0.731441,-0.39273
0.834965,0.55009,0.0153122,-0.507281,0.758605,0.408883,0.213307,-0.349171,0.912458
0.0732688,-0.455321,-0.887307,-0.738095,-0.623091,0.258791,-0.670706,0.635956,-0.381724
0.0710622,0.39714,-0.915003,-0.650387,-0.677055,-0.344374,-0.756272,0.619578,0.210181
-0.920246,-0.0227665,-0.390677,-0.0399046,0.998562,0.0358053,0.3893,0.0485395,-0.919831
0.94743,-0.114307,-0.298848,0.206963,0.931238,0.299938,0.244013,-0.346021,0.90594
0.0154653,-0.37907,0.925239,0.999156,0.0410805,0.000129887,-0.0380585,0.924456,0.379385
-0.428918,-0.589965,0.684084,-0.117394,-0.714455,-0.689762,0.895683,-0.376159,0.237184
0.541857,-0.405391,-0.73624,-0.637945,-0.768691,-0.046255,-0.54719,0.494745,-0.675137
0.665216,0.644389,-0.377162,0.0320097,-0.529286,-0.847839,-0.745965,0.551923,-0.372716
-0.0182585,0.989079,-0.146252,0.863396,0.0893617,0.496551,0.504197,-0.117207,-0.855598
0.653226,-0.489361,0.577773,0.757006,0.437624,-0.485208,-0.0154057,0.754328,0.656317
0.924811,-0.0682721,0.37425,0.338921,-0.298969,-0.892048,0.172791,0.951818,-0.253351
-0.806544,-0.360664,-0.468411,0.590813,-0.51948,-0.617317,-0.0206862,-0.774636,0.632068
0.743715,-0.539069,0.395339,-0.514015,-0.0830295,0.853753,-0.427407,-0.838159,-0.33884
0.919328,-0.317119,-0.232964,0.229107,0.912717,-0.338317,0.319917,0.25765,0.91174
0.936528,0.045195,0.347666,0.0342234,0.975135,-0.218953,-0.348917,0.216954,0.911695
0.0102444,-0.842037,0.539322,-0.993136,-0.0714135,-0.0926325,0.116515,-0.534671,-0.836989
0.118969,-0.819112,0.561161,0.250463,-0.52214,-0.815253,0.960789,0.23754,0.143039
-0.807911,-0.075955,-0.584389,0.259049,-0.936484,-0.236414,-0.529314,-0.342387,0.776272
0.308487,0.942604,0.127804,-0.216423,-0.0612824,0.974374,0.926281,-0.328242,0.185096
0.579052,0.296199,-0.759582,-0.812394,0.288086,-0.506974,0.0686593,0.910644,0.407448
-0.313216,0.715482,0.624484,-0.91368,-0.406368,0.00731787,0.259006,-0.568287,0.781003
-0.236263,-0.682334,0.69181,-0.511038,0.692803,0.508787,-0.82645,-0.233333,-0.512382
0.424836,-0.811327,-0.401576,-0.901199,-0.337015,-0.272509,0.0857563,0.477671,-0.874343
-0.347254,-0.0258152,0.937416,0.757502,0.581554,0.296623,-0.552815,0.813098,-0.182392
-0.198236,-0.234638,-0.951655,0.605439,0.734236,-0.307148,0.770809,-0.637057,-0.00349292
0.765619,-0.0544239,-0.640988,0.64266,0.0204734,0.765878,-0.0285588,-0.998308,0.0506509
-0.0486069,-0.470396,-0.881116,0.81362,0.493046,-0.308103,0.579361,-0.73187,0.358758
0.723768,-0.405454,-0.558361,-0.640254,-0.696374,-0.324249,-0.25736,0.592174,-0.763607
-0.596386,0.778585,-0.195269,-0.701989,-0.387919,0.597269,0.389276,0.493279,0.777907
0.450334,0.24805,0.857712,0.838612,-0.447251,-0.310961,0.306479,0.859324,-0.40943
0.922266,0.381555,0.0619796,0.210386,-0.360944,-0.908547,-0.32429,0.850961,-0.41316
0.849619,0.476467,0.226112,0.155879,-0.636444,0.755408,0.503834,-0.606563,-0.615006
0.86992,-0.131109,0.475447,0.491487,0.150328,-0.857812,0.0409941,0.979904,0.195212
-0.0364386,-0.717413,0.695695,0.170745,0.681451,0.711667,-0.984641,0.144718,0.0976633
-0.931039,0.360402,-0.0572518,-0.361608,-0.932253,0.0119713,-0.0490587,0.0318485,0.998288
0.81686,0.0636983,0.573308,0.511817,0.378367,-0.771286,-0.26605,0.923461,0.276471
0.0575343,0.947785,0.313676,0.863935,-0.204722,0.460114,0.500306,0.244524,-0.830603
0.460805,-0.465841,0.755415,0.533337,-0.534983,-0.655244,0.709373,0.70483,0.00192746
-0.848339,-0.51952,-0.102082,-0.244761,0.555786,-0.794477,0.469482,-0.649,-0.598653
0.234575,0.440965,0.866328,0.949401,-0.295381,-0.106719,0.208837,0.847526,-0.487942
0.04859,0.165836,-0.984956,-0.223081,-0.959409,-0.17254,-0.973588,0.228109,-0.00962271
0.88936,0.275182,0.365121,-0.179432,-0.524448,0.832321,0.420526,-0.805748,-0.417046
0.104791,-0.566406,-0.817437,-0.280735,0.771685,-0.570693,0.954048,0.289286,-0.0781446
-0.216133,-0.398179,0.891482,-0.933196,-0.184248,-0.308541,0.287108,-0.898613,-0.331757
0.402271,-0.754679,0.518302,0.882434,0.168795,-0.439111,0.243901,0.634009,0.733856
