-0.585374,0.624853,-0.51662,0.677094,0.72726,0.112417,0.445961,-0.283994,-0.848803
-0.711429,0.381818,0.589986,-0.366699,-0.917867,0.151829,0.5995,-0.108332,0.793009
0.0337334,-0.721783,0.691297,0.013173,-0.691309,-0.722439,0.999344,0.0334768,-0.0138121
0.870393,-0.428352,-0.242756,0.316228,0.864267,-0.391206,0.37738,0.263736,0.887709
-0.645735,0.715004,0.267949,-0.172245,-0.478276,0.861153,0.743881,0.509923,0.431995
-0.12714,0.847378,0.515544,0.851059,0.360152,-0.382085,-0.509445,0.39018,-0.766959
0.610479,-0.539938,0.579468,-0.0979983,-0.777492,-0.621211,0.785947,0.322449,-0.527555
-0.408259,0.912204,-0.0347628,-0.903998,-0.398705,0.154346,0.126935,0.0944387,0.987405
0.854783,-0.187407,-0.483968,0.132422,-0.822902,0.552536,-0.501808,-0.536387,-0.678586
-0.456496,0.832843,-0.313025,-0.887879,-0.40377,0.220545,0.0572889,0.378606,0.923783
-0.037856,-0.822082,0.56811,-0.0358613,-0.567034,-0.822914,0.99864,-0.0515254,-0.00801532
-0.796528,-0.57961,0.172034,-0.19122,-0.0284264,-0.981135,0.573566,-0.814398,-0.0881908
0.14536,-0.52751,0.83702,0.508958,-0.685613,-0.520477,0.848429,0.501665,0.16882
0.336295,0.890869,-0.30538,-0.781211,0.444985,0.437834,0.525943,0.0913246,0.845603
0.116924,0.991722,0.0530716,-0.444778,0.00451022,0.89563,0.887976,-0.128326,0.441623
-0.993097,-0.102368,-0.0572683,0.109707,-0.637814,-0.762337,0.0415126,-0.763357,0.644641
-0.780416,0.493295,0.384201,-0.587164,-0.789397,-0.179141,0.214918,-0.365393,0.905703
0.504021,0.863522,-0.0171313,-0.297663,0.155052,-0.941996,-0.810777,0.479885,0.335188
-0.0763981,-0.393427,0.916176,-0.932063,0.354547,0.0745276,-0.354149,-0.84824,-0.393785
0.935938,0.167402,0.309834,0.0155887,0.859241,-0.511333,-0.35182,0.483406,0.801587
-0.888691,-0.0786843,0.451705,-0.113447,0.992267,-0.0503499,-0.44425,-0.09599,-0.890746
0.126061,0.516385,0.847027,0.705825,-0.646668,0.289191,0.697079,0.561398,-0.445997
0.897851,0.415616,0.145351,-0.0127599,-0.305419,0.952132,0.440115,-0.856728,-0.268918
0.442728,-0.868017,0.224807,-0.864461,-0.479779,-0.150064,0.238115,-0.127899,-0.962779
-0.810585,-0.273118,-0.518034,0.580601,-0.490372,-0.649952,-0.0765158,-0.827612,0.556061
-0.277173,-0.939211,-0.202628,-0.881504,0.332476,-0.335276,0.382264,0.0856882,-0.920072
-0.25271,-0.782606,-0.568915,-0.8493,0.461105,-0.257046,0.463495,0.418222,-0.781193
0.879492,0.467669,0.0882038,0.054966,-0.283913,0.957273,0.472729,-0.837066,-0.275405
-0.323743,-0.499524,0.803534,-0.801601,-0.306347,-0.513407,0.502619,-0.810326,-0.301241
-0.118775,0.450644,-0.884767,-0.277765,0.840418,0.465344,0.953278,0.301029,0.0253525
-0.132982,0.106808,0.985347,-0.940768,0.299243,-0.159402,-0.311883,-0.94818,0.0606876
0.165157,-0.0987264,0.981313,-0.937372,0.293683,0.187308,-0.306688,-0.950791,-0.0440394
-0.231989,-0.768864,-0.595844,-0.455661,0.627087,-0.631771,0.859392,0.124939,-0.495819
-0.609929,0.536138,-0.583561,0.65623,-0.071101,-0.751204,-0.444241,-0.841131,-0.308463
-0.997295,-0.0102674,-0.0727829,0.0706724,-0.40611,-0.911087,-0.0202034,-0.913766,0.405737
-0.916362,0.263492,0.301419,0.341716,0.907048,0.245957,-0.208594,0.328385,-0.921223
-0.698003,-0.465269,-0.54435,0.414698,0.357088,-0.836967,0.583795,-0.809946,-0.0563021
-0.847749,-0.529812,-0.0249218,-0.297372,0.435865,0.849465,-0.439194,0.727544,-0.527055
0.638367,0.669048,0.380608,0.0271172,-0.513709,0.857536,0.769254,-0.537102,-0.346078
0.714967,-0.665498,0.214323,0.651779,0.523503,-0.548752,0.252995,0.532031,0.808045
-0.517878,0.694095,-0.500035,-0.757402,-0.643759,-0.109168,-0.397675,0.322192,0.859097
0.410049,-0.896187,0.16944,0.69601,0.427527,0.57688,-0.589432,-0.118617,0.799062
0.544009,0.422047,-0.725211,-0.0164184,-0.858774,-0.512092,-0.838919,0.29049,-0.460251
0.729565,0.0520026,-0.681932,-0.663545,0.295343,-0.687372,0.165659,0.953975,0.249978
-0.104476,-0.902313,-0.418229,0.872986,0.118249,-0.473195,0.476425,-0.414545,0.775352
0.701271,0.4503,0.552675,-0.0157611,0.784858,-0.619475,-0.712721,0.425709,0.557495
-0.508524,-0.608038,0.609666,-0.621627,0.749188,0.228685,-0.595804,-0.262693,-0.758953
-0.895598,-0.0770192,0.438147,0.323311,-0.789205,0.522136,0.305573,0.609282,0.731711
-0.5293,0.613461,0.586095,-0.682672,0.102243,-0.723536,-0.503785,-0.783079,0.364675
0.976225,-0.197252,0.0898633,0.0900358,0.746133,0.659681,-0.197174,-0.635906,0.746154
0.271257,-0.516519,0.812175,-0.803822,0.342568,0.48633,-0.529424,-0.784764,-0.322266
-0.760453,0.287037,-0.582512,0.0798898,0.931548,0.354733,0.64446,0.223221,-0.73133
-0.0109705,0.997096,-0.0753611,-0.0739946,0.0743495,0.994483,0.997198,0.0164863,0.072964
0.92892,-0.0839918,0.360628,0.249272,0.862036,-0.441313,-0.273808,0.49984,0.821699
0.505866,0.520454,0.687915,0.0652543,-0.818282,0.571101,0.86014,-0.244011,-0.447903
-0.48946,0.689271,-0.534166,0.475593,-0.302435,-0.826042,-0.730917,-0.65836,-0.179783
-0.795994,-0.377786,0.472939,0.259696,0.492617,0.830594,-0.546765,0.783968,-0.294011
-0.970003,0.078308,0.230134,0.232897,0.57066,0.787468,-0.0696635,0.817444,-0.57178
0.0597929,0.284098,0.956929,0.950343,-0.309503,0.0325055,0.305408,0.907467,-0.288496
-0.728955,0.178511,-0.660877,0.161583,0.982991,0.0872901,0.665218,-0.0431561,-0.745401
-0.0629643,-0.922843,0.379996,-0.985854,0.116772,0.120235,-0.155331,-0.36705,-0.917141
0.0234545,-0.931888,-0.361986,0.266824,0.354786,-0.896065,0.96346,-0.0755698,0.256972
0.438879,-0.222226,-0.870632,0.406988,-0.814681,0.413104,-0.80109,-0.53564,-0.267104
-0.0910159,0.579746,0.809698,-0.150478,0.79573,-0.58666,-0.984415,-0.175237,0.0148149
0.235922,0.971451,-0.0249689,0.194221,-0.0723122,-0.978289,-0.952165,0.22595,-0.205736
0.840477,-0.480443,-0.250546,0.0552278,0.535942,-0.842446,0.539025,0.69422,0.476981
-0.434224,-0.520088,0.735499,-0.300355,-0.686175,-0.662534,0.849257,-0.508598,0.141742
-0.426003,0.088419,0.900391,-0.569821,0.746793,-0.342936,-0.702728,-0.659153,-0.267753
0.286172,-0.717468,0.635094,-0.554423,0.416601,0.720457,-0.781486,-0.558286,-0.278562
-0.781831,-0.483153,-0.394084,0.623322,-0.591022,-0.512018,0.0144709,-0.645954,0.76324
-0.98666,0.0523873,-0.154133,-0.149461,-0.66676,0.730132,-0.0645199,0.743429,0.665696
0.550167,0.568705,-0.611466,0.461438,-0.817341,-0.345004,-0.695982,-0.0923435,-0.712097
0.359291,-0.932959,-0.0223106,0.393125,0.172992,-0.903065,0.846382,0.315692,0.428924
-0.830994,0.105584,-0.546169,-0.452763,-0.698804,0.553786,-0.323194,0.707478,0.628507
-0.621542,-0.658379,0.424526,-0.605614,0.747571,0.272706,-0.496907,-0.0876004,-0.863371
0.153214,0.2944,-0.943321,0.474555,-0.859236,-0.19108,-0.866789,-0.418381,-0.271356
-0.312363,-0.225133,-0.9229,0.68742,0.616959,-0.383165,0.655654,-0.754107,-0.037954
0.177158,0.982368,0.0597352,-0.0873523,-0.0447608,0.995171,0.980298,-0.18152,0.0778823
0.350215,-0.894255,-0.27867,-0.28585,0.18128,-0.940971,0.891986,0.4092,-0.192136
-0.925949,-0.190864,0.325867,-0.156953,-0.590338,-0.791749,0.343488,-0.784266,0.516666
-0.480734,-0.835734,0.265412,-0.17672,-0.204131,-0.962861,0.858875,-0.509783,-0.0495578
0.219379,-0.973164,-0.069467,0.760133,0.215122,-0.613124,0.611614,0.081702,0.786927
0.0127446,0.72982,0.683521,0.962907,-0.193219,0.188352,0.269532,0.655767,-0.705211
0.514042,-0.198892,0.834387,0.45382,0.888511,-0.067792,-0.727879,0.41351,0.546993
0.198502,0.526372,-0.826758,-0.385604,0.817458,0.427869,0.901058,0.233869,0.365239
-0.695272,0.174467,-0.69725,0.0846746,0.983219,0.161589,0.713741,0.0533087,-0.698378
-0.330452,-0.939249,0.0928063,0.136772,-0.144947,-0.979941,0.93386,-0.31113,0.176361
-0.124558,-0.279262,-0.952102,-0.944302,0.327941,0.0273491,0.304596,0.902479,-0.304555
-0.066923,-0.790163,0.609233,0.31282,-0.596432,-0.739197,0.947452,0.141111,0.287093
-0.219621,0.844163,0.489034,-0.815436,0.116343,-0.567035,-0.535566,-0.523309,0.66281
0.907935,-0.168829,0.383602,-0.168073,-0.985126,-0.035762,0.383934,-0.0320037,-0.922806
0.920368,0.365047,-0.140225,0.26405,-0.315638,0.9114,0.288443,-0.87585,-0.386894
-0.547618,0.325515,-0.770814,-0.065486,0.901725,0.427322,0.834162,0.284487,-0.472484
0.559831,0.639912,0.526405,0.690324,-0.00881089,-0.723447,-0.458304,0.768398,-0.446679
0.111486,0.712009,-0.693263,-0.944906,0.292002,0.147944,0.307771,0.638575,0.705336
0.187738,0.148813,0.970881,0.291507,-0.952363,0.0896068,0.937965,0.266195,-0.222175
-0.510713,0.802525,0.308425,-0.0598704,-0.391064,0.918414,0.857664,0.45058,0.247769
0.759862,0.355397,0.544338,0.604086,-0.69539,-0.389248,0.24019,0.624601,-0.74309
0.4048,0.417276,0.813644,0.227757,-0.907775,0.352239,0.885587,0.0427269,-0.462505
0.687301,-0.573839,0.445339,0.198833,-0.441052,-0.875179,0.69863,0.690059,-0.189038
0.832638,0.313843,0.456308,0.483274,-0.00933915,-0.875419,-0.270482,0.949429,-0.159448
0.69762,0.576726,-0.425103,0.702527,-0.434155,0.563884,0.140646,-0.692024,-0.708041
-0.294389,-0.353602,0.887863,0.657932,-0.748808,-0.0800711,0.693153,0.560582,0.453087
-0.514495,0.562279,-0.647409,-0.79678,-0.592517,0.118595,-0.316918,0.576859,0.752859
0.915912,0.0143571,0.401123,-0.390152,-0.202878,0.898122,0.0942732,-0.979099,-0.180216
0.392407,0.891035,0.228195,0.10712,-0.290678,0.950806,0.913533,-0.348659,-0.209512
-0.689025,-0.279857,0.668524,0.0517565,0.90108,0.430553,-0.722887,0.331263,-0.606382
-0.63711,0.379474,-0.670888,-0.198822,0.760042,0.618714,0.744688,0.527576,-0.408782
0.26184,0.887953,-0.378125,0.645244,0.130295,0.752784,0.717705,-0.441092,-0.53883
-0.372719,-0.606542,-0.702273,0.128745,0.715684,-0.686455,0.91897,-0.346269,-0.18866
-0.149719,0.536188,0.830715,-0.0598594,-0.843559,0.53369,0.986915,0.0301772,0.158392
-0.530155,-0.17142,-0.830392,-0.153514,0.982571,-0.104825,0.833888,0.0719033,-0.54723
-0.371311,-0.759267,-0.534454,-0.365802,0.648674,-0.667392,0.853415,-0.0523053,-0.518601
0.39288,0.369173,-0.842233,-0.69269,0.721202,-0.00699982,0.604836,0.586156,0.539069
0.370845,0.368086,0.852635,-0.804049,-0.332178,0.493116,0.464736,-0.86843,0.172773
0.797154,-0.475074,0.372627,0.168881,-0.417086,-0.893039,0.579677,0.774819,-0.252251
-0.247101,0.821764,0.513464,0.612275,-0.278296,0.740047,0.751039,0.497248,-0.434378
-0.0573417,0.910934,0.408547,-0.889976,0.138791,-0.434373,-0.452388,-0.388505,0.802751
0.268534,0.131032,-0.954317,0.507093,0.823087,0.255704,0.818991,-0.552592,0.154581
-0.192302,-0.978638,0.0727212,0.887736,-0.205067,-0.412156,0.418264,-0.0147013,0.908207
-0.275779,0.929251,-0.245844,-0.672157,-0.369263,-0.641756,-0.687133,-0.0117372,0.726437
-0.563975,-0.735993,0.374494,-0.0540372,0.485417,0.872611,-0.824022,0.471894,-0.313534
-0.430922,0.106839,-0.896042,0.154041,-0.969683,-0.189701,-0.889144,-0.219773,0.4014
0.698561,0.554968,0.451689,0.157904,-0.735245,0.659152,0.69791,-0.389135,-0.601245
0.122243,-0.847856,0.515942,-0.854953,-0.353985,-0.379145,0.504096,-0.394759,-0.768149
0.75274,-0.651821,0.0922619,-0.323061,-0.243639,0.914479,-0.573598,-0.718171,-0.393975
-0.773527,0.541471,0.329341,0.606474,0.481573,0.632674,0.183973,0.689127,-0.700898
-0.62408,-0.0869904,0.776503,-0.645796,0.61686,-0.449924,-0.439855,-0.782251,-0.441148
-0.643356,0.578078,-0.501916,-0.746336,-0.327569,0.57938,0.170515,0.747345,0.642184
-0.868913,0.343452,-0.356414,0.429112,0.881593,-0.196613,0.246685,-0.323781,-0.913407
0.668935,0.0677965,-0.740223,0.705263,-0.372448,0.60323,-0.234798,-0.925573,-0.296958
-0.0884254,-0.841427,-0.533087,-0.750921,0.407937,-0.519331,0.654445,0.354384,-0.667917
-0.730673,-0.143408,-0.667496,0.680606,-0.23002,-0.695605,-0.053782,-0.962562,0.265674
0.574691,0.243057,-0.781444,0.744906,0.240055,0.622486,0.338888,-0.939839,-0.0430972
0.285337,-0.59284,-0.753076,0.534212,-0.553989,0.638525,-0.795739,-0.584497,0.158628
-0.522602,-0.806773,0.275691,-0.412028,-0.0441017,-0.910103,0.746405,-0.589214,-0.309366
-0.845177,0.385409,0.370318,0.0549341,0.751817,-0.657079,-0.531656,-0.535005,-0.656591
0.439096,-0.488385,-0.754105,-0.890372,-0.124313,-0.437931,0.120134,0.863728,-0.48943
0.6001,-0.561669,-0.569568,0.777196,0.577917,0.248956,0.189332,-0.592064,0.783335
0.965985,-0.0893625,-0.242666,-0.258439,-0.366497,-0.893806,-0.00906386,0.926118,-0.377126
0.845177,-0.024214,0.533937,-0.0294671,0.995343,0.0917825,-0.533673,-0.0933061,0.840528
0.349937,0.226145,-0.909067,0.704904,-0.702702,0.0965375,-0.616972,-0.674587,-0.405312
-0.514747,0.366541,-0.775038,0.222978,-0.815655,-0.533843,-0.827838,-0.44761,0.338125
-0.320819,0.315676,0.892986,0.762334,0.645571,0.045667,-0.562069,0.695404,-0.447762
-0.657817,0.744392,0.114701,-0.538009,-0.570986,0.620097,0.527088,0.346201,0.776095
0.84064,-0.486637,-0.237716,-0.310572,-0.792724,0.524531,-0.4437,-0.367114,-0.817532
0.111206,0.73387,0.670125,0.564094,-0.601766,0.565399,0.818188,0.315138,-0.480892
-0.18131,0.982832,0.0341681,-0.351806,-0.0323768,-0.935513,-0.918346,-0.181638,0.351636
0.293261,-0.726462,0.621491,-0.786921,0.185741,0.588435,-0.542912,-0.661629,-0.517198
0.81895,0.260946,-0.511105,-0.509224,-0.0802137,-0.856888,-0.264599,0.962015,0.0671888
-0.0919226,-0.855388,0.509766,0.0694875,0.505176,0.860215,-0.993339,0.114496,0.0130017
0.983981,0.133794,-0.117813,0.162028,-0.94681,0.278024,-0.0743484,-0.29266,-0.953322
-0.548837,-0.78546,-0.286062,-0.286265,-0.144914,0.947128,-0.785386,0.601708,-0.145316
0.283948,-0.750864,-0.596302,-0.394872,0.475142,-0.786331,0.873756,0.45874,-0.16158
0.17909,0.58342,-0.79218,0.910191,-0.403909,-0.0916998,-0.373468,-0.704613,-0.603359
0.179304,-0.953787,0.241125,0.798472,-0.00209139,-0.602029,0.574711,0.300478,0.761197
-0.434972,-0.899544,0.0402496,0.470078,-0.264976,-0.841911,0.768001,-0.347287,0.538113
0.968314,-0.11083,-0.223796,-0.12428,-0.991139,-0.0468895,-0.216616,0.073217,-0.973508
-0.119658,-0.801847,0.585426,0.979408,0.0012425,0.201888,-0.162611,0.597528,0.785187
-0.721524,0.596364,-0.351786,0.590726,0.26518,-0.762052,-0.361173,-0.757648,-0.543621
-0.846257,0.215876,0.487081,0.243942,0.969771,-0.00598029,-0.473648,0.113758,-0.873337
-0.727831,-0.0546321,-0.683577,-0.446213,-0.719204,0.532579,-0.520727,0.692648,0.499081
0.0683234,-0.0752491,-0.994821,-0.437042,-0.89864,0.0379582,-0.896842,0.432185,-0.0942851
0.685938,0.189543,0.70254,0.11605,0.924625,-0.362769,-0.718346,0.330367,0.612239
-0.220248,0.56059,0.798267,0.863004,-0.269457,0.427338,0.45466,0.783027,-0.424444
-0.828027,0.057903,-0.55769,-0.551646,0.0937748,0.82879,0.100287,0.993908,-0.0457061
-0.450189,0.0408445,-0.891999,0.123343,-0.986533,-0.107424,-0.884374,-0.158383,0.439088
0.619162,0.327103,-0.713892,0.699724,-0.642435,0.312512,-0.356406,-0.693023,-0.626653
-0.79278,-0.522502,-0.313834,-0.257694,0.753947,-0.604283,0.552354,-0.39819,-0.732359
-0.0112492,-0.882751,-0.469706,-0.101305,0.468325,-0.877729,0.994792,0.0377099,-0.0946955
-0.751454,0.0960561,0.652755,0.658016,0.0367036,0.752109,0.0482862,0.994699,-0.0907875
0.0537899,0.917512,0.394053,0.949302,-0.169391,0.264825,0.309729,0.359831,-0.880108
-0.105022,-0.195379,0.975088,0.895261,0.408335,0.178242,-0.432987,0.891678,0.132032
-0.0397956,0.353926,-0.934426,-0.728627,-0.650209,-0.215244,-0.683753,0.672283,0.283756
-0.638787,0.307193,-0.705395,0.547533,-0.462597,-0.697288,-0.540516,-0.831647,0.127303
0.122358,-0.552407,-0.824545,-0.991063,-0.112479,-0.0717126,-0.0531296,0.825951,-0.561233
-0.0346858,-0.420244,-0.906748,0.970119,0.203848,-0.131586,0.240137,-0.884218,0.400616
0.905558,0.418042,0.0721499,0.254531,-0.399352,-0.880757,-0.33938,0.815941,-0.468041
0.161816,-0.108471,0.980841,0.789505,0.61053,-0.0627319,-0.592028,0.78453,0.184432
-0.062663,-0.968023,-0.24291,0.857164,-0.176869,0.483723,-0.511218,-0.177902,0.840837
-0.271235,0.609779,-0.744715,-0.936764,0.0105293,0.349804,0.221144,0.792501,0.568363
0.267263,-0.312549,-0.911528,0.928743,0.335753,0.157186,0.25692,-0.888585,0.380012
0.142416,-0.985241,0.0949603,0.333446,-0.0425746,-0.941807,0.93195,0.165792,0.322462
0.776201,-0.357044,-0.519645,-0.593171,-0.692881,-0.409956,-0.21368,0.626447,-0.749604
-0.726725,0.262016,-0.634995,0.596371,-0.218094,-0.772513,-0.340899,-0.940097,0.00223616
0.984406,-0.0463723,-0.16969,0.0716482,0.986686,0.146007,0.16066,-0.155889,0.974621
-0.402253,-0.728515,-0.554489,0.192085,0.525013,-0.829135,0.895151,-0.440031,-0.071251
0.929978,0.269217,0.250326,-0.334333,0.33627,0.880423,0.152848,-0.902466,0.402732
-0.0297723,-0.56819,-0.822359,0.771314,0.510226,-0.380453,0.635758,-0.645624,0.423062
-0.131628,0.947759,0.290562,0.194136,0.312083,-0.930008,-0.972104,-0.0660066,-0.225073
-0.21092,0.908665,-0.360333,-0.939203,-0.29056,-0.182957,-0.270946,0.299837,0.914706
-0.320047,-0.513055,0.796457,-0.464399,-0.647792,-0.603903,0.825774,-0.563151,-0.0309388
0.112277,-0.865724,0.487766,0.44221,0.483116,0.755678,-0.889856,0.13085,0.437075
-0.530583,0.754511,0.386258,0.567481,0.654691,-0.499344,-0.62964,-0.0457489,-0.775539
0.153595,0.521479,0.839326,0.335622,0.771377,-0.54068,-0.92939,0.364742,-0.0565403
0.353814,-0.820193,-0.449554,-0.787947,-0.520346,0.32921,-0.50394,0.237745,-0.830375
-0.839506,0.265453,-0.474093,0.494932,0.0135387,-0.868826,-0.224214,-0.964029,-0.142747
0.916272,0.397961,0.0455155,0.186432,-0.524274,0.830891,0.354525,-0.752837,-0.554571
-0.129212,0.389526,-0.911907,-0.52103,-0.80911,-0.271789,-0.843702,0.440012,0.307501
-0.490352,-0.870678,-0.0383957,0.606826,-0.372713,0.702031,-0.625554,0.320943,0.711111
0.47489,-0.215557,0.853238,-0.768204,-0.574549,0.282411,0.429351,-0.789575,-0.438439
0.405165,0.115252,0.90695,-0.577558,-0.736736,0.351636,0.708709,-0.666286,-0.231935
0.770061,0.223247,-0.597635,0.608828,-0.537057,0.583865,-0.190618,-0.813468,-0.549485
0.0239731,-0.327918,0.944402,-0.828212,0.522562,0.202469,-0.559902,-0.787019,-0.259058
0.107934,-0.389664,-0.91461,-0.422971,0.814568,-0.396957,0.899692,0.429699,-0.076897
0.0845862,0.913341,-0.398313,0.939704,-0.206059,-0.27294,-0.331363,-0.35121,-0.8757
-0.283075,0.724729,-0.6282,0.47894,-0.460663,-0.747266,-0.830954,-0.512403,-0.2167
0.965856,-0.214724,0.144968,-0.253491,-0.667646,0.699994,-0.0535182,-0.712841,-0.69928
-0.215565,-0.546434,0.809285,0.607851,0.573532,0.549162,-0.764231,0.610304,0.208517
0.544316,0.836422,-0.0641775,0.292704,-0.117672,0.948935,0.786158,-0.535306,-0.308874
0.401823,-0.237547,0.88437,-0.80972,-0.543205,0.221997,0.427659,-0.805295,-0.410618
0.340153,0.768496,0.54195,0.745467,0.130933,-0.653556,-0.573214,0.626315,-0.528351
-0.752381,-0.617716,0.228801,0.587406,-0.471954,0.65743,-0.298121,0.629037,0.717939
-0.835057,0.461092,0.300124,-0.52185,-0.491097,-0.697493,-0.174218,-0.739066,0.650715
0.617276,0.691256,-0.375679,0.600137,-0.104944,0.792983,0.508729,-0.714949,-0.479628
-0.554329,-0.600714,-0.576075,-0.061667,-0.660604,0.748198,-0.83001,0.450272,0.329147
-0.770262,-0.629041,-0.104895,-0.627642,0.71862,0.299419,-0.112967,0.296468,-0.948338
0.600806,0.716797,0.353885,-0.334388,0.627451,-0.7032,-0.726097,0.304152,0.616664
0.616055,-0.443302,0.651121,-0.108471,0.77099,0.627541,-0.780199,-0.457228,0.426887
-0.706812,0.700154,0.101,-0.00450718,0.138316,-0.990378,-0.707387,-0.700466,-0.0946077
-0.0102976,-0.374232,-0.927278,-0.439022,0.834863,-0.332059,0.898417,0.403676,-0.172893
-0.357134,-0.169231,0.918594,0.914916,0.134672,0.380515,-0.188104,0.976332,0.106737
-0.746937,0.550011,0.373595,0.469349,0.0381698,0.882187,0.470953,0.834285,-0.286657
-0.50877,0.0634097,0.858564,0.820198,-0.267328,0.505778,0.261589,0.961517,0.0839997
-0.704878,-0.324417,-0.630794,0.0990479,0.835554,-0.540406,0.70238,-0.443399,-0.556831
-0.948662,-0.121324,-0.292097,0.283032,-0.737852,-0.612753,-0.141183,-0.663969,0.734311
0.365464,-0.839347,-0.402409,-0.0318476,0.420786,-0.906601,0.930281,0.344146,0.127051
0.6654,-0.702959,-0.251179,0.509204,0.181381,0.841316,-0.545852,-0.687713,0.478641
0.958652,0.279837,0.0517537,-0.0175096,0.239514,-0.970735,-0.284043,0.929691,0.23451
-0.248639,0.811007,-0.529572,-0.704309,-0.526711,-0.475945,-0.664926,0.254644,0.70216
-0.27349,-0.727395,0.629365,-0.301955,0.68616,0.661822,-0.913251,-0.00903833,-0.407298
-0.666287,-0.567557,-0.483674,-0.68665,0.214009,0.694775,-0.290814,0.795034,-0.532304
0.917859,0.341524,-0.202228,0.394714,-0.838896,0.374772,-0.0416546,-0.42381,-0.904793
-0.88215,-0.302603,-0.360891,0.280762,-0.953115,0.112891,-0.378132,-0.00173754,0.92575
0.999238,0.038855,-0.00367449,0.00814338,-0.299645,-0.954016,-0.0381694,0.953259,-0.299733
0.356274,-0.909172,0.215582,0.399638,-0.0602855,-0.914689,0.844605,0.412035,0.341861
0.858999,-0.497766,0.119791,0.472674,0.860946,0.188021,-0.196724,-0.104887,0.974832
-0.213827,0.319548,-0.923129,-0.774334,-0.631558,-0.039257,-0.595554,0.706416,0.382481
-0.67993,-0.553863,0.480553,0.683311,-0.716347,0.141184,0.266046,0.424362,0.865527
0.36069,0.678615,0.639831,0.686003,0.271754,-0.674944,-0.631904,0.682371,-0.367513
0.655238,0.754714,0.0327092,0.455864,-0.429563,0.779528,0.602371,-0.495865,-0.625513
0.502452,-0.837185,0.216016,0.518278,0.491617,0.699786,-0.692048,-0.239652,0.680909
-0.622748,0.0807373,-0.778245,0.766459,-0.136946,-0.627524,-0.157242,-0.987283,0.0234012
-0.752526,0.604219,-0.26196,0.654765,0.643798,-0.395987,-0.0706138,-0.469513,-0.880097
-0.875277,0.0840592,0.47626,0.469005,0.387816,0.793494,-0.118001,0.917896,-0.378871
-0.288326,0.129445,-0.948742,-0.917198,0.247206,0.312468,0.274982,0.960278,0.0474513
-0.040242,-0.760482,0.648111,-0.388635,-0.585649,-0.711321,0.920512,-0.280504,-0.271982
-0.837789,-0.532403,-0.121062,0.456985,-0.56242,-0.689093,0.298787,-0.632638,0.714489
0.839866,-0.356393,0.4094,0.542091,0.512383,-0.666033,0.0276003,0.781311,0.623531
0.96436,-0.106886,-0.242042,0.20038,0.892417,0.404276,0.172791,-0.438368,0.88203
-0.166699,-0.371773,0.913234,0.795243,-0.598255,-0.0983853,0.582924,0.709842,0.395378
-0.814143,-0.292539,-0.501589,-0.475655,-0.15947,0.865056,-0.333051,0.942863,-0.00931655
-0.497062,-0.624918,-0.602003,0.668445,-0.718136,0.193549,-0.553272,-0.3062,0.774682
-0.251873,-0.488111,-0.835648,-0.799795,0.591154,-0.104233,0.544874,0.642094,-0.539285
0.408787,-0.843024,-0.349576,-0.890588,-0.284813,-0.35459,0.199364,0.45628,-0.867216
0.373032,-0.586904,-0.718604,0.647031,-0.390546,0.654847,-0.66498,-0.709237,0.234058
-0.0132238,0.528381,-0.848904,-0.950535,0.256849,0.174677,0.310336,0.809223,0.498848
-0.954139,0.0327858,-0.297562,0.0745501,0.988693,-0.130111,0.289932,-0.146328,-0.945795
-0.577218,0.266841,0.771761,0.260268,0.955931,-0.135858,-0.774003,0.122445,-0.62123
0.182377,0.722307,-0.667092,-0.868773,0.436081,0.234661,0.460403,0.536755,0.707052
0.124935,0.836561,-0.533439,-0.904652,-0.124733,-0.407488,-0.407426,0.533486,0.741213
-0.367274,0.267766,-0.890736,0.614312,-0.649231,-0.448464,-0.698377,-0.7119,0.0739537
0.972937,-0.167119,-0.159578,-0.227701,-0.810922,-0.539034,-0.0393226,0.560782,-0.827029
0.103408,0.894126,-0.435713,-0.0978011,0.445079,0.890134,0.989819,-0.0494338,0.133471
0.890998,-0.293787,0.346137,0.406942,0.854828,-0.321973,-0.201296,0.427735,0.881205
0.0866539,-0.72175,0.686708,0.0782348,0.692102,0.717548,-0.993162,-0.00845388,0.116439
-0.885421,0.311922,0.344577,0.131008,0.878791,-0.458873,-0.445944,-0.361153,-0.818964
-0.956172,0.17726,0.233053,0.219508,-0.0928036,0.971187,0.193781,0.979779,0.0498261
-0.925485,0.311695,-0.215231,0.168371,-0.170475,-0.97087,-0.339307,-0.934764,0.105292
-0.741065,-0.433203,-0.512989,-0.639499,0.688209,0.342651,0.204606,0.581983,-0.78704
-0.45963,0.692914,0.555527,0.301746,-0.466463,0.831481,0.835278,0.549802,0.00531625
-0.921395,-0.365247,0.132764,0.380611,-0.779071,0.498181,-0.0785266,0.509553,0.856849
0.942201,0.325082,0.0811074,0.244345,-0.501062,-0.8302,-0.229244,0.802034,-0.551534
0.805607,-0.22896,-0.54642,0.410417,0.880827,0.236011,0.427264,-0.414392,0.80357
-0.710147,-0.674421,0.202107,-0.704053,0.680295,-0.203735,-8.93033e-05,-0.286976,-0.957938
-0.91617,0.400643,0.0108125,-0.308435,-0.722028,0.619309,0.255929,0.564058,0.785073
-0.682917,0.616429,0.39197,0.672403,0.740147,0.0075183,-0.285481,0.268696,-0.919947
0.128248,-0.643907,0.754278,0.968371,0.245446,0.0448813,-0.214034,0.724665,0.655019
-0.070066,-0.77365,0.629728,-0.997542,0.0540922,-0.0445356,0.000391605,-0.6313,-0.775538
-0.151577,-0.974858,0.163329,0.389759,-0.210797,-0.896467,0.908357,-0.0722249,0.411911
-0.881212,-0.420177,-0.216604,0.23832,0.000838667,-0.971186,0.408252,-0.907442,0.0993977
0.625119,0.758842,0.182715,0.359352,-0.0720002,-0.93042,-0.692887,0.647282,-0.3177
0.166994,0.917102,-0.36199,-0.0956939,0.380488,0.919821,0.981303,-0.118964,0.1513
0.951651,-0.307059,0.0087177,-0.215001,-0.686072,-0.69504,0.219399,0.65956,-0.718919
0.483547,-0.623069,-0.614791,-0.771943,0.0275709,-0.635093,0.412657,0.781681,-0.467642
-0.56178,-0.787991,-0.251941,-0.793705,0.599262,-0.104489,0.233315,0.141266,-0.962085
-0.971293,-0.0514366,0.23226,-0.0748351,0.992842,-0.0930778,-0.22581,-0.107787,-0.96819
0.963437,0.266817,0.0244554,0.259806,-0.952618,0.158178,0.0655012,-0.146041,-0.987108
-0.0764641,-0.961842,0.262705,-0.997071,0.0733558,-0.0216346,0.00153811,-0.26359,-0.964634
0.871708,0.398024,0.285835,0.00820184,-0.595077,0.803627,0.489956,-0.698184,-0.521998
-0.953868,0.0522995,-0.295637,-0.297565,-0.0338509,0.954101,0.0398914,0.998058,0.0478518
0.683607,-0.211877,0.69842,0.690689,0.49705,-0.525252,-0.235861,0.841457,0.486128
-0.205767,0.382633,-0.900695,0.676098,-0.609828,-0.413524,-0.707497,-0.694048,-0.133215
0.357692,-0.108516,0.927513,0.0680539,0.993613,0.0900052,-0.931357,0.0309268,0.362792
-0.887669,0.190855,-0.419069,0.282163,0.944638,-0.167463,0.363907,-0.266897,-0.892378
-0.41471,0.291684,0.861938,0.724476,-0.467309,0.506711,0.550591,0.834591,-0.0175202
-0.967188,-0.142859,-0.210094,0.222178,-0.0745085,-0.972155,0.123227,-0.986935,0.103804
-0.702749,-0.629094,-0.332242,-0.475789,0.0683799,0.876898,-0.528932,0.774316,-0.34737
-0.0314196,0.521525,0.852657,0.654128,-0.634287,0.412064,0.755731,0.570694,-0.321215
-0.97318,0.198282,-0.116638,0.222841,0.686671,-0.691972,-0.0571132,-0.699405,-0.71244
-0.0135197,0.936344,-0.350823,-0.735387,-0.247041,-0.631012,-0.677512,0.24946,0.691915
-0.0337236,-0.913711,0.404963,0.983439,0.0418588,0.176342,-0.178077,0.404203,0.897167
0.372976,-0.601695,0.706294,-0.638069,0.386317,0.666053,-0.673615,-0.699086,-0.239836
-0.419351,0.464398,-0.780051,0.792362,-0.232126,-0.564164,-0.443066,-0.854665,-0.270629
0.60447,-0.307184,0.73502,0.695827,0.652826,-0.299405,-0.387868,0.692428,0.60836
0.201611,-0.395118,0.896234,0.824764,0.562041,0.062251,-0.528316,0.72663,0.439193
0.984267,-0.139805,0.108038,-0.145477,-0.988269,0.0464953,0.100271,-0.0614809,-0.993059
-0.106359,-0.668489,0.736078,0.665752,0.501976,0.552081,-0.738554,0.548764,0.391658
-0.582106,0.49321,0.646449,0.255915,-0.643497,0.721401,0.771791,0.585367,0.248364
0.704285,0.612122,0.359569,-0.702439,0.527542,0.477785,0.102775,-0.589072,0.801518
-0.140603,0.653072,0.744129,0.692622,0.601944,-0.397414,-0.707464,0.459522,-0.536967
0.936025,0.0532622,0.347879,-0.203357,-0.7249,0.658153,0.287232,-0.686792,-0.667694
0.919477,0.350791,-0.177505,0.265203,-0.886734,-0.378642,-0.290224,0.301078,-0.908363
0.406789,-0.913098,0.0278384,-0.0871297,-0.0691153,-0.993797,0.909358,0.40184,-0.107673
-0.454117,0.657324,0.601418,0.325868,-0.50572,0.798785,0.829209,0.558725,0.0154554
0.0668888,-0.0543553,-0.996279,0.722469,-0.686042,0.0859349,-0.68816,-0.725529,-0.0066185
0.859544,0.108551,-0.499401,0.50899,-0.0939204,0.855633,0.0459759,-0.989644,-0.13598
0.00228135,-0.765251,-0.643728,-0.447083,0.57503,-0.685169,0.894489,0.289363,-0.340819
0.743805,-0.18054,-0.643552,-0.567082,-0.680101,-0.464629,-0.353796,0.710541,-0.608244
-0.925678,-0.374337,0.0547018,-0.317343,0.847048,0.426383,-0.205946,0.377334,-0.902887
-0.632779,-0.761447,-0.140674,-0.521054,0.553103,-0.650061,0.572795,-0.338046,-0.746747
-0.953679,0.151508,-0.259888,-0.234867,-0.914819,0.328548,-0.187973,0.374368,0.908028
0.495546,-0.174155,0.850943,-0.693419,-0.669306,0.266831,0.523072,-0.722287,-0.452434
-0.493329,0.591728,-0.637561,-0.446286,0.456954,0.769429,0.746629,0.664116,0.0386517
0.693076,-0.635625,-0.340039,0.0572091,-0.421723,0.904918,-0.718591,-0.646631,-0.255922
-0.316615,0.730351,-0.605262,-0.948527,-0.248592,0.19621,-0.00716102,0.63623,0.771466
0.611641,-0.37564,0.696269,0.662447,-0.237958,-0.71031,0.432503,0.895696,0.103297
-0.719208,0.679664,-0.14421,-0.64021,-0.567632,0.517615,0.269946,0.464597,0.843373
-0.288006,-0.231895,0.929127,-0.405399,0.908533,0.101092,-0.867585,-0.347552,-0.355673
-0.737502,-0.521109,0.429576,-0.369809,0.843859,0.388773,-0.565094,0.12786,-0.815058
0.680254,-0.619885,-0.391148,0.0975572,-0.452325,0.886501,-0.726455,-0.641206,-0.247222
-0.0727439,-0.995626,-0.0586349,-0.960514,0.0541054,0.272922,-0.268556,0.076173,-0.960248
-0.213893,-0.933962,0.286294,0.970697,-0.170349,0.169495,-0.109532,0.314159,0.943031
-0.847982,-0.0674444,0.525716,-0.485007,-0.301289,-0.820971,0.213763,-0.951145,0.222777
0.163788,-0.825217,0.540547,-0.549737,0.378628,0.7446,-0.819123,-0.419116,-0.391638
-0.666306,-0.319297,0.673859,0.2408,-0.947404,-0.21081,0.705728,0.0218012,0.708148
-0.494347,-0.869186,-0.0116568,0.834098,-0.478081,0.27517,-0.244747,0.126307,0.961325
0.73473,0.23644,0.63582,-0.677855,0.29203,0.674708,-0.0261507,-0.926722,0.374836
0.549863,0.711947,-0.436787,-0.546571,-0.0887324,-0.832699,-0.631594,0.696605,0.340339
0.00144162,-0.166712,0.986005,0.630386,0.765569,0.128519,-0.77628,0.621379,0.106197
0.709115,-0.606205,-0.3601,-0.140377,-0.621866,0.770439,-0.690978,-0.49578,-0.526072
-0.746504,0.514832,-0.42152,-0.575773,-0.817329,0.0214231,-0.333491,0.258692,0.906566
-0.688336,0.705842,-0.167275,-0.457106,-0.601119,-0.655523,-0.563247,-0.374757,0.736416
0.151416,0.971114,-0.184421,0.942075,-0.198264,-0.270528,-0.299277,-0.132777,-0.944883
0.154026,-0.803766,0.574662,0.864312,0.391432,0.315826,-0.478791,0.448042,0.754995
-0.931264,0.0966013,0.351307,0.051442,-0.919691,0.389259,0.360696,0.380575,0.851505
-0.433893,-0.851603,-0.294123,0.190233,-0.405688,0.893996,-0.880652,0.331946,0.338029
0.175389,-0.474814,0.862433,0.440849,-0.745398,-0.500034,0.880279,0.467903,0.0785863
0.80922,-0.266955,-0.523353,0.0151825,0.900009,-0.435606,0.58731,0.344555,0.732358
-0.26235,0.644317,0.718351,-0.951102,-0.29842,-0.0796895,0.163025,-0.704132,0.691101
0.0748796,-0.994406,-0.0745007,0.0575124,-0.0702796,0.995868,-0.995533,-0.0788549,0.0519281
-0.570111,0.800537,0.184699,0.806405,0.502272,0.312143,0.157113,0.326898,-0.931908
0.0730612,0.443429,0.893327,0.683532,-0.674528,0.278919,0.726255,0.590239,-0.35238
0.0149019,-0.411397,0.911334,0.839529,-0.489917,-0.234888,0.543111,0.768592,0.338079
-0.464105,-0.883557,-0.0627246,0.129301,-0.137632,0.982007,-0.876292,0.447644,0.178121
0.272787,-0.961274,-0.0392306,-0.0742259,-0.0616841,0.995332,-0.959207,-0.268602,-0.0881781
0.561341,0.588828,-0.58153,0.826396,-0.36118,0.431993,0.0443326,-0.72307,-0.689351
0.37276,-0.480899,-0.793591,-0.927859,-0.203604,-0.312448,-0.0113225,0.852808,-0.522101
-0.290751,-0.150459,0.944895,0.880738,-0.427957,0.202864,0.373852,0.891187,0.256944
0.492454,-0.712755,0.499469,0.544698,-0.195197,-0.815599,0.678817,0.673705,0.292111
-0.0965643,-0.553299,0.827367,-0.276725,0.813403,0.511663,-0.956085,-0.179544,-0.231657
0.382893,0.64267,0.663603,0.420519,-0.76086,0.494223,0.82253,0.0898232,-0.561583
0.100342,0.913541,0.394175,0.681546,-0.35174,0.641696,0.724863,0.204259,-0.657915
0.114823,0.859207,-0.498578,0.709721,0.280218,0.646355,0.695063,-0.428068,-0.577621
-0.683269,0.591266,-0.428426,-0.6346,-0.771084,-0.0520807,-0.361146,0.236294,0.902075
0.472616,-0.821197,0.319796,0.501739,-0.0475892,-0.863709,0.724494,0.568657,0.389535
0.137927,0.881955,0.450702,0.388585,-0.466752,0.794446,0.911031,0.0655603,-0.407092
0.0575755,0.824683,0.562657,-0.539275,0.499985,-0.677641,-0.840159,-0.264411,0.473517
0.374149,-0.175859,0.910542,0.264642,0.961275,0.0769131,-0.888806,0.212191,0.4062
-0.490949,0.844944,-0.212225,-0.717767,-0.254244,0.648205,0.49374,0.470563,0.731294
-0.475271,-0.878783,-0.04309,0.505673,-0.232749,-0.830736,0.720008,-0.416615,0.554996
0.0859189,0.852509,-0.515602,-0.455016,-0.426815,-0.78153,-0.886329,0.301755,0.351234
0.172782,-0.168504,-0.970439,-0.613651,0.752257,-0.239878,0.77044,0.636958,0.0265739
-0.574186,-0.555451,0.601485,-0.369418,0.831392,0.415111,-0.730644,0.0161513,-0.682568
-0.0425367,-0.290709,0.955865,0.895877,-0.434607,-0.092311,0.442262,0.852411,0.278927
-0.00420118,-0.987296,-0.158835,0.674111,-0.120116,0.728798,-0.738618,-0.10401,0.666052
0.741664,-0.140318,0.655931,-0.498163,0.539616,0.67871,-0.449187,-0.830136,0.330312
0.125516,-0.939358,0.319142,0.670072,-0.156955,-0.725512,0.731607,0.304912,0.609738
0.99164,0.103009,-0.0777142,0.00229901,0.588067,0.808809,0.129016,-0.802226,0.582914
0.332302,0.393459,0.857185,-0.526349,-0.676786,0.514701,0.782645,-0.622214,-0.0178008
-0.943025,0.327465,-0.0589157,-0.212087,-0.455178,0.864773,0.256365,0.827998,0.498695
-0.142681,0.823828,0.548588,0.981829,0.0477435,0.183664,0.125116,0.564825,-0.815671
0.506933,-0.484873,-0.712683,-0.403352,0.597256,-0.693248,0.761791,0.638892,0.107194
0.0858942,0.143879,0.98586,0.000665968,-0.989526,0.144356,0.996304,-0.0117428,-0.0850903
-0.160917,0.958735,0.234376,0.0939673,-0.22151,0.97062,0.982485,0.178213,-0.0544451
0.633074,0.211146,-0.744738,0.549198,-0.80052,0.239893,-0.545525,-0.560879,-0.62275
-0.425152,0.768636,0.477958,0.869912,0.492849,-0.0187813,-0.249997,0.407797,-0.878182
0.511168,0.857993,0.050551,0.416533,-0.298748,0.858633,0.751803,-0.417849,-0.510093
-0.701689,0.712482,0.00137054,-0.683839,-0.672937,-0.281991,-0.199992,-0.198807,0.959416
-0.74262,-0.341063,-0.57636,0.542483,-0.811003,-0.219057,-0.392717,-0.475342,0.787288
0.221202,0.14716,-0.964061,-0.539022,0.842278,0.0048929,0.812727,0.518568,0.265636
-0.110983,0.851511,-0.512457,-0.122967,-0.523446,-0.843139,-0.986186,-0.0305588,0.162801
0.0410731,0.971981,0.231443,-0.945216,-0.0372805,0.324309,0.32385,-0.232084,0.917201
-0.372075,-0.861881,0.344561,0.902724,-0.249628,0.350392,-0.215984,0.441415,0.870921
-0.145565,0.52701,0.8373,-0.915643,0.248775,-0.315768,-0.374712,-0.812633,0.44634
-0.699791,-0.292758,0.651602,0.250069,0.75405,0.60735,-0.669147,0.587964,-0.454468
0.473992,-0.113815,-0.873142,0.14647,-0.967604,0.205641,-0.868262,-0.225361,-0.441966
-0.334993,0.91074,0.24152,0.918598,0.258644,0.298801,0.209662,0.321956,-0.923248
0.19224,-0.388981,0.900965,-0.95901,-0.269234,0.0883862,0.20819,-0.881026,-0.424795
0.0804994,0.683536,0.725464,-0.726338,-0.45821,0.512324,0.682607,-0.568174,0.459593
-0.310618,0.896909,-0.314753,0.621187,-0.059098,-0.78143,-0.719474,-0.438247,-0.538792
-0.147088,-0.182114,-0.972214,0.947763,0.25531,-0.191213,0.283038,-0.949553,0.135048
0.186564,0.964222,-0.188336,0.202853,0.149764,0.967689,0.961272,-0.218741,-0.167655
-0.263193,-0.353486,-0.897651,-0.926134,0.353167,0.132471,0.270194,0.866211,-0.420326
0.0350525,0.97795,0.205877,0.305015,-0.206643,0.929658,0.951702,0.0302088,-0.305533
0.551287,0.0469402,-0.832994,0.232007,-0.967661,0.0990165,-0.801409,-0.247847,-0.544349
-0.00858806,0.610503,-0.791967,-0.861227,-0.406982,-0.304391,-0.508148,0.679449,0.529277
0.426574,-0.265942,-0.864471,-0.381479,0.813714,-0.438569,0.820066,0.51686,0.245658
0.792855,0.252772,-0.554516,0.432154,0.408355,0.804045,0.429679,-0.877127,0.21453
-0.669385,-0.363098,0.648139,0.581323,0.287231,0.76129,-0.462588,0.886374,0.0188093
0.616931,-0.243221,0.748491,0.174698,0.969643,0.171092,-0.767383,0.0252081,0.640693
0.304455,-0.908735,-0.285496,-0.335178,-0.382763,0.8609,-0.891607,-0.166413,-0.421122
-0.671969,-0.716734,0.186413,-0.731724,0.681366,-0.0179043,-0.114183,-0.148434,-0.982308
-0.256795,-0.933989,-0.248436,0.129752,0.221411,-0.96651,0.957716,-0.28043,0.0643297
0.350929,-0.105008,-0.930496,-0.282299,-0.959325,0.00179482,-0.892836,0.262048,-0.366299
0.641582,0.359061,-0.677826,-0.687071,0.661897,-0.29971,0.341036,0.658003,0.671361
0.786783,0.234498,-0.57095,0.614598,-0.382974,0.689638,-0.0569409,-0.8935,-0.445439
0.329987,0.688474,0.645842,-0.241895,0.722993,-0.647123,-0.912467,0.0573168,0.405117
-0.574641,-0.588132,-0.569112,-0.622411,-0.137472,0.770523,-0.531406,0.796996,-0.287063
-0.59853,0.0249762,-0.800711,0.314095,0.926801,-0.205876,0.736958,-0.374722,-0.562563
0.443447,-0.453267,0.773243,-0.710902,-0.703276,-0.00455782,0.545869,-0.547678,-0.634094
-0.946995,-0.308076,0.0910517,0.292871,-0.711464,0.638784,-0.132014,0.631592,0.763979
-0.18854,0.865592,0.4639,-0.919931,0.00968833,-0.391961,-0.343772,-0.500656,0.794458
0.795859,0.304898,0.523112,-0.06928,-0.812429,0.57893,0.601505,-0.496987,-0.625456
-0.361671,-0.496555,0.789067,0.861509,0.145513,0.486445,-0.356366,0.855722,0.375158
-0.368696,0.903378,-0.219022,0.770837,0.165455,-0.615171,-0.519494,-0.395641,-0.75736
-0.643789,-0.0989155,0.758782,0.569588,-0.72412,0.38887,0.510984,0.682544,0.522522
-0.196836,0.952694,-0.231581,-0.749542,-0.298485,-0.590841,-0.632014,0.0572807,0.772837
-0.896245,-0.173425,-0.408251,0.414263,0.00167938,-0.910156,0.158529,-0.984846,0.0703384
0.0905606,0.987771,0.126912,-0.994809,0.0837849,0.057757,0.0464173,-0.131484,0.990231
0.986902,0.110416,0.117614,-0.105964,0.993419,-0.0434768,-0.121641,0.0304444,0.992107
0.274189,-0.46196,0.843453,0.864246,0.50304,-0.00543245,-0.421781,0.730441,0.537175
0.960134,-0.272903,0.0605582,0.246032,0.722128,-0.646528,0.132709,0.635653,0.760483
0.497283,0.106495,-0.861027,-0.401027,0.908268,-0.119274,0.769342,0.404608,0.494374
0.664423,-0.747111,-0.0191408,0.226003,0.22527,-0.947722,0.712365,0.625362,0.318524
0.444916,0.870452,-0.210623,-0.875045,0.37246,-0.309144,-0.190646,0.321847,0.927399
0.939311,0.331027,-0.0900862,-0.312383,0.716741,-0.623458,-0.141813,0.613762,0.77665
0.380648,-0.482453,-0.788889,-0.860361,-0.497473,-0.1109,-0.338947,0.720943,-0.604446
-0.12956,0.647615,-0.750872,0.102951,-0.744377,-0.659776,-0.986213,-0.162783,0.0297687
0.806753,-0.0543975,-0.58838,0.57313,-0.170253,0.801583,-0.143778,-0.983898,-0.106175
0.737062,-0.00852618,0.675772,0.675802,0.0010431,-0.737082,0.0055796,0.999963,0.00653084
0.501146,-0.813806,0.294232,-0.146632,0.255236,0.955695,-0.852849,-0.522087,0.00858096
0.783371,0.377013,-0.494157,-0.610503,0.317455,-0.725609,-0.116691,0.870105,0.478853
0.454182,0.866949,0.205226,0.433562,-0.416322,0.799187,0.778295,-0.273998,-0.564962
-0.144388,0.45024,-0.881156,0.384895,-0.794807,-0.469188,-0.911596,-0.406898,-0.0585345
0.496092,-0.867359,-0.0397721,0.564195,0.287201,0.77408,-0.659982,-0.406454,0.631838
0.970348,-0.0646095,0.232919,0.067819,-0.852134,-0.518911,0.232004,0.51932,-0.822484
0.446288,-0.497294,-0.743994,-0.338762,0.675627,-0.654804,0.828292,0.544268,0.13306
0.153845,-0.89315,-0.422629,0.976984,0.201461,-0.0701116,0.147764,-0.402115,0.903587
-0.418002,0.429412,0.800549,-0.767289,0.304901,-0.564183,-0.486356,-0.850083,0.202034
0.504069,-0.843871,-0.183839,0.489873,0.104051,0.865562,-0.711294,-0.526361,0.465838
0.0626268,0.869275,-0.490345,-0.104853,-0.48286,-0.869398,-0.992514,0.105862,0.060906
0.415615,-0.898302,-0.142536,0.727785,0.23446,0.644483,-0.545521,-0.371593,0.751216
0.346222,0.0701653,0.935525,-0.504977,0.854352,0.122806,-0.790651,-0.514936,0.331227
-0.583831,0.583233,0.564783,0.722844,0.690148,0.0345288,-0.369646,0.428409,-0.824517
-0.772608,0.492575,-0.400558,-0.621338,-0.457007,0.636462,0.130447,0.740617,0.659143
-0.98924,0.132844,-0.0612906,0.142988,0.966559,-0.212881,0.030961,-0.219354,-0.975154
-0.730129,0.554184,0.399739,0.445489,-0.0575209,0.893437,0.518122,0.830404,-0.204885
0.673334,-0.349629,-0.651445,0.568946,0.80772,0.154561,0.472146,-0.474708,0.742785
0.965093,-0.257496,0.0478577,0.226268,0.91176,0.342777,-0.131898,-0.319983,0.938197
-0.133912,0.436096,-0.889881,-0.627101,-0.732601,-0.264651,-0.767341,0.522605,0.37158
0.552956,-0.816033,-0.168312,-0.791112,-0.577593,0.201317,-0.261497,0.0218346,-0.964957
0.85217,0.31252,-0.419688,-0.514874,0.357735,-0.779057,-0.0933336,0.879976,0.465759
0.214795,0.975717,0.0428932,-0.423023,0.05336,0.904546,0.880292,-0.212437,0.424212
-0.655121,0.0627637,-0.752912,0.532301,-0.668862,-0.518921,-0.536164,-0.740733,0.404776
0.211305,-0.215895,-0.953278,-0.367583,-0.921256,0.127164,-0.905667,0.323538,-0.274025
-0.382933,-0.159205,-0.909954,0.837806,-0.474818,-0.269497,-0.389158,-0.865564,0.315206
