0.768892,0.639311,0.00935783,-0.0485261,0.0437557,0.997863,0.637535,-0.767703,0.0646666
0.755842,0.324437,-0.56872,0.498762,0.277438,0.821136,0.424192,-0.904306,0.047882
0.29843,0.953261,0.0472494,-0.557165,0.133806,0.81955,0.774923,-0.270904,0.571056
-0.998713,0.0423594,-0.0279065,0.0316426,0.95023,0.309937,0.0396463,0.308655,-0.950347
0.247296,0.525611,-0.813988,-0.374143,-0.723127,-0.580607,-0.893791,0.44813,0.0178273
-0.185147,-0.930876,0.314946,0.187173,-0.348024,-0.918611,0.964721,-0.111129,0.23867
-0.425938,0.331672,0.841766,0.554678,-0.639301,0.532567,0.714779,0.69375,0.0883318
-0.693091,0.58584,-0.42002,0.608738,0.163597,-0.776321,-0.386086,-0.793743,-0.47001
0.099354,-0.35078,0.931173,-0.791735,-0.59471,-0.139556,0.602731,-0.723376,-0.336811
0.860067,0.496917,-0.115577,0.481022,-0.714338,0.508271,0.170007,-0.492742,-0.853407
0.794106,-0.0127918,0.607644,0.362748,0.812156,-0.456964,-0.487656,0.5833,0.649578
-0.677864,-0.260591,-0.687454,-0.661896,-0.190671,0.72494,-0.31999,0.946434,-0.0432356
-0.510623,-0.411536,0.754919,-0.149881,0.907173,0.393158,-0.846641,0.0876074,-0.524904
0.695128,0.647841,0.311606,-0.699227,0.709976,0.0837615,-0.166969,-0.276109,0.946512
-0.0117388,0.751877,0.659199,0.323661,0.626612,-0.708944,-0.9461,0.205035,-0.250709
-0.316315,0.0922521,0.944158,0.692549,-0.657717,0.296284,0.648321,0.747595,0.144156
0.121028,-0.474344,0.871981,-0.285086,0.824821,0.488259,-0.95083,-0.307682,-0.0354027
-0.569154,0.482567,0.665727,-0.259428,-0.873696,0.411524,0.780231,0.0615125,0.622459
0.318974,0.602804,0.731357,-0.80373,0.58099,-0.128328,-0.502268,-0.546881,0.669812
0.0997399,-0.0629842,-0.993018,0.90694,0.416263,0.0646917,0.409282,-0.90706,0.0986409
0.203701,-0.356985,0.911629,0.946376,-0.166695,-0.276741,0.250757,0.919116,0.303886
0.484306,0.560861,0.671478,0.801158,0.0240978,-0.597967,-0.351557,0.827559,-0.437668
-0.972321,-0.107479,-0.207463,-0.230722,0.581809,0.779914,0.0368798,0.806193,-0.590502
-0.774205,-0.0486105,0.631066,-0.366126,0.847699,-0.383873,-0.516294,-0.528246,-0.67409
0.0627823,-0.411583,-0.909207,-0.998025,-0.027892,-0.0562891,-0.00219199,0.910945,-0.412522
-0.535931,-0.467029,-0.703322,-0.100793,0.862497,-0.495923,0.838224,-0.194891,-0.509312
0.703596,-0.214777,0.677365,-0.530624,-0.792821,0.299788,0.472642,-0.570356,-0.671791
-0.217725,0.820184,0.52905,0.960943,0.275017,-0.0308903,-0.170833,0.501662,-0.848028
0.38353,-0.851359,-0.3579,-0.851737,-0.176268,-0.49343,0.357,0.494082,-0.792738
0.0319836,0.262761,0.964331,-0.79571,0.59055,-0.134522,-0.604833,-0.763025,0.227969
-0.788961,-0.605552,0.104146,0.275166,-0.196659,0.941068,-0.549385,0.771124,0.321784
0.810519,-0.390428,-0.436605,-0.0432003,0.703547,-0.709335,0.584117,0.593791,0.553372
-0.633051,-0.167147,-0.75585,0.718611,0.236156,-0.654085,0.287827,-0.957231,-0.029385
-0.854054,-0.238893,-0.462085,-0.395138,-0.279801,0.874973,-0.338317,0.929861,0.14457
0.868577,-0.226859,0.440579,-0.341398,-0.918356,0.200174,0.359197,-0.324279,-0.875112
0.050046,0.406285,-0.912375,0.281049,0.870876,0.403221,0.958388,-0.276602,-0.0706021
-0.00515418,-0.990499,0.137423,-0.204475,0.135566,0.969439,-0.978858,-0.023103,-0.203231
-0.0936314,0.287212,-0.95328,0.815025,-0.527804,-0.239074,-0.57181,-0.799332,-0.184666
-0.556162,-0.0100554,0.831013,0.330449,-0.92016,0.210021,0.762553,0.391413,0.515081
-0.83086,0.505639,-0.232381,-0.136473,-0.589984,-0.795798,-0.539488,-0.629483,0.5592
0.666905,-0.609495,0.428665,0.3851,-0.210574,-0.89853,0.637915,0.764314,0.0942836
0.501743,0.853763,-0.139078,-0.625968,0.469328,0.622812,0.597007,-0.225433,0.769911
0.0977014,-0.480777,-0.871383,-0.850177,-0.495477,0.178051,-0.517353,0.723433,-0.457155
0.734906,-0.521598,-0.433416,0.63027,0.761235,0.152582,0.250345,-0.385302,0.888183
-0.45964,0.886858,-0.0470459,-0.683023,-0.319145,0.656982,0.567636,0.334109,0.752437
-0.288317,0.935592,0.203816,0.0527493,0.228051,-0.972219,-0.956081,-0.269556,-0.115103
-0.612509,0.196909,0.765545,0.608691,0.735373,0.297863,-0.504309,0.648424,-0.570279
-0.520708,0.728446,0.445229,-0.0812301,-0.561414,0.823538,0.849861,0.392657,0.351505
0.935232,-0.244929,0.255639,-0.165792,0.335014,0.927512,-0.312817,-0.909822,0.272709
0.170134,0.93107,0.322744,-0.920895,0.0336562,0.388354,0.350722,-0.363286,0.863144
0.499422,-0.619178,-0.605967,-0.683686,-0.711271,0.163301,-0.532119,0.332735,-0.778548
0.571898,-0.592897,0.566927,0.328387,0.798777,0.504101,-0.751728,-0.102123,0.651519
-0.284918,-0.00955751,0.958504,-0.10309,0.994456,-0.0207277,-0.952992,-0.104718,-0.284324
0.0830912,-0.893146,-0.442025,0.930265,-0.0895408,0.355794,-0.357355,-0.440764,0.823422
0.191338,-0.95976,0.205551,0.263054,0.251902,0.931315,-0.945617,-0.124125,0.300667
0.68527,-0.283923,0.670666,0.463358,0.880429,-0.100723,-0.561876,0.379781,0.734889
-0.993423,0.0298793,-0.110534,-0.105292,-0.617693,0.779339,-0.0449899,0.785851,0.616777
0.18919,0.866333,0.46225,-0.396248,-0.363364,0.843181,0.89844,-0.342687,0.274537
-0.847594,0.0409504,-0.529063,0.529174,0.139437,-0.836978,0.0394966,-0.989384,-0.139856
0.301704,0.636537,-0.709786,0.782011,0.260642,0.566148,0.545374,-0.72587,-0.419142
0.851041,0.311045,-0.423059,0.0182621,0.787657,0.615844,0.524781,-0.531834,0.664648
0.871159,-0.490915,0.00913742,0.219905,0.373461,-0.901204,0.439002,0.787102,0.433299
0.786937,0.603955,-0.126368,-0.180326,0.420964,0.888972,0.590095,-0.676778,0.440181
-0.149404,0.335677,-0.930053,0.988199,0.0828202,-0.128853,0.0337741,-0.938329,-0.34409
0.927164,-0.2311,0.294888,-0.0287477,-0.828656,-0.55902,0.37355,0.509826,-0.774944
0.409652,0.911827,-0.0275084,0.671582,-0.281036,0.685563,0.617384,-0.299317,-0.727493
-0.323402,0.945789,0.029897,-0.682196,-0.254932,0.685287,0.655758,0.201228,0.72766
-0.391043,0.0669488,0.917934,0.0315433,-0.99579,0.0860647,0.919832,0.0626096,0.387285
-0.824393,-0.494525,0.275357,-0.442766,0.866487,0.230559,-0.35261,0.068153,-0.933285
-0.251769,0.430688,-0.866672,-0.124946,-0.90249,-0.41219,-0.959688,0.00451013,0.281032
0.552359,-0.380448,0.741727,-0.83026,-0.171437,0.530356,-0.074613,-0.908773,-0.410566
0.0539036,0.121586,-0.991116,-0.89844,-0.427258,-0.101278,-0.435776,0.895917,0.0862072
-0.475936,0.542527,0.692206,0.830233,0.0174727,0.557143,0.290171,0.839857,-0.45874
0.747208,-0.46734,-0.472519,0.63,0.271699,0.727516,-0.211615,-0.841293,0.497439
-0.944133,-0.177911,-0.277417,0.293279,-0.837541,-0.460991,-0.150333,-0.516597,0.842928
-0.870603,0.091992,-0.48331,-0.484772,-0.328011,0.810805,-0.0839433,0.940184,0.330162
0.408622,0.6602,0.630209,-0.15411,-0.630664,0.760601,0.899599,-0.40792,-0.155959
-0.184177,0.740765,0.646023,0.387305,-0.549391,0.740381,0.903368,0.38657,-0.185717
0.0869894,0.399469,-0.91261,0.989199,-0.143126,0.0316403,-0.117979,-0.905505,-0.407605
0.044696,-0.611134,-0.790264,0.773198,-0.479749,0.414735,-0.632587,-0.629568,0.451085
0.429829,-0.106702,0.896583,-0.57562,0.732655,0.36315,-0.695635,-0.672184,0.253497
0.900759,-0.107213,0.420878,0.112711,-0.878149,-0.464919,0.419439,0.466218,-0.778917
-0.655427,-0.748671,0.099534,-0.753956,0.656326,-0.0280458,-0.0443297,-0.0934263,-0.994639
0.901862,0.0109149,-0.431886,0.399073,0.361878,0.842487,0.165486,-0.932162,0.322008
0.282558,0.956666,-0.0703611,-0.954523,0.287681,0.0782682,0.0951182,0.045046,0.994446
-0.369489,0.890669,-0.264927,-0.405368,0.102048,0.90844,0.836154,0.443052,0.323343
-0.512155,0.110661,0.851734,0.812068,-0.260569,0.522158,0.279718,0.959092,0.0435877
0.0432693,-0.244458,0.968694,-0.971246,0.216916,0.0981238,-0.234112,-0.945086,-0.228043
0.238654,-0.971097,-0.00376048,0.760927,0.184594,0.622025,-0.603353,-0.15131,0.782988
-0.0438225,-0.296959,-0.953884,-0.344341,-0.891804,0.293452,-0.937821,0.341321,-0.0631741
-0.117948,0.165879,0.979067,0.975884,0.201734,0.0833854,-0.183679,0.965291,-0.185673
0.489172,0.852186,-0.185716,0.0214135,0.201132,0.97933,0.871925,-0.483037,0.08014
0.167945,0.0149642,0.985683,-0.197432,0.980137,0.0187594,-0.965823,-0.197756,0.167564
-0.430563,0.325945,-0.841651,0.240507,0.940231,0.241086,0.869926,-0.0986204,-0.48322
-0.548228,0.766465,0.334631,-0.568315,-0.634963,0.523297,0.613567,0.0967104,0.783698
-0.398759,0.0362562,0.916339,-0.842825,-0.40831,-0.350613,0.361438,-0.912123,0.193375
-0.359686,-0.0527019,0.931584,0.927876,0.0850311,0.363065,-0.0983478,0.994984,0.0183163
0.372451,0.927634,0.027836,0.0231979,0.0206789,-0.999517,-0.927762,0.372917,-0.0138173
-0.492026,0.274202,0.826271,0.735908,0.638085,0.226465,-0.465135,0.719486,-0.515742
0.451302,-0.403291,0.796043,0.465676,0.867393,0.175432,-0.761231,0.291525,0.579258
-0.936142,0.234237,-0.262243,-0.347532,-0.502925,0.791384,0.0534831,0.831985,0.552214
0.0563881,0.360396,0.931094,0.164053,0.916557,-0.364705,-0.984839,0.173314,-0.007441
-0.0326766,-0.186874,-0.98184,-0.238778,-0.952459,0.189228,-0.970524,0.240625,-0.0134983
-0.747414,0.544541,0.380589,0.585749,0.81044,-0.00925162,-0.313482,0.216015,-0.924698
-0.433839,-0.796121,0.421871,0.621264,-0.603446,-0.499885,0.652545,0.0452239,0.756399
0.0316596,-0.99758,-0.0618938,0.873005,0.0577526,-0.484279,0.486682,-0.0387016,0.872722
0.345702,0.717675,0.604511,-0.769017,0.585843,-0.255735,-0.537683,-0.376471,0.754431
-0.760294,0.442533,-0.475518,0.642783,0.618154,-0.452456,0.0937166,-0.649654,-0.754431
-0.876193,0.0772891,0.475723,-0.0574299,0.963282,-0.262277,-0.478526,-0.257126,-0.839583
0.901266,0.387191,-0.194429,0.432943,-0.822173,0.369584,-0.0167547,-0.41727,-0.908628
0.658701,0.747341,-0.0871492,-0.318449,0.381854,0.867628,0.681692,-0.543754,0.489518
-0.660627,0.713324,0.233967,-0.583092,-0.291265,-0.758399,-0.472837,-0.637443,0.608351
0.811649,-0.536812,0.230344,-0.00700076,-0.403237,-0.915069,0.584103,0.741102,-0.331045
-0.240375,0.920238,0.308838,0.402296,-0.195109,0.894478,0.88339,0.339255,-0.323309
-0.7331,0.371896,-0.569437,-0.481465,0.30758,0.820723,0.480371,0.875836,-0.0464323
-0.559611,0.459261,-0.689865,-0.0431224,-0.84742,-0.529169,-0.827632,-0.266381,0.49403
-0.992984,-0.0922291,-0.0739986,1.17775e-06,-0.625813,0.779973,-0.118246,0.774501,0.621422
0.663105,-0.314217,-0.679382,-0.0347096,-0.919557,0.391422,-0.747721,-0.235972,-0.620669
0.121774,0.601153,0.789802,0.631853,-0.660615,0.405402,0.765463,0.449671,-0.460286
-0.80127,0.37779,-0.46394,-0.437357,-0.898986,0.0233068,-0.408271,0.221582,0.88556
-0.268336,0.676124,0.686186,-0.230748,-0.736686,0.635648,0.935281,0.0122311,0.353694
-0.460581,-0.615056,0.639977,0.728544,-0.673819,-0.123259,0.507039,0.409481,0.758444
0.950083,-0.17636,-0.25737,-0.0210288,-0.859233,0.511152,-0.311288,-0.480225,-0.820051
-0.966585,0.0791231,0.24383,0.0763336,-0.819186,0.568426,0.244718,0.568044,0.785773
0.0946249,0.0538039,0.994058,-0.873925,0.4827,0.0570629,-0.476761,-0.874132,0.092696
-0.32819,-0.831728,0.447795,0.89592,-0.42431,-0.131486,0.299364,0.358036,0.884416
0.412565,-0.016294,0.910783,0.501138,0.838999,-0.211995,-0.760691,0.54389,0.354307
0.487476,-0.487308,0.724499,-0.859847,-0.123707,0.495338,-0.151757,-0.864423,-0.479315
-0.323907,-0.718978,0.614942,-0.576908,0.665257,0.473931,-0.749841,-0.201255,-0.630266
-0.313086,-0.295953,0.902435,0.90717,-0.374438,0.191932,0.281103,0.878754,0.385711
0.307206,-0.415726,0.856035,0.717554,-0.489673,-0.495315,0.625092,0.766415,0.147876
0.360122,-0.152357,0.92038,-0.509471,0.794346,0.330837,-0.781506,-0.588049,0.20844
-0.543048,0.480211,-0.688836,-0.00796603,0.817352,0.576084,0.839664,0.318329,-0.440036
-0.477858,0.755525,-0.448145,0.666011,0.644258,0.375981,0.572784,-0.118804,-0.811051
0.240245,-0.812526,0.531115,-0.969465,-0.173107,0.173701,-0.0491969,-0.556628,-0.829304
-0.756412,-0.65098,0.0637666,-0.450128,0.588792,0.671349,-0.47458,0.479113,-0.738393
-0.858276,-0.376175,-0.349076,-0.0600718,0.749178,-0.659639,0.50966,-0.545183,-0.665599
0.752566,0.639344,-0.157746,0.621398,-0.610183,0.491469,0.217964,-0.467885,-0.85649
0.0548712,-0.998049,-0.0297994,0.932928,0.0618816,-0.354704,0.355856,-0.00833768,0.934504
-0.783814,-0.467035,0.409286,0.378253,-0.881768,-0.2818,0.492505,-0.0660651,0.867799
-0.617609,-0.765475,0.180572,-0.741978,0.643234,0.188994,-0.26082,-0.0172563,-0.965233
-0.32278,0.931144,-0.169657,-0.867582,-0.362729,-0.340188,-0.378304,0.0373852,0.924926
0.170371,-0.813893,-0.555474,0.28462,-0.499042,0.818504,-0.94338,-0.297548,0.146627
-0.0581743,-0.723727,0.68763,-0.893749,-0.269125,-0.358865,0.444779,-0.635445,-0.631174
0.763557,0.372382,-0.527554,0.136758,-0.891696,-0.43148,-0.631093,0.257312,-0.731787
0.0401475,0.999176,-0.00596085,-0.797871,0.0284666,-0.602155,-0.601489,0.028931,0.798357
-0.601325,0.127525,0.788762,-0.168209,0.944853,-0.280997,-0.781098,-0.301647,-0.546713
0.822126,-0.258168,-0.507404,0.359872,0.92628,0.111793,0.441137,-0.274508,0.854426
0.498622,-0.858134,-0.122401,-0.587246,-0.230553,-0.775878,0.637588,0.45875,-0.618895
0.951763,-0.128611,0.278578,0.187757,-0.473971,-0.86029,0.24268,0.871097,-0.426961
0.591002,-0.74747,0.303322,-0.694187,-0.279743,0.66321,-0.410877,-0.602521,-0.684214
-0.0128965,0.0734301,0.997217,0.33843,0.938761,-0.064749,-0.940903,0.336653,-0.0369576
0.765844,-0.596912,0.23912,-0.585189,-0.492846,0.643938,-0.266525,-0.633087,-0.72675
0.258905,0.751334,0.607013,0.545597,-0.63234,0.549973,0.797052,0.188794,-0.573642
-0.218906,0.315816,0.923223,-0.887274,0.329252,-0.323013,-0.405985,-0.889862,0.20814
0.831422,0.492492,-0.257273,-0.524971,0.544545,-0.654122,-0.182053,0.678912,0.711291
0.236847,0.953059,-0.188633,-0.785548,0.302106,0.540042,0.571679,0.0202731,0.820227
0.987539,-0.157333,-0.0037097,-0.0210651,-0.108786,-0.993842,0.155961,0.981535,-0.110745
0.765655,-0.0540787,0.640974,-0.484144,0.60764,0.629586,-0.423528,-0.79237,0.439061
0.506086,-0.677601,-0.533605,0.756104,0.646217,-0.103492,0.414951,-0.351085,0.839378
-0.434268,-0.195663,0.879276,0.443052,-0.896287,0.0193717,0.784293,0.397978,0.475918
-0.516559,0.168272,-0.839554,-0.60696,-0.763557,0.220409,-0.603959,0.62343,0.496557
0.274689,0.15058,0.949669,0.611598,0.734753,-0.293405,-0.741953,0.661411,0.109734
0.667665,-0.281986,0.68899,0.558376,-0.422427,-0.713983,0.492381,0.861417,-0.124586
-0.576236,0.244399,-0.779886,0.728586,-0.278726,-0.625679,-0.37029,-0.928752,-0.0174542
0.951177,-0.23185,0.203734,-0.0105477,0.635287,0.772204,-0.308465,-0.736652,0.601825
-0.114664,0.517426,0.848011,-0.173992,0.829986,-0.529953,-0.978049,-0.208314,-0.00514169
-0.0748461,0.750058,-0.657123,-0.703952,0.426994,0.567562,0.706292,0.505063,0.496046
0.312826,-0.335245,0.888679,0.906065,-0.175351,-0.385096,0.284933,0.925669,0.248899
0.695849,0.701355,-0.154581,0.645507,-0.516419,0.562701,0.314825,-0.491338,-0.812079
-0.499965,0.779981,-0.376385,0.649406,0.625178,0.432926,0.572981,-0.0279786,-0.819091
-0.834157,0.526482,-0.164314,-0.276044,-0.14062,0.950803,0.477475,0.838476,0.262631
-0.724182,-0.647386,-0.237596,0.410304,-0.127576,-0.902981,0.554266,-0.751409,0.358013
0.529387,0.311126,0.789272,-0.529699,0.847925,0.021037,-0.662698,-0.429213,0.613683
-0.467745,0.559318,0.684381,0.880983,0.23257,0.412044,0.0712971,0.79566,-0.601534
0.541993,0.820792,-0.180399,-0.839704,0.537561,-0.0769824,0.0337889,0.193206,0.980576
0.0641406,0.975631,0.209835,0.851934,-0.163035,0.497622,0.519706,0.146847,-0.84163
0.610343,-0.277189,0.742056,0.790574,0.271969,-0.548657,-0.0497345,0.92152,0.385133
0.805694,0.406788,0.430559,-0.572868,0.350328,0.741008,0.150596,-0.843679,0.515293
-0.925644,0.306294,-0.222187,0.232962,-0.00141479,-0.972485,-0.29818,-0.951936,-0.0700454
-0.870648,-0.363646,-0.331261,-0.489073,0.712106,0.503699,0.0527245,0.600555,-0.797843
-0.290335,0.953457,0.0814017,-0.603637,-0.248488,0.757547,0.742515,0.170805,0.647686
0.726346,-0.518684,-0.450986,-0.316323,-0.834786,0.450634,-0.610214,-0.184659,-0.770416
-0.661577,0.436652,0.609632,0.44679,0.882446,-0.147196,-0.602241,0.174996,-0.778898
0.831674,-0.503073,0.235023,-0.547778,-0.812614,0.198993,0.090875,-0.294238,-0.951402
0.990761,0.0517388,0.125364,0.128982,-0.0737972,-0.988897,-0.0419128,0.99593,-0.0797888
0.278806,-0.732662,-0.620865,-0.720067,0.268282,-0.639944,0.63543,0.625485,-0.452767
-0.160777,0.206508,0.965145,0.579472,0.81134,-0.0770689,-0.798976,0.546884,-0.25011
0.733642,-0.162027,-0.659937,-0.574153,-0.667266,-0.474451,-0.36348,0.726982,-0.582563
-0.162142,0.491946,-0.855394,0.287989,-0.805533,-0.51786,-0.943808,-0.33031,-0.0110644
-0.672437,0.20143,-0.712218,0.197687,0.976177,0.0894381,0.713266,-0.0806545,-0.696238
0.825768,-0.552605,-0.112854,0.519383,0.667042,0.534131,-0.219885,-0.499682,0.837835
0.0268143,0.291079,-0.956323,-0.215113,0.935935,0.278842,0.976221,0.198241,0.0877113
0.303984,0.190168,0.933504,0.463486,0.826572,-0.319312,-0.832331,0.529731,0.163124
-0.109792,-0.7364,-0.667578,0.0177322,0.670081,-0.742076,0.993796,-0.0933116,-0.0605115
0.0532483,-0.742067,0.668207,0.495051,0.600755,0.627709,-0.867231,0.297372,0.39935
0.701914,0.59892,-0.385501,0.491892,-0.799047,-0.345783,-0.51513,0.053085,-0.855467
-0.416214,-0.727614,0.545292,-0.821938,0.557523,0.11656,-0.388823,-0.399682,-0.830103
-0.143433,-0.988352,0.0508587,-0.0355542,-0.0462108,-0.998299,0.989021,-0.144997,-0.0285119
-0.995066,-0.0314873,-0.0940848,0.0815588,-0.799582,-0.594993,-0.0564938,-0.599731,0.798205
0.987399,-0.0696403,0.1421,-0.151353,-0.153424,0.976501,-0.0462022,-0.985704,-0.162031
-0.543074,-0.691951,-0.475683,-0.486651,0.721028,-0.493244,0.684282,-0.0363764,-0.72831
0.835243,-0.484263,0.260496,-0.0208536,0.445495,0.895041,-0.549486,-0.753009,0.361998
-0.571083,0.693189,-0.439719,-0.162389,-0.620472,-0.767232,-0.80467,-0.366747,0.466907
-0.518549,0.613176,0.595922,0.794591,0.602982,0.0709828,-0.315805,0.510322,-0.799899
-0.593247,0.789135,-0.159133,-0.799585,-0.554683,0.230196,0.093387,0.263804,0.960045
-0.777184,-0.590169,0.218371,-0.00200366,0.34934,0.936994,-0.62927,0.727779,-0.272684
-0.529942,-0.780776,0.330984,-0.47129,-0.0533197,-0.880365,0.705016,-0.622532,-0.339716
-0.16019,0.144677,0.976426,0.0921696,-0.982686,0.160726,0.982774,0.115744,0.144082
0.711615,-0.0358125,0.701656,-0.109752,0.980773,0.161368,-0.693944,-0.19184,0.694002
0.390578,0.0201184,-0.92035,-0.757286,0.575466,-0.308797,0.523418,0.817578,0.24
-0.363984,-0.91886,0.152358,0.92076,-0.379637,-0.0898659,0.140415,0.107575,0.984231
-0.713435,-0.468015,-0.521509,0.0467874,-0.774402,0.630962,-0.699157,0.42575,0.574383
0.774006,-0.631636,-0.0441521,-0.458753,-0.607483,0.648467,-0.436417,-0.481663,-0.759961
0.336798,-0.779474,-0.528193,-0.93418,-0.206445,-0.291013,0.117795,0.59144,-0.797699
0.536436,0.327483,-0.777812,-0.0343082,0.929343,0.36762,0.843243,-0.170519,0.509768
0.412924,-0.254806,-0.874395,-0.643796,0.597433,-0.478123,0.644221,0.76036,0.082651
-0.514835,-0.706117,-0.486152,0.674745,0.0160564,-0.737877,0.528833,-0.707913,0.468182
-0.318112,0.782972,-0.534565,-0.281192,-0.616406,-0.735509,-0.905392,-0.0836587,0.416252
-0.079182,-0.851525,0.5183,0.444792,0.435127,0.782831,-0.892127,0.292522,0.344298
0.982368,-0.176944,0.0603592,-0.0961478,-0.755045,-0.648585,0.160337,0.631346,-0.758745
-0.17917,-0.607312,0.773997,-0.97265,-0.00885981,-0.232107,0.147819,-0.794414,-0.589114
-0.33538,0.604936,0.7222,-0.858471,-0.511973,0.0301806,0.388004,-0.609866,0.691026
-0.422668,-0.559767,-0.71275,-0.224062,-0.697496,0.680658,-0.87815,0.447393,0.169387
0.961314,-0.2408,0.133755,-0.244861,-0.969449,0.0145361,0.126168,-0.0467251,-0.990908
0.130438,0.347092,-0.928716,-0.676673,-0.653465,-0.33926,-0.724638,0.672689,0.149631
-0.90115,-0.420753,0.10438,0.42995,-0.898241,0.0911336,0.0554136,0.127003,0.990353
0.731204,0.58961,-0.343075,0.467311,-0.0665702,0.881583,0.496952,-0.80494,-0.324208
0.00391141,0.904177,0.42714,-0.417349,-0.386688,0.82237,0.908738,-0.181483,0.375845
0.0113997,-0.217803,-0.975926,0.332787,-0.919526,0.209104,-0.942933,-0.32716,0.0619999
0.675107,-0.158536,0.720484,0.624897,0.641963,-0.444283,-0.392089,0.750167,0.532462
0.244407,-0.9678,-0.0602324,0.595776,0.198885,-0.778136,0.765059,0.154297,0.625201
-0.661353,-0.232863,-0.713013,0.618195,-0.707568,-0.34232,-0.424791,-0.667175,0.611907
-0.586087,-0.34858,-0.731433,0.505174,0.548581,-0.666227,0.633483,-0.759968,-0.145423
0.209002,-0.24588,-0.946499,-0.933651,0.237728,-0.267921,0.290886,0.939696,-0.179881
0.372266,0.794366,-0.480001,-0.611367,0.598994,0.517143,0.698318,0.100942,0.708635
-0.400079,-0.420582,-0.814277,0.283984,-0.901644,0.326177,-0.871372,-0.100745,0.480168
0.191638,-0.143724,0.970885,0.289392,-0.936966,-0.195824,0.937831,0.318493,-0.137965
-0.0969611,0.992652,0.0723972,0.478303,0.110263,-0.871245,-0.872826,-0.0498491,-0.48548
-0.728682,-0.490588,0.477855,0.0728021,-0.749284,-0.658235,0.680971,-0.444855,0.581706
0.979985,0.189962,-0.0595308,-0.10637,0.752448,0.650006,0.168271,-0.630663,0.757594
0.608198,-0.456023,-0.649721,-0.737566,-0.627211,-0.250205,-0.293413,0.631387,-0.717816
-0.518759,0.612076,-0.596869,0.247182,-0.560956,-0.790082,-0.818407,-0.557397,0.139707
-0.554761,-0.764371,0.328599,0.71958,-0.639052,-0.271694,0.417667,0.0857284,0.904547
0.312716,-0.149375,-0.938028,-0.946322,-0.133993,-0.294144,-0.0817519,0.97966,-0.183259
-0.23091,-0.966141,0.115115,-0.892167,0.257453,0.371156,-0.388226,-0.0169984,-0.921408
0.969958,-0.151671,-0.190203,0.215436,0.172371,0.961184,-0.112998,-0.973285,0.199868
-0.187241,0.747423,-0.637416,-0.476951,0.498098,0.724166,0.858754,0.43961,0.26322
0.0279838,-0.854397,0.518867,0.852863,0.291149,0.433426,-0.521385,0.430393,0.736831
-0.642007,0.755313,0.131642,0.760439,0.605413,0.234963,0.0977727,0.250953,-0.963049
-0.264916,-0.92016,-0.288315,0.577321,0.0881336,-0.811747,0.772347,-0.381495,0.50788
0.0399636,0.644548,-0.763519,0.957121,0.194725,0.21448,0.286919,-0.739351,-0.609128
0.316177,-0.474355,-0.821596,0.590372,-0.579529,0.56179,-0.742626,-0.662672,0.0968119
0.382533,0.171233,-0.907936,-0.851475,0.446827,-0.274475,0.358691,0.87808,0.316727
0.248687,0.967509,-0.0456184,0.763322,-0.166775,0.624119,0.596233,-0.190032,-0.779996
0.096274,-0.843299,-0.528752,0.938297,0.254164,-0.23452,0.33216,-0.473548,0.815734
-0.0926009,-0.257468,0.96184,0.994342,0.0265875,0.102847,-0.0520527,0.965921,0.253549
0.771479,0.623946,-0.124546,0.216846,-0.441876,-0.870473,-0.598162,0.644545,-0.476198
0.688658,0.116148,0.715723,0.135262,-0.990338,0.0305656,0.712358,0.0757612,-0.697715
-0.612833,-0.746738,0.258493,0.780143,-0.623793,0.0475341,0.125751,0.230792,0.964843
-0.646945,-0.760315,-0.0581615,-0.359471,0.236825,0.902604,-0.67249,0.604843,-0.426524
0.424995,-0.703117,-0.570092,0.512859,0.705998,-0.488407,0.745892,-0.0848066,0.660646
0.0552002,-0.894199,0.444254,-0.138386,-0.447489,-0.883517,0.988839,-0.012708,-0.148446
0.506706,0.580876,-0.637049,-0.665397,0.733352,0.139433,0.548175,0.353239,0.758107
-0.668855,0.504041,0.54642,0.250085,-0.539632,0.8039,0.700064,0.674344,0.234883
-0.15763,-0.900722,-0.404787,-0.980512,0.09409,0.17246,-0.117252,0.424084,-0.898001
-0.354914,0.921186,-0.159536,0.899805,0.290266,-0.325724,-0.253744,-0.259155,-0.931908
0.807114,-0.444621,-0.388431,0.10635,-0.537665,0.836425,-0.580737,-0.7164,-0.386672
-0.413899,-0.798154,-0.437765,-0.575658,-0.143046,0.805081,-0.705199,0.585225,-0.400257
0.20477,-0.440512,-0.874081,-0.732726,-0.66108,0.161511,-0.648985,0.60739,-0.458144
0.732003,0.659561,-0.170736,0.650089,-0.751163,-0.114625,-0.203852,-0.0270878,-0.978627
-0.296402,0.0613554,0.953091,-0.552486,0.802995,-0.223511,-0.779041,-0.592819,-0.204111
0.157232,0.748674,0.644023,-0.318683,-0.578782,0.750634,0.934729,-0.323263,0.147587
0.831228,-0.553779,0.0488789,-0.409894,-0.669894,-0.619055,0.375564,0.49454,-0.783825
0.998341,0.0196777,-0.054118,-0.0406088,0.906905,-0.419373,0.0408276,0.420875,0.906199
0.0545087,0.51567,-0.855051,-0.15566,-0.841467,-0.517401,-0.986306,0.1613,0.034402
-0.300308,0.630962,-0.715334,-0.805916,-0.568993,-0.163546,-0.510211,0.527385,0.679375
-0.644882,0.435649,0.627963,-0.549113,0.307395,-0.777163,-0.531603,-0.846001,0.0409866
-0.212591,0.695834,0.686018,0.705726,0.59492,-0.384735,-0.675837,0.40235,-0.617543
-0.0724355,-0.903439,0.422553,0.455085,-0.406931,-0.792026,0.887497,0.134927,0.440618
-0.914273,0.404577,0.0205576,0.290099,0.689305,-0.663853,-0.28275,-0.600979,-0.747581
-0.375309,-0.719902,-0.583853,-0.886779,0.0955592,0.452207,-0.269752,0.687466,-0.674258
0.897566,-0.431931,0.0883796,-0.437241,-0.846384,0.304063,-0.0565312,-0.31156,-0.948543
0.288294,0.599845,-0.746372,0.414278,-0.780875,-0.467556,-0.863285,-0.174412,-0.473624
0.191225,0.52655,0.828359,-0.393515,-0.732013,0.55615,0.89921,-0.432321,0.0672263
-0.666554,0.598002,0.445083,-0.685713,-0.726053,-0.0514157,0.292407,-0.339471,0.894012
0.859296,-0.306572,0.409419,0.312854,-0.31822,-0.894907,0.404639,0.897078,-0.177533
0.592056,-0.359511,-0.721264,-0.52969,0.500914,-0.68448,0.60737,0.787297,0.10614
-0.60559,0.348159,0.715573,0.380765,-0.662823,0.644735,0.698769,0.662911,0.268833
-0.489524,0.817483,-0.303462,-0.671173,-0.131064,0.729623,0.556681,0.560843,0.612831
-0.905821,-0.42231,0.0338061,-0.365745,0.819771,0.440688,-0.21382,0.38682,-0.897023
-0.68646,0.478479,0.547567,0.202933,-0.597042,0.776118,0.698277,0.643894,0.312746
0.198744,0.850619,-0.486773,-0.00169191,-0.496383,-0.868102,-0.98005,0.173354,-0.0972139
-0.0118846,0.849594,-0.527303,-0.848918,-0.287234,-0.443661,-0.528391,0.442364,0.72465
0.572217,0.198813,-0.795639,0.0584903,0.957806,0.281401,0.818014,-0.20756,0.536444
-0.921384,-0.0667742,-0.382874,-0.254683,-0.640405,0.724581,-0.293578,0.765129,0.573053
-0.973871,-0.18911,-0.12575,0.220684,-0.918748,-0.327416,-0.0536146,-0.346612,0.936475
0.862981,0.463708,0.200594,-0.0204508,-0.364644,0.930922,0.504822,-0.807471,-0.305198
-0.976674,-0.14729,0.156252,0.0481875,0.558768,0.827923,-0.209253,0.816139,-0.538637
0.760905,-0.364219,0.537,0.362605,0.924996,0.113581,-0.538091,0.108295,0.835901
0.702825,0.273691,0.656605,-0.710867,0.235782,0.662627,0.0265389,-0.93247,0.360272
0.500791,-0.224369,0.835983,-0.717339,0.432909,0.545906,-0.484389,-0.873068,0.0558479
-0.788673,0.272742,0.551006,-0.546248,-0.722143,-0.424409,0.282151,-0.635705,0.718519
0.546932,-0.735247,-0.400347,-0.640945,-0.0601099,-0.76523,0.538568,0.675129,-0.504128
0.823629,0.479156,0.303391,-0.521601,0.429991,0.736913,0.222641,-0.765191,0.604081
-0.0179495,0.872766,0.487809,0.0680274,-0.485691,0.871479,0.997522,0.048827,-0.0506541
-0.950283,-0.196811,0.241303,0.310223,-0.531435,0.788251,-0.0268998,0.823919,0.566069
-0.529797,-0.717473,0.452269,-0.1451,-0.448719,-0.881815,0.83562,-0.532807,0.133625
-0.615525,0.235185,0.752208,-0.455446,0.672782,-0.583038,-0.643194,-0.701465,-0.307
0.656293,0.606867,-0.448321,0.582644,-0.0301091,0.81217,0.47938,-0.794233,-0.373347
-0.652232,0.0662892,0.755116,-0.131163,0.971273,-0.198557,-0.746585,-0.228549,-0.6248
0.817897,-0.0564146,-0.572592,-0.160741,-0.97796,-0.133252,-0.552455,0.201025,-0.808939
-0.0763447,0.631748,-0.771405,0.905289,0.368162,0.211915,0.417879,-0.682166,-0.600022
0.188262,0.404341,0.895023,0.266513,0.856089,-0.442812,-0.945266,0.3219,0.0534073
-0.309587,0.220297,-0.925,0.89099,0.406968,-0.201281,0.332103,-0.88648,-0.322275
0.337535,0.781346,-0.524946,0.843179,-0.00304404,0.537624,0.418473,-0.62409,-0.659842
-0.948338,-0.00383494,-0.317239,-0.0496038,-0.985837,0.1602,-0.31336,0.16766,0.934717
0.0599026,0.714916,-0.69664,0.99123,-0.124956,-0.043,-0.11779,-0.687955,-0.716131
0.630828,0.77571,0.0181691,0.382944,-0.331615,0.862198,0.674841,-0.53694,-0.506246
0.311119,-0.950321,0.00972856,0.793561,0.254139,-0.552879,0.52294,0.179732,0.833205
-0.97491,0.0437217,-0.218261,-0.117791,-0.933318,0.339179,-0.188878,0.356379,0.915052
-0.296348,0.955062,0.00576645,0.152334,0.0413058,0.987466,0.942853,0.293512,-0.157729
0.313165,0.914248,-0.257055,-0.931431,0.242843,-0.271041,-0.185374,0.32431,0.92761
0.355379,-0.908098,0.221504,-0.909695,-0.281543,0.305268,-0.21485,-0.309986,-0.926147
-0.277814,-0.372792,-0.885351,-0.519252,-0.717116,0.464889,-0.808206,0.588873,0.0056518
-0.693337,0.490122,0.528264,0.292438,0.86137,-0.415357,-0.658607,-0.133498,-0.74055
0.693181,0.154325,0.704048,0.437337,0.686388,-0.581041,-0.572919,0.710672,0.4083
-0.0196484,-0.776189,0.630194,-0.77726,0.408324,0.478685,-0.628873,-0.480419,-0.611323
0.630039,-0.776563,-0.000627946,0.695146,0.564344,-0.445295,0.346154,0.280117,0.895384
0.0466606,0.655242,0.753976,0.906757,-0.344438,0.243218,0.419065,0.672324,-0.610217
-0.305129,-0.65822,0.688217,0.948684,-0.273112,0.159402,0.0830386,0.701539,0.707777
0.283341,-0.819149,0.498711,0.386756,-0.378257,-0.841036,0.877575,0.431179,0.209635
-0.37597,0.876891,-0.299514,-0.907135,-0.414258,-0.0741327,-0.189082,0.243828,0.951207
-0.33503,0.592352,0.732717,-0.727573,-0.656756,0.198265,0.598659,-0.46668,0.651012
0.199648,-0.107481,0.973955,-0.844925,-0.522251,0.115566,0.496228,-0.845992,-0.195079
-0.149515,-0.819467,-0.55328,0.119381,0.540515,-0.832822,0.981526,-0.190571,0.017014
-0.599778,-0.406349,0.689309,0.722578,0.0950027,0.68473,-0.343726,0.908766,0.236638
0.445847,-0.548717,-0.707199,-0.412784,0.575005,-0.706384,0.794248,0.606859,0.0298624
0.162912,-0.512318,0.843203,0.981988,0.167095,-0.088201,-0.0957083,0.842383,0.530311
0.0911167,-0.659459,0.746198,0.563461,0.651975,0.507385,-0.821102,0.374222,0.430985
-0.482202,-0.84464,-0.232519,0.212982,-0.370476,0.904094,-0.849777,0.386434,0.358537
0.114038,-0.690072,-0.7147,0.949899,0.286463,-0.125025,0.291011,-0.664635,0.688166
-0.354807,0.781863,-0.512643,0.223793,0.6034,0.765392,0.90776,0.156841,-0.389067
0.663278,0.689617,0.290672,0.181298,-0.524904,0.831629,0.726081,-0.498903,-0.473183
0.447942,-0.254001,0.857223,-0.583949,-0.809153,0.0653854,0.677017,-0.529864,-0.510777
0.866049,0.224967,-0.446485,0.374295,0.300308,0.877336,0.331454,-0.926933,0.175878
0.07889,0.0403423,-0.996067,-0.126326,-0.990721,-0.050131,-0.988847,0.129783,-0.0730617
0.430311,-0.526277,0.733393,0.812309,0.580098,-0.0603408,-0.393684,0.621707,0.677122
-0.555227,0.826264,-0.0949217,-0.629322,-0.342761,0.697473,0.543761,0.446992,0.710297
-0.741113,-0.103303,-0.663385,0.568251,-0.622735,-0.537859,-0.357551,-0.775584,0.520218
0.626676,-0.779275,0.0027507,-0.0449655,-0.0396837,-0.9982,0.777982,0.625424,-0.0599093
0.413528,0.790341,0.452057,-0.905315,0.409785,0.111718,-0.0969504,-0.455452,0.884965
-0.370897,0.912529,-0.172416,-0.121775,-0.231845,-0.9651,-0.920655,-0.336957,0.197114
-0.059363,0.459571,-0.886155,0.316292,0.850641,0.419964,0.946803,-0.255353,-0.195855
0.503595,-0.781129,-0.369092,-0.00472496,-0.429704,0.902958,-0.863927,-0.452981,-0.220087
-0.808729,-0.574281,0.127118,-0.557582,0.679737,-0.476508,0.187243,-0.456244,-0.869932
0.935379,-0.344642,0.0793041,0.113484,0.0801282,-0.990303,0.334945,0.935308,0.114062
-0.427382,0.519194,0.740123,0.299087,-0.691364,0.657696,0.853166,0.502448,0.140192
0.478148,-0.0536041,0.876642,0.383026,-0.885489,-0.26306,0.790358,0.461558,-0.402863
-0.0366701,-0.408201,0.912155,0.954575,0.255784,0.152842,-0.295705,0.876326,0.380279
0.923056,0.149008,-0.354631,-0.0309557,0.947709,0.317631,0.383417,-0.282213,0.879402
-0.816758,-0.166314,0.552491,0.338877,-0.913271,0.22605,0.466978,0.371854,0.802282
0.503102,-0.613691,0.608499,-0.397984,-0.789514,-0.4672,0.767135,-0.00712336,-0.641446
0.598837,0.219574,-0.770183,0.180213,0.900074,0.396725,0.780332,-0.37637,0.499427
-0.908879,-0.194808,-0.368766,0.329371,0.207126,-0.921202,0.255839,-0.958722,-0.124088
0.391173,0.888894,-0.238433,-0.367643,-0.0865785,-0.925928,-0.843695,0.449856,0.292929
0.638126,0.657258,0.401008,-0.753611,0.426524,0.500148,0.157687,-0.621361,0.767493
-0.737906,-0.198048,0.645191,0.625802,-0.558747,0.544219,0.252717,0.805344,0.536242
0.993524,0.106776,0.038852,-0.0972823,0.622683,0.776404,0.0587086,-0.775155,0.629037
-0.149079,-0.563683,-0.812426,0.987164,-0.13244,-0.0892533,-0.0572871,-0.815304,0.576192
-0.092623,-0.260898,0.960913,-0.418821,0.885744,0.200119,-0.903333,-0.383915,-0.19131
0.276524,-0.470974,0.837686,-0.843778,0.298226,0.446207,-0.459972,-0.830208,-0.314931
0.687626,0.592412,0.419783,-0.239244,-0.361004,0.901354,0.685516,-0.720225,-0.106504
0.73828,-0.664093,-0.117996,-0.667239,-0.693488,-0.271783,0.09866,0.279383,-0.955097
-0.364454,0.905661,0.216684,0.241277,0.316579,-0.917367,-0.899421,-0.282058,-0.333894
0.11372,-0.218583,-0.969169,0.897213,0.441561,0.00568889,0.426704,-0.870198,0.24633
0.722469,0.331824,0.606574,-0.53033,-0.296932,0.794092,0.44361,-0.895391,-0.0385479
-0.161747,0.98332,0.0831845,0.272047,-0.0365968,0.961588,0.948593,0.178164,-0.26159
-0.974078,-0.224691,0.0261793,-0.184651,0.722925,-0.665795,0.130673,-0.653371,-0.745675
0.0473025,-0.254059,0.966031,0.928338,-0.345807,-0.136402,0.368715,0.903256,0.219495
0.116394,-0.115323,-0.986485,0.424435,0.903752,-0.0555723,0.897946,-0.41223,0.154138
-0.399825,0.434561,0.807029,0.548486,-0.591999,0.590509,0.734372,0.678745,-0.00165434
0.110815,0.965104,0.237265,0.396253,0.176034,-0.901108,-0.91143,0.193873,-0.362918
0.0991635,-0.945536,-0.310045,0.310823,-0.266557,0.912325,-0.945281,-0.186838,0.267462
-0.305595,-0.682822,0.663601,0.947848,-0.151895,0.280199,-0.0905278,0.71462,0.69363
-0.634813,-0.273446,-0.722661,-0.770112,0.147946,0.620515,-0.0627625,0.950442,-0.304502
-0.576423,0.35058,0.738126,0.753715,0.577054,0.314519,-0.315675,0.737633,-0.596864
-0.152644,0.961465,0.228661,-0.954632,-0.0835843,-0.285818,-0.255691,-0.261915,0.930603
0.570189,0.559336,0.601688,0.804408,-0.231453,-0.547135,-0.16677,0.795973,-0.581906
-0.710387,-0.0356482,0.702908,0.422206,0.777475,0.466128,-0.56311,0.627903,-0.537257
0.279731,0.356995,-0.891238,-0.879214,0.468148,-0.0884356,0.38566,0.808327,0.444831
-0.318537,-0.00935737,-0.947864,0.632751,-0.746653,-0.20527,-0.705805,-0.665148,0.243757
0.878331,0.43944,0.188219,-0.425877,0.540408,0.725664,0.217171,-0.717531,0.661805
0.348965,-0.151565,-0.924798,0.89873,-0.22549,0.376084,-0.265534,-0.962384,0.0575283
0.784215,0.105582,-0.61144,-0.591877,-0.168497,-0.78822,-0.186248,0.980031,-0.0696462
0.399508,-0.745814,-0.533061,-0.897558,-0.436523,-0.0619379,-0.1865,0.503198,-0.843807
0.989321,-0.143141,0.0274744,-0.132897,-0.963288,-0.23327,0.0598563,0.227127,-0.972024
-0.346621,0.617562,-0.706025,0.929976,0.324525,-0.172706,0.122466,-0.71645,-0.686805
0.46525,0.317472,0.82629,0.859619,-0.384749,-0.33619,0.211184,0.866706,-0.451909
-0.982955,-0.008105,0.183669,0.13432,0.650474,0.747557,-0.125531,0.759485,-0.638298
-0.621694,0.40946,0.667712,-0.743759,-0.041307,-0.66717,-0.245598,-0.911393,0.33022
0.748996,0.097172,0.65541,0.265185,-0.950468,-0.162133,0.607192,0.295242,-0.737665
0.851962,-0.105403,-0.512885,0.024791,0.98655,-0.161566,0.523017,0.124933,0.843116
0.128732,0.903168,0.40953,0.0945782,0.399903,-0.911665,-0.987159,0.156093,-0.0339399
-0.418748,-0.573979,-0.703703,0.641181,-0.735632,0.218478,-0.643069,-0.359714,0.676069
0.584158,0.809595,0.057579,0.26162,-0.254975,0.930883,0.768319,-0.528719,-0.360752
0.896994,0.135562,-0.420742,-0.430174,0.0486232,-0.901436,-0.101742,0.989575,0.10193
-0.823163,0.532766,0.196375,0.521617,0.846169,-0.10915,-0.224318,0.0125848,-0.974435
0.353728,-0.916931,0.184701,-0.841484,-0.225747,0.490859,-0.408388,-0.329053,-0.851436
-0.621824,-0.782549,-0.0308543,0.554877,-0.468031,0.687792,-0.552672,0.410566,0.725251
-0.949148,0.253254,0.187028,-0.234018,-0.964924,0.118984,0.210601,0.0691652,0.975122
-0.312023,-0.945099,0.0971057,-0.894881,0.326686,0.304078,-0.319107,0.00798129,-0.947685
-0.748891,-0.549537,-0.370367,0.269702,0.257762,-0.927803,0.605329,-0.794712,-0.0448247
0.282434,-0.790041,-0.54412,0.529275,-0.344729,0.775262,-0.800062,-0.506949,0.320785
-0.197583,-0.561792,-0.803337,-0.977664,0.172833,0.119593,0.0716569,0.809023,-0.583392
-0.843102,0.489219,0.223259,-0.428343,-0.861958,0.271204,0.325118,0.133021,0.936271
0.902248,0.409566,-0.134924,0.0661795,-0.4407,-0.895212,-0.426109,0.798774,-0.424725
-0.731009,-0.619248,-0.286632,-0.387896,0.0315215,0.921164,-0.561394,0.784563,-0.263246
-0.974607,0.140634,-0.174249,0.223836,0.63329,-0.740838,0.00616287,-0.761029,-0.648688
-0.932912,0.135245,0.333744,-0.279307,-0.856745,-0.433562,0.227296,-0.497692,0.837042
-0.687467,-0.66209,0.298371,0.321319,-0.645769,-0.69263,0.651262,-0.380288,0.656688
-0.660947,-0.0884273,0.745204,0.733173,-0.287841,0.616121,0.160018,0.953587,0.25508
-0.84087,-0.536364,-0.0724693,0.443109,-0.759104,0.47688,-0.310793,0.368882,0.875976
0.20011,0.0559592,-0.978174,-0.696041,0.710758,-0.101732,0.689552,0.701207,0.18118
-0.99426,0.028094,-0.103237,-0.0431829,0.777454,0.627455,0.0978901,0.628311,-0.771779
0.0714163,0.992026,0.103847,-0.952413,0.0368912,0.302568,0.296325,-0.120513,0.947454
-0.555472,0.789012,0.26251,0.299106,0.48415,-0.822274,-0.775878,-0.378231,-0.50493
0.965442,-0.0407776,0.257407,0.133531,0.925588,-0.354199,-0.22381,0.376331,0.899046
0.422675,-0.633564,0.64803,-0.316626,-0.773217,-0.549439,0.849173,0.0270507,-0.527422
-0.734984,-0.3509,0.58023,-0.626076,0.0225237,-0.779436,0.260435,-0.936142,-0.236245
-0.171054,-0.268269,0.948036,-0.10621,-0.95159,-0.288438,0.97952,-0.150029,0.134281
-0.410686,0.0498651,0.910412,0.909152,0.0981074,0.404744,-0.0691356,0.993926,-0.0856263
0.744612,-0.502974,0.438829,-0.65255,-0.410167,0.637135,-0.140469,-0.760776,-0.633631
0.644085,0.760554,0.0819296,-0.205372,0.275098,-0.939225,-0.73687,0.588114,0.333383
-0.973991,0.0398453,-0.223055,0.226359,0.2151,-0.949997,0.0101262,-0.975779,-0.218525
0.230542,-0.610502,-0.757719,-0.787699,-0.574271,0.223031,-0.571297,0.545436,-0.613285
-0.87723,0.459802,0.138022,0.218631,0.126675,0.967551,0.427398,0.87894,-0.21165
0.473336,0.850166,-0.230589,-0.191001,-0.156489,-0.969036,-0.859925,0.502722,0.0883108
-0.308162,0.834541,0.456704,-0.477312,0.279638,-0.833053,-0.822928,-0.474705,0.312162
0.981814,0.158064,0.105156,-0.0151354,0.617303,-0.78658,-0.189243,0.770683,0.608469
-0.586661,-0.786222,0.194126,0.492901,-0.536855,-0.684715,0.642555,-0.306011,0.702481
0.507038,0.265705,0.819947,-0.385956,0.920587,-0.0596501,-0.770682,-0.286219,0.569323
-0.418187,-0.0414062,-0.907417,0.768466,-0.548769,-0.32911,-0.484335,-0.834948,0.261307
-0.817391,0.507532,0.272548,-0.252395,-0.740786,0.622521,0.517849,0.440053,0.733611
-0.218094,-0.968125,0.123166,-0.661851,0.239471,0.710357,-0.717209,0.0734074,-0.692981
-0.325181,0.766784,0.553444,-0.250292,-0.634168,0.731564,0.911927,0.0993678,0.398139
0.575038,0.0419831,0.817049,-0.803754,-0.157385,0.573768,0.15268,-0.986644,-0.0567583
0.334953,-0.903743,0.266562,0.581706,-0.0242113,-0.813039,0.741232,0.42739,0.517603
0.106547,0.868261,-0.48453,-0.985004,0.0256655,-0.170609,-0.135698,0.495443,0.857976
-0.00370466,0.753264,0.657707,0.909812,-0.270416,0.314829,0.415005,0.599556,-0.684327
-0.16582,-0.951094,0.260621,-0.234873,0.294764,0.926255,-0.957778,0.0923791,-0.272265
0.954286,-0.259397,0.148496,0.0725879,-0.280815,-0.957013,0.289946,0.924043,-0.249149
0.358992,0.732997,0.577789,-0.546649,0.666891,-0.50639,-0.756505,-0.134058,0.640101
-0.869183,-0.32523,0.372487,-0.231097,-0.398786,-0.887448,0.437167,-0.857435,0.271459
-0.412204,0.238639,0.879283,0.891353,-0.0941693,0.44342,0.188619,0.966532,-0.173894
0.271925,-0.485226,0.831031,-0.513709,-0.803426,-0.301015,0.813732,-0.345055,-0.467737
-0.765966,-0.348066,-0.540506,-0.0225896,0.854808,-0.518453,0.642484,-0.384908,-0.662616
-0.591473,-0.127534,0.796175,-0.792412,0.274571,-0.544696,-0.149139,-0.953072,-0.263461
-0.860915,-0.157927,-0.483617,0.460528,-0.645875,-0.6089,-0.216195,-0.74693,0.628773
-0.71987,-0.681333,-0.132563,0.421385,-0.277219,-0.863472,0.551563,-0.677448,0.486666
-0.0699703,0.0351759,0.996929,-0.131744,-0.99095,0.0257183,0.988811,-0.12954,0.0739713
0.349246,0.529829,-0.772857,-0.451754,0.817815,0.356506,0.820941,0.224633,0.524971
-0.169082,-0.791194,0.587727,0.955936,0.0135558,0.293261,-0.239993,0.611415,0.754039
-0.745567,-0.517487,0.419925,-0.453128,0.855682,0.249966,-0.488677,-0.00391306,-0.872456
-0.185352,0.982352,0.0250644,-0.961254,-0.186549,0.202952,0.204046,0.0135244,0.978868
0.386589,-0.919393,0.0725663,-0.853031,-0.326556,0.407061,-0.350552,-0.219267,-0.910514
0.0552388,0.168895,-0.984085,0.670116,-0.736918,-0.0888598,-0.740198,-0.654543,-0.153886
-0.857312,-0.0747249,-0.509346,-0.503206,-0.0871365,0.859762,-0.108628,0.99339,0.037101
