-0.979762,-0.0920728,0.177733,-0.114315,-0.471502,-0.874424,0.164312,-0.877045,0.451435
-0.832288,-0.552066,-0.0502067,-0.380413,0.63468,-0.672657,0.403216,-0.540745,-0.738249
0.975924,0.14278,-0.164879,0.209616,-0.822887,0.528127,-0.0602707,-0.549973,-0.833005
0.0636159,0.992242,0.106808,0.434872,-0.123891,0.891929,0.898242,-0.0102932,-0.43938
-0.192166,-0.936541,0.293195,-0.962971,0.237522,0.127555,-0.1891,-0.257827,-0.947505
0.336048,-0.304444,0.891283,-0.912782,0.127997,0.387874,-0.232168,-0.943891,-0.234878
0.512467,-0.392656,-0.763674,0.630636,0.775697,0.0243536,0.582817,-0.494081,0.645142
-0.598689,0.685858,-0.413728,-0.790494,-0.422614,0.443302,0.129195,0.59245,0.795181
-0.0136578,0.878379,0.477769,-0.554588,-0.404239,0.72734,0.832013,-0.255031,0.49266
-0.968979,0.0864053,0.231546,-0.237563,-0.0673115,-0.969037,-0.0681443,-0.993984,0.0857501
0.826812,-0.531009,0.185501,0.419268,0.361975,-0.832579,0.37496,0.766161,0.521921
-0.941464,0.236546,0.24019,0.196983,0.96421,-0.177473,-0.273574,-0.119771,-0.954365
0.78715,0.426024,-0.44598,0.100274,0.62508,0.774093,0.608556,-0.654048,0.449312
0.182659,-0.560555,0.807722,-0.270754,0.761097,0.589426,-0.94516,-0.326358,-0.0127512
-0.753886,-0.523497,-0.396997,0.23299,0.351962,-0.906553,0.614305,-0.775934,-0.14337
0.00346794,-0.884538,-0.466455,-0.308052,-0.444718,0.841029,-0.951363,0.140776,-0.274026
-0.0413159,0.992948,-0.11112,-0.736965,-0.105382,-0.667666,-0.674667,0.0543061,0.736121
-0.0267192,0.42535,-0.904634,0.0635013,-0.902408,-0.426178,-0.997624,-0.0688326,-0.00289865
-0.230464,-0.743268,-0.628044,-0.559963,-0.426545,0.710282,-0.795819,0.515376,-0.3179
0.566044,-0.717277,-0.406335,0.34228,-0.243918,0.907385,-0.749959,-0.652701,0.107441
0.0871393,0.973526,-0.211316,-0.563626,-0.126728,-0.816251,-0.821421,0.190231,0.537661
-0.872227,-0.0923533,-0.480303,-0.167363,-0.866373,0.470518,-0.459576,0.490783,0.740218
-0.396305,-0.344525,0.851026,-0.543621,-0.658918,-0.519906,0.739877,-0.668677,0.0738419
0.545265,-0.520136,-0.657377,0.352717,-0.569051,0.742813,-0.760445,-0.636898,-0.126823
0.105843,0.533067,-0.839427,-0.971373,-0.125123,-0.201938,-0.212678,0.83677,0.504563
-0.021347,-0.916174,-0.400212,-0.161677,0.398198,-0.902939,0.986613,0.04543,-0.156624
-0.491873,-0.0684024,-0.867976,-0.409271,-0.861739,0.29984,-0.768478,0.50272,0.395871
0.484567,-0.711346,-0.5091,-0.570707,-0.698151,0.432295,-0.66294,0.0810709,-0.74427
0.404488,0.489059,-0.772795,-0.361329,0.861717,0.35621,0.840137,0.135151,0.525265
-0.130804,-0.9821,-0.135536,-0.0910195,0.148029,-0.984786,0.987221,-0.116477,-0.108753
0.0944318,0.472544,-0.876233,-0.925446,0.36607,0.0976825,0.366922,0.801683,0.471883
0.145444,-0.28237,-0.948216,-0.586191,-0.796665,0.147325,-0.79701,0.534408,-0.281393
0.113635,-0.329897,-0.937153,0.00107196,-0.943221,0.332163,-0.993522,-0.0387499,-0.106829
0.844763,-0.497738,-0.196551,-0.52165,-0.683962,-0.509977,0.119401,0.533341,-0.837431
-0.0144832,-0.356879,-0.934038,0.207838,-0.914808,0.346309,-0.978056,-0.189113,0.0874223
0.531242,-0.843903,0.0748981,0.638826,0.340934,-0.689686,0.556492,0.414237,0.720225
-0.751455,0.645621,-0.135972,0.215923,0.0459065,-0.975331,-0.623452,-0.762277,-0.173901
0.598153,-0.790047,0.134313,-0.741068,-0.6091,-0.282516,0.305011,0.0694528,-0.949813
-0.155303,-0.512238,-0.844685,0.106006,-0.858764,0.501285,-0.982163,-0.0116912,0.187669
0.318681,-0.88603,-0.336739,0.658923,0.462464,-0.593252,0.681368,-0.0328268,0.731204
-0.744589,-0.138441,-0.653009,-0.667091,0.189506,0.72047,0.0240067,0.972071,-0.233456
-0.57237,-0.801994,-0.170877,0.618093,-0.558905,0.552798,-0.538845,0.210787,0.815607
-0.634903,0.452084,-0.626513,-0.451387,0.441066,0.7757,0.627015,0.775294,-0.0759688
0.586125,-0.522935,0.618867,0.793358,0.215402,-0.569373,0.16444,0.824707,0.541127
0.248401,0.303123,0.920007,0.956837,-0.224705,-0.18431,0.150862,0.92608,-0.345856
-0.0511003,0.944172,-0.325465,-0.143866,0.315532,0.937946,0.988277,0.0947528,0.119711
-0.532933,0.831251,0.158127,-0.502755,-0.461384,0.731001,0.680602,0.310075,0.663803
-0.301497,0.934008,-0.191646,0.942452,0.322396,0.0885738,0.144515,-0.153912,-0.977459
0.127192,-0.183473,-0.974761,0.431553,0.895087,-0.112165,0.893076,-0.406395,0.193026
-0.466509,0.837942,0.283236,-0.842818,-0.323951,-0.429782,-0.268378,-0.439214,0.857359
-0.889403,0.421871,-0.17603,0.104258,-0.187726,-0.976672,-0.445076,-0.887008,0.122981
0.00946663,0.813834,0.58102,0.585945,0.466325,-0.662729,-0.810296,0.346719,-0.472447
0.560713,0.750874,-0.348984,-0.798172,0.378028,-0.469058,-0.220278,0.541556,0.811292
0.453426,0.837517,0.304911,0.883324,-0.467906,-0.0283459,0.118929,0.282188,-0.951959
0.856368,-0.515718,0.0258399,-0.468914,-0.755745,0.457132,-0.216223,-0.40359,-0.889024
-0.351183,-0.440801,0.826054,0.471201,-0.845588,-0.250901,0.809098,0.301125,0.504662
0.779623,0.527259,0.337914,0.235943,0.252526,-0.938382,-0.580103,0.811313,0.0724722
0.30313,0.95266,0.0234889,0.748383,-0.253245,0.613016,0.589944,-0.168245,-0.789721
0.590228,0.600378,-0.539608,-0.517364,-0.231779,-0.823779,-0.619649,0.765392,0.173812
-0.352388,-0.359425,-0.864081,0.546096,-0.828786,0.122036,-0.760001,-0.428867,0.488335
0.937343,0.219892,-0.27025,0.260126,-0.957711,0.122978,-0.231779,-0.185572,-0.954904
-0.49395,-0.473397,0.72932,-0.680754,0.732372,0.0143206,-0.540913,-0.489414,-0.684022
0.0996481,-0.859525,-0.501286,-0.0352293,0.50043,-0.86506,0.994399,0.103862,0.0195864
0.695759,0.250824,0.673058,0.609262,0.290202,-0.737958,-0.38042,0.92351,0.0490932
0.961129,-0.0582399,-0.269888,0.213434,-0.463375,0.860075,-0.17515,-0.884246,-0.432933
0.544557,0.336905,-0.768084,0.832687,-0.107488,0.543211,0.100451,-0.935383,-0.33907
-0.0751705,0.328883,0.941374,-0.354455,0.873578,-0.333501,-0.932047,-0.358745,0.0509071
-0.80846,0.321556,-0.492945,0.581691,0.309052,-0.752411,-0.0895966,-0.895036,-0.436902
-0.756813,-0.235949,-0.60956,-0.459804,-0.47063,0.753052,-0.464559,0.850197,0.247689
-0.200948,0.698385,-0.686934,0.892567,0.419492,0.165383,0.403665,-0.579901,-0.707651
0.701284,0.406671,-0.585508,-0.695076,0.207642,-0.688298,-0.158335,0.889665,0.428283
0.734606,0.678422,-0.00992392,-0.279735,0.316163,0.906526,0.618144,-0.663163,0.422033
-0.451064,-0.8288,-0.331106,-0.806441,0.537425,-0.246632,0.382353,0.155771,-0.910792
0.62544,0.272884,0.730999,0.163301,-0.961882,0.219353,0.762993,-0.0178196,-0.646161
0.70672,-0.303139,-0.63926,0.491204,0.860523,0.134977,0.509182,-0.409398,0.757052
-0.120477,-0.862496,0.491514,-0.121358,-0.478611,-0.8696,0.98527,-0.164416,-0.0470089
-0.343338,0.0450201,-0.938132,-0.938487,-0.0556791,0.340796,-0.0368917,0.997433,0.0613675
0.135521,-0.738771,-0.660191,0.963014,0.25485,-0.0875004,0.232892,-0.623914,0.745984
-0.0303777,-0.0479658,-0.998387,-0.0199079,-0.998621,0.0485828,-0.99934,0.0213516,0.0293809
0.670372,0.670401,0.318064,0.741757,-0.593911,-0.311555,-0.0199655,0.444784,-0.895415
-0.107004,0.169298,-0.979739,0.994232,0.0254657,-0.104187,0.00731114,-0.985236,-0.171046
0.36576,-0.791373,0.489846,-0.832526,-0.0429023,0.552322,-0.416077,-0.609827,-0.67453
0.235398,0.515859,-0.823697,-0.529217,-0.642817,-0.553819,-0.815179,0.566283,0.121684
0.245152,0.124456,-0.961463,-0.900132,-0.339129,-0.273412,-0.360088,0.932471,0.0288888
-0.898726,-0.133008,0.417853,-0.182781,0.979791,-0.0812492,-0.398601,-0.149396,-0.904874
0.76778,-0.118218,0.629713,-0.535431,-0.658173,0.529266,0.351891,-0.743527,-0.56863
0.118007,-0.659102,0.742737,0.873992,-0.286129,-0.392771,0.471394,0.695496,0.542285
0.624641,0.748251,0.22348,0.270557,-0.475817,0.836898,0.732545,-0.462297,-0.499659
-0.367627,0.908568,0.19838,-0.424585,-0.353767,0.833413,0.827393,0.222156,0.515818
0.227443,-0.811061,-0.538933,0.809787,0.464912,-0.357914,0.540847,-0.355016,0.762528
0.578861,-0.679322,0.451045,0.0474266,-0.524155,-0.850301,0.814046,0.513598,-0.271195
-0.874241,-0.0178387,-0.485165,-0.394012,0.60993,0.687561,0.283651,0.792255,-0.540254
0.617707,0.579933,0.531146,-0.586027,-0.11094,0.802661,0.524415,-0.807075,0.271328
0.823711,-0.251639,0.508111,-0.123036,-0.954098,-0.273055,0.553499,0.162403,-0.816862
-0.515466,-0.553934,-0.653798,-0.708997,0.704206,-0.0376565,0.481268,0.44413,-0.755731
0.999139,-0.00560168,0.0411177,-0.013863,-0.978978,0.203493,0.0391134,-0.203888,-0.978213
0.0617557,0.838954,-0.540688,0.984276,0.0386311,0.172363,0.165492,-0.54283,-0.823376
0.871725,0.317918,0.372859,-0.481647,0.695817,0.53278,-0.0900614,-0.644024,0.759685
0.222861,-0.271211,0.936364,0.917837,0.38204,-0.107796,-0.328493,0.883453,0.334069
0.568489,0.809086,-0.148997,0.748833,-0.433895,0.500983,0.34069,-0.396377,-0.852535
0.337132,-0.488212,-0.804979,-0.940838,-0.143711,-0.306872,0.0341346,0.860811,-0.507778
0.457801,-0.734516,-0.500904,0.884697,0.320658,0.338363,-0.0879139,-0.598051,0.796622
-0.657671,-0.146704,0.738882,0.659144,-0.586919,0.470165,0.364688,0.796244,0.482699
0.92278,-0.344842,0.171932,0.104819,0.654018,0.749182,-0.370795,-0.673309,0.639661
0.891885,-0.185012,0.412689,0.283081,-0.483275,-0.828438,0.352713,0.855696,-0.378652
0.899979,-0.0182944,-0.43555,0.166288,-0.909168,0.381789,-0.402972,-0.416029,-0.815189
-0.19809,-0.973964,-0.110246,0.300126,0.0468033,-0.952751,0.933105,-0.221818,0.283041
-0.284266,-0.893013,-0.348884,-0.128767,-0.325037,0.936894,-0.950059,0.311252,-0.0225938
-0.444863,-0.58636,-0.676963,0.424131,0.527811,-0.735886,0.788803,-0.61449,0.0138901
0.962066,0.0861943,0.258842,-0.153123,-0.61464,0.773803,0.225792,-0.784084,-0.578126
0.558245,0.426657,0.711566,0.244534,0.734936,-0.632513,-0.792822,0.527099,0.305942
-0.247441,-0.939394,0.237299,-0.451017,0.328437,0.829887,-0.857529,0.0983226,-0.504952
0.942972,-0.25623,-0.212486,-0.0377445,-0.716528,0.696536,-0.330726,-0.648794,-0.685337
0.652632,0.757628,0.0084658,-0.669105,0.581548,-0.46271,-0.355485,0.296315,0.886469
0.786962,0.38623,0.481162,0.167567,-0.884317,0.43578,0.593811,-0.262316,-0.760644
0.776239,0.289989,-0.559785,0.23471,0.69117,0.683517,0.585119,-0.66196,0.468449
-0.824904,-0.558818,-0.0851844,-0.556173,0.829287,-0.0543627,0.101021,0.00253329,-0.994881
-0.0744525,0.992546,-0.0964801,-0.385748,-0.117882,-0.915042,-0.919595,-0.0309102,0.391649
-0.138815,0.860568,0.490054,0.986139,0.165531,-0.0113454,-0.0908825,0.481687,-0.871618
-0.0125919,0.821099,-0.570647,-0.886241,-0.273447,-0.373904,-0.463054,0.501023,0.731134
0.904533,0.374364,0.204135,-0.410461,0.894132,0.179024,-0.115504,-0.245723,0.962434
-0.738652,0.194473,-0.645425,-0.615878,-0.583921,0.528896,-0.274021,0.788173,0.551086
0.397993,0.909972,0.116417,0.0864231,0.0891459,-0.992262,-0.913309,0.404974,-0.0431632
0.611199,0.284826,-0.738451,0.21506,0.838136,0.501275,0.761698,-0.465191,0.451014
0.950355,0.25907,0.172364,-0.220093,0.168079,0.960889,0.219966,-0.951122,0.216755
0.842374,-0.525231,-0.120575,-0.35567,-0.37378,-0.856614,0.404852,0.764474,-0.501672
0.502676,0.623977,0.598305,-0.653212,-0.179175,0.73567,0.566243,-0.760624,0.317522
0.168888,0.877235,0.449373,-0.909522,0.314388,-0.2719,-0.379797,-0.362794,0.850961
-0.985216,-0.0311953,0.168452,0.110342,-0.867715,0.48466,0.131049,0.496083,0.858329
0.203221,-0.300515,0.931876,-0.516964,-0.841199,-0.158536,0.831535,-0.449528,-0.326304
0.224818,0.545907,-0.80712,0.76585,-0.61112,-0.200017,-0.602438,-0.573165,-0.555473
-0.500702,-0.489931,-0.713628,0.49735,-0.837577,0.22607,-0.708477,-0.241729,0.663044
-0.846876,-0.389587,0.361971,-0.277659,0.904453,0.323838,-0.453548,0.173746,-0.874132
-0.0940463,0.730947,-0.675922,-0.346929,-0.660437,-0.66593,-0.933164,0.171869,0.315699
-0.878578,-0.295374,0.375307,0.308404,0.249151,0.918047,-0.364675,0.922322,-0.127804
0.759209,-0.227545,-0.609774,-0.345911,0.652545,-0.674189,0.551313,0.722778,0.416708
0.463075,-0.695628,-0.549239,0.433939,-0.362392,0.824844,-0.772825,-0.620302,0.134045
0.42576,0.0673158,0.902329,-0.736419,0.605216,0.302326,-0.525752,-0.79321,0.307249
0.385415,-0.0953085,0.917808,-0.921845,0.00411275,0.387537,-0.0407103,-0.995439,-0.0862746
0.0746755,-0.0268771,0.996846,-0.994231,-0.0791899,0.0723445,0.0769957,-0.996497,-0.0326356
0.765928,-0.519482,0.378804,0.453899,0.854189,0.253646,-0.455335,-0.0223351,0.89004
-0.617903,-0.709738,0.338332,0.212275,0.26374,0.940946,-0.757057,0.653233,-0.0123062
-0.26587,0.0702762,-0.961444,0.651971,0.747763,-0.125633,0.710104,-0.660236,-0.244626
0.461077,-0.670436,-0.581313,0.771558,-0.0206803,0.635823,-0.4383,-0.741679,0.507745
0.0428942,0.140035,-0.989217,-0.728564,0.681892,0.0649379,0.683633,0.717923,0.131274
-0.252998,-0.827556,0.501141,0.957792,-0.287321,0.00906965,0.136483,0.482283,0.865318
0.992925,0.0553002,-0.10508,0.0932447,0.18479,0.978344,0.0735203,-0.981221,0.178327
-0.699246,-0.173314,0.693554,-0.644299,-0.267552,-0.716446,0.309731,-0.947828,0.0754186
-0.308899,-0.105947,-0.945176,0.831332,0.452685,-0.322435,0.462028,-0.885354,-0.0517565
-0.666511,0.670261,-0.326364,-0.173279,0.286505,0.942279,0.725077,0.684591,-0.0748169
0.254728,-0.946343,-0.198867,-0.308569,0.115355,-0.944181,0.91646,0.301874,-0.262628
0.359169,0.68299,0.63602,0.906573,-0.0934846,-0.411566,-0.221637,0.72442,-0.652757
-0.831517,0.54417,-0.111618,-0.257413,-0.199402,0.945504,0.492258,0.814934,0.305883
-0.140866,-0.54481,-0.826643,-0.606047,0.707697,-0.363142,0.782856,0.449831,-0.429871
0.0281936,0.974166,0.224067,-0.611314,-0.160549,0.774931,0.790886,-0.158823,0.590995
-0.0496592,-0.731232,-0.680318,0.768917,-0.462709,0.441211,-0.637417,-0.501198,0.585235
0.476577,-0.317051,0.819972,0.729486,-0.377918,-0.570112,0.490636,0.86986,0.0511773
0.111272,0.878481,0.46464,-0.288433,0.475966,-0.830821,-0.951013,-0.0415707,0.306345
-0.588465,0.654291,0.474986,0.808145,0.458039,0.370272,0.0247032,0.60175,-0.798302
0.2087,0.672018,0.710518,-0.696042,0.612421,-0.374789,-0.687001,-0.416332,0.595565
-0.229152,-0.973142,-0.0220138,-0.818985,0.180531,0.544677,-0.526074,0.142843,-0.838357
0.507596,0.726938,-0.462502,0.427932,-0.678614,-0.596957,-0.74781,0.105093,-0.655542
0.481864,0.663783,-0.572013,-0.856258,0.495337,-0.146507,0.18609,0.560387,0.807055
0.144884,0.441001,0.885735,0.466983,-0.819685,0.331728,0.872316,0.365561,-0.3247
-0.5359,0.792997,0.289772,0.532469,0.583802,-0.612904,-0.6552,-0.174161,-0.735106
-0.378364,0.260096,0.888364,-0.392731,-0.914159,0.10038,0.838214,-0.310908,0.448032
-0.607465,-0.778614,-0.157309,0.438518,-0.493833,0.750887,-0.662336,0.387155,0.641422
0.762516,0.616402,0.196513,-0.619629,0.783156,-0.0522188,-0.186088,-0.0819473,0.97911
-0.778351,0.343732,0.525374,-0.158318,-0.917227,0.365555,0.60754,0.201354,0.768344
-0.608523,0.793113,0.0259126,-0.738479,-0.55405,-0.384288,-0.290427,-0.252984,0.922849
-0.369868,-0.278579,0.886336,0.203644,-0.955099,-0.215211,0.906491,0.100897,0.409992
-0.923595,-0.360009,0.131777,-0.378951,0.805292,-0.455961,0.0580311,-0.47106,-0.88019
-0.287262,0.0268987,-0.957474,-0.957024,-0.0496256,0.285732,-0.0398294,0.998406,0.0399982
-0.147456,-0.212944,-0.965873,-0.762006,-0.598117,0.248198,-0.630558,0.7726,-0.074069
0.912268,0.0761012,0.402463,-0.407,0.278843,0.869826,-0.0460293,-0.957317,0.285353
0.327999,-0.562186,0.759186,-0.0221991,0.798836,0.601139,-0.944417,-0.214026,0.249538
0.361073,0.930452,0.0623261,0.273967,-0.169727,0.946644,0.891386,-0.324733,-0.316197
-0.830394,-0.0351234,0.556069,-0.545066,0.258166,-0.797655,-0.115542,-0.965462,-0.233524
-0.939286,0.190735,0.28524,-0.161596,0.487441,-0.858072,-0.302702,-0.852069,-0.427025
-0.724534,0.395633,-0.56438,0.464452,-0.324756,-0.823904,-0.509249,-0.859074,0.0515442
-0.965209,-0.0861743,-0.246873,0.25545,-0.10915,-0.960641,0.0558364,-0.990283,0.127366
0.375516,-0.863651,-0.336295,0.413632,0.480878,-0.773088,0.829395,0.151205,0.537811
0.0304383,0.376103,-0.926078,0.991821,0.103532,0.0746462,0.123954,-0.920775,-0.369876
-0.216774,0.818846,-0.531508,-0.884635,0.0654721,0.461664,0.41283,0.570267,0.710187
0.321082,-0.332131,0.886902,0.947017,0.104634,-0.303662,0.00805544,0.937412,0.34813
-0.0582474,0.70514,-0.706672,-0.247188,0.675644,0.694553,0.967215,0.215137,0.134947
-0.0975965,0.565082,0.819242,0.702877,-0.54364,0.458716,0.704585,0.620595,-0.344126
-0.200481,0.0879275,0.975744,-0.810519,0.544584,-0.215607,-0.550333,-0.834084,-0.0379116
0.559447,-0.577439,0.594628,0.691508,-0.0703729,-0.718933,0.456986,0.813395,0.359934
0.0534353,-0.97479,0.216633,-0.967728,-0.104054,-0.229511,0.246266,-0.197378,-0.948891
-0.0332639,0.581522,0.81285,0.596239,0.66427,-0.450827,-0.802118,0.469656,-0.368822
-0.932347,0.352324,-0.0812174,-0.166152,-0.217992,0.961703,0.321127,0.910136,0.261784
-0.121018,0.731943,-0.670533,0.978105,-0.0272884,-0.206316,-0.169309,-0.68082,-0.712614
-0.678696,0.659297,-0.323572,-0.57397,-0.2013,0.793749,0.458182,0.724435,0.515038
-0.772611,0.21924,-0.595823,0.153546,-0.846096,-0.510436,-0.616032,-0.485855,0.62004
0.549472,-0.82508,-0.131616,-0.0391315,-0.182768,0.982377,-0.834595,-0.534638,-0.132713
-0.422776,0.84672,-0.322996,0.141965,0.413894,0.899187,0.895046,0.334301,-0.295189
-0.188488,0.126282,0.973922,0.481718,0.87609,-0.0203676,-0.855815,0.465317,-0.225965
-0.94015,0.0287544,-0.339545,-0.340583,-0.047093,0.939034,0.0110112,0.998477,0.0540677
0.352204,-0.824319,-0.443227,0.484517,-0.244584,0.839894,-0.800747,-0.510565,0.313253
0.138896,-0.909169,0.392582,0.56073,-0.254553,-0.787899,0.816266,0.329569,0.474441
-0.899864,0.434446,0.0387459,-0.0120552,0.0640252,-0.997875,-0.436003,-0.89842,-0.0523767
0.286306,-0.841738,0.457719,0.949672,0.185935,-0.252094,0.127092,0.506859,0.852609
-0.524049,-0.844162,0.112976,0.138175,-0.21516,-0.966754,0.840405,-0.491016,0.229396
0.857126,-0.515064,0.00669315,-0.512563,-0.854111,-0.0881647,0.0511271,0.0721376,-0.996083
0.628773,0.0822346,0.773229,-0.620171,0.652896,0.434873,-0.469076,-0.75297,0.461523
-0.0364357,-0.867781,0.49561,-0.191021,-0.480747,-0.8558,0.980909,-0.125853,-0.148248
-0.323152,0.945163,-0.0473313,0.11897,0.0901923,0.988793,0.938839,0.3139,-0.141592
0.4155,-0.887068,0.201171,-0.749919,-0.208915,0.627675,-0.514763,-0.411661,-0.752034
-0.50835,0.356147,-0.784054,-0.736875,-0.651062,0.182025,-0.44564,0.670282,0.593403
-0.182862,-0.97828,-0.0976209,0.940172,-0.144973,-0.308316,0.287467,-0.14816,0.946262
0.128039,-0.797353,-0.589775,-0.758805,0.304154,-0.575939,0.638609,0.521267,-0.566092
0.0815229,-0.615228,0.784123,-0.570358,-0.673981,-0.469511,0.81734,-0.408955,-0.405845
-0.332616,0.184483,0.924842,0.72675,-0.574831,0.376038,0.601,0.797205,0.0571247
0.590217,0.0278182,-0.806765,0.305342,0.917459,0.255019,0.747268,-0.396856,0.533006
0.363067,-0.193636,0.911421,0.0709241,0.981073,0.180181,-0.92906,-0.000776176,0.369929
0.186556,0.930876,0.314114,-0.767372,-0.0615776,0.638238,0.613463,-0.360109,0.70284
0.215947,-0.142661,0.965927,0.954745,0.238068,-0.178286,-0.204521,0.960714,0.187615
-0.682981,-0.200819,-0.702289,-0.727369,0.0989618,0.679074,-0.0668709,0.974617,-0.213658
-0.0645455,0.997634,-0.0236844,-0.858185,-0.0433799,0.511505,0.509267,0.053341,0.858954
0.462059,-0.304027,-0.833108,-0.410487,-0.906034,0.102975,-0.786131,0.294399,-0.54344
-0.255531,-0.145728,0.955755,-0.226181,-0.95213,-0.205647,0.939971,-0.268723,0.210338
-0.137726,0.377873,0.915556,-0.990461,-0.0566544,-0.125611,0.00440503,-0.924122,0.382071
0.327141,-0.321142,0.888733,-0.127149,0.916971,0.378149,-0.936382,-0.23671,0.259146
0.648618,0.145705,-0.747037,0.028753,-0.985495,-0.167249,-0.760571,0.0870013,-0.643399
0.25864,0.656665,0.708446,0.923362,-0.383491,0.0183607,0.28374,0.649404,-0.705526
0.999355,-0.0320436,-0.0162094,0.0246112,0.939872,-0.340639,0.0261501,0.340021,0.940054
0.617649,0.784373,0.0571836,-0.78622,0.617606,0.0205325,-0.0192118,-0.0576407,0.998153
-0.252102,-0.361581,0.89761,0.0233861,-0.929576,-0.367889,0.967418,-0.0717539,0.242804
0.803702,0.506283,-0.312636,-0.10087,-0.401882,-0.910119,-0.586421,0.762999,-0.271925
0.235933,0.908818,-0.344071,-0.840735,0.0133333,-0.541283,-0.48734,0.416979,0.767221
0.941777,-0.0835946,-0.325682,-0.0743271,0.892882,-0.444113,0.327921,0.442463,0.834682
-0.743225,0.519298,-0.421836,-0.640842,-0.733687,0.225889,-0.192192,0.438216,0.878083
-0.12974,-0.839274,0.528003,0.834974,-0.379673,-0.398331,0.534777,0.389189,0.75003
0.257493,0.809689,0.527353,0.507047,0.351361,-0.787051,-0.822557,0.470053,-0.320078
-0.357464,0.0245962,0.933603,0.435877,0.888495,0.143483,-0.825973,0.458226,-0.328326
-0.101886,-0.197769,-0.974939,0.988936,0.0860831,-0.120811,0.107818,-0.976462,0.18681
-0.270927,-0.813055,0.515307,0.247573,0.458465,0.853532,-0.930218,0.358821,0.0770805
-0.00076307,-0.975129,0.221635,0.206188,0.216719,0.954211,-0.978512,0.0464265,0.200894
0.418522,0.812058,0.406696,-0.696816,0.574313,-0.429665,-0.582484,-0.103568,0.806217
-0.689728,-0.184613,-0.700138,0.283917,0.820558,-0.49606,0.666083,-0.540928,-0.513547
0.179028,-0.566636,0.804284,0.0715695,0.822826,0.563769,-0.981237,-0.043368,0.187863
-0.645687,0.121036,0.753949,0.137503,0.989648,-0.0411153,-0.75112,0.0771225,-0.655645
0.937064,-0.167971,0.306101,-0.348913,-0.41759,0.838974,-0.0130984,-0.892975,-0.449916
0.315893,0.942378,0.110164,0.166153,0.0593702,-0.984311,-0.934133,0.329241,-0.137825
-0.0904429,-0.85453,0.511466,-0.163123,0.519346,0.838851,-0.982451,-0.00756403,-0.186365
-0.8365,-0.114938,-0.535777,-0.0867162,-0.937667,0.336543,-0.541062,0.327979,0.774391
0.671355,-0.660291,-0.336597,0.121897,0.546354,-0.828637,0.731043,0.515279,0.447285
-0.183535,-0.090267,0.97886,-0.831187,-0.51739,-0.203558,0.524827,-0.850975,0.0199303
-0.277241,-0.678587,-0.680189,0.58986,0.438611,-0.678001,0.758421,-0.589186,0.27867
0.305579,0.887031,0.346119,0.948183,-0.250264,-0.19575,-0.0870154,0.388001,-0.917542
-0.662146,-0.717541,-0.216096,0.607305,-0.68276,0.406226,-0.439025,0.137745,0.887853
0.958634,0.219329,0.181426,-0.136174,0.913099,-0.384327,-0.249954,0.343724,0.905194
0.666041,-0.443315,-0.599884,0.739084,0.283626,0.610992,-0.100719,-0.850311,0.516553
-0.856257,-0.482883,0.183434,0.500317,-0.86362,0.061993,0.128482,0.144857,0.981075
0.32304,0.745724,-0.582701,-0.602999,0.636736,0.480583,0.729409,0.19612,0.655362
0.558774,-0.306426,-0.770633,0.527008,-0.586286,0.61525,-0.640339,-0.749915,-0.166113
0.71926,-0.633606,0.28497,0.50295,0.191911,-0.842741,0.479277,0.749475,0.456706
0.744058,0.535734,-0.399208,-0.598994,0.270231,-0.753778,-0.295946,0.799977,0.521969
0.765346,-0.0458499,0.641984,0.145543,-0.959293,-0.242022,0.626947,0.278667,-0.727518
0.838165,0.453914,-0.302392,0.496039,-0.403884,0.76865,0.226769,-0.794254,-0.563681
0.79405,-0.208225,-0.571076,0.411974,0.875157,0.253728,0.446948,-0.436741,0.780701
-0.761278,0.416088,0.497319,0.416569,0.901589,-0.116657,-0.496917,0.11836,-0.859689
0.780257,0.483451,-0.39683,0.0791632,0.553026,0.829394,0.620429,-0.678555,0.393231
-0.447409,0.424483,-0.787172,-0.827307,0.137873,0.544568,0.33969,0.894877,0.289492
0.550065,-0.162242,0.819211,-0.648241,-0.701396,0.296357,0.526509,-0.694061,-0.490985
-0.971814,0.100404,-0.213301,-0.218689,-0.721864,0.656572,-0.0880518,0.684713,0.723475
0.693639,-0.671634,-0.260334,-0.711053,-0.580635,-0.396567,0.115189,0.460185,-0.880319
-0.689057,0.679883,-0.250919,-0.0102486,0.337059,0.941428,0.724635,0.651269,-0.225285
0.0293238,-0.514914,-0.85674,-0.166382,-0.847666,0.503765,-0.985625,0.127774,-0.110529
-0.241353,-0.797395,0.553091,-0.915733,-0.00151621,-0.401785,0.32122,-0.603456,-0.729835
-0.0615835,0.859928,-0.506686,-0.498533,0.413288,0.762009,0.86468,0.299527,0.403251
-0.573108,0.661088,0.484262,-0.677608,-0.0499597,-0.733724,-0.460863,-0.748643,0.476591
-0.571191,0.31317,-0.758726,-0.521359,0.575523,0.630046,0.633976,0.755445,-0.16546
-0.842808,0.528681,0.10085,0.537496,0.817094,0.20846,0.027805,0.229899,-0.972817
0.775379,-0.492566,0.39518,0.556597,0.82867,-0.0592113,-0.298308,0.265867,0.916694
-0.0487765,-0.441749,0.895812,0.639331,-0.702879,-0.311798,0.767383,0.557511,0.316708
-0.259136,0.964167,-0.0568419,0.965729,0.259553,-3.93085e-05,0.0147156,-0.054904,-0.998383
0.133189,-0.90086,-0.413172,0.508504,-0.295717,0.808687,-0.850696,-0.317808,0.418705
-0.67011,-0.248791,-0.699325,-0.73634,0.341589,0.584055,0.0935741,0.906322,-0.412097
0.910593,-0.104441,-0.39989,0.360129,-0.274252,0.89168,-0.202798,-0.95597,-0.21212
-0.389382,0.813507,0.431958,0.91418,0.398612,0.0733671,-0.112499,0.423455,-0.898905
0.166104,0.871883,0.460683,0.71189,0.21725,-0.667843,-0.682365,0.438887,-0.5846
-0.188491,0.747045,-0.637492,-0.712356,-0.550844,-0.43488,-0.676033,0.37215,0.635991
0.429585,-0.696404,-0.574873,0.00696739,0.639144,-0.769055,0.903,0.326369,0.279419
0.184562,-0.421354,0.887918,0.399914,0.857461,0.323775,-0.897778,0.295334,0.32676
0.829785,-0.508554,0.229847,0.0572202,0.487207,0.87141,-0.555142,-0.709931,0.433377
0.101013,-0.557777,-0.823821,-0.984684,-0.174327,-0.00270768,-0.142104,0.811477,-0.566843
-0.140108,0.987711,-0.069255,-0.770883,-0.152711,-0.618401,-0.621377,-0.0332552,0.782805
-0.365584,0.284187,-0.886333,0.694054,-0.551265,-0.463029,-0.620191,-0.784439,0.00429228
-0.151747,-0.622155,0.768047,-0.988412,0.0985507,-0.115455,-0.00386091,-0.776666,-0.629901
0.653781,-0.755508,0.0421531,-0.537394,-0.424374,0.728776,-0.532708,-0.499113,-0.683454
0.780592,-0.544473,0.306961,0.00550508,-0.485098,-0.874443,0.625017,0.684273,-0.375666
-0.723512,-0.296221,-0.623525,0.690294,-0.316919,-0.650428,-0.00493627,-0.901008,0.433774
-0.632541,0.59624,0.494358,0.726817,0.677497,0.112854,-0.267638,0.430692,-0.861902
-0.970195,-0.124746,-0.20775,-0.147644,0.984116,0.0985756,0.192153,0.12631,-0.973202
-0.829556,-0.192334,0.524257,-0.19554,-0.779328,-0.595325,0.523069,-0.596368,0.608887
-0.572837,-0.581673,-0.577507,0.0131531,0.697948,-0.716028,0.819564,-0.417763,-0.392159
-0.171568,-0.477123,-0.861927,-0.0137313,-0.873656,0.48635,-0.985077,0.0952776,0.14334
-0.448644,-0.882718,-0.139742,0.89055,-0.454696,0.0130809,-0.0750868,-0.118578,0.990102
0.375296,0.926802,-0.013819,0.893537,-0.35778,0.271267,0.246467,-0.114153,-0.962405
0.792507,-0.280865,-0.541339,-0.161877,0.758923,-0.630739,0.587987,0.587495,0.555986
0.465176,-0.829415,0.309326,0.880773,0.468638,-0.0679518,-0.0886017,0.304055,0.948525
-0.103359,0.570594,0.814702,0.645978,-0.584326,0.491199,0.756326,0.577049,-0.308196
0.703868,0.0328131,-0.709572,0.622221,-0.51035,0.593619,-0.342652,-0.85934,-0.379636
-0.163723,-0.772331,0.613759,0.977092,-0.0412094,0.208788,-0.135961,0.633882,0.761386
-0.432148,0.870337,0.236141,0.901266,0.425852,0.0798058,-0.0311034,0.247314,-0.968436
0.862376,0.119968,-0.491849,0.506182,-0.222255,0.833296,-0.00934737,-0.96758,-0.252393
-0.699657,-0.63089,-0.335348,0.584331,-0.775354,0.239548,-0.411142,-0.0283528,0.91113
0.263957,-0.381838,-0.885735,-0.604392,0.650181,-0.460407,0.751689,0.656859,-0.0591602
0.96597,0.258619,0.00431645,0.145392,-0.556705,0.817888,0.213924,-0.789427,-0.575362
0.993356,0.0819483,-0.0808028,-0.0920136,0.143821,-0.985317,-0.0691239,0.986205,0.150406
0.297926,0.340798,0.891682,-0.878086,-0.268564,0.396028,0.374439,-0.90096,0.219238
0.371135,0.341991,0.863308,-0.694648,-0.514714,0.502528,0.616216,-0.786201,0.0465351
0.414334,0.754113,-0.50955,0.874406,-0.174526,0.45272,0.252473,-0.63313,-0.731713
-0.588975,0.696652,-0.409614,0.805683,0.466582,-0.364933,-0.0631133,-0.544956,-0.836086
0.79202,-0.585816,0.171826,-0.525904,-0.797634,-0.295303,0.310048,0.143522,-0.939825
-0.2009,-0.979502,0.0146362,0.385233,-0.0652582,0.920509,-0.900686,0.190569,0.390447
-0.822787,-0.0166973,-0.568104,-0.501799,0.490691,0.712334,0.26687,0.871173,-0.412113
-0.672648,0.201832,0.711905,-0.713223,-0.433138,-0.551094,0.197125,-0.878439,0.435301
0.259114,0.282831,-0.923508,0.736508,0.560709,0.378368,0.624833,-0.778211,-0.0630193
-0.0126012,-0.507501,0.861559,0.903034,-0.375775,-0.208142,0.429385,0.775394,0.463026
0.768294,0.591886,-0.243712,-0.389191,0.129672,-0.911984,-0.508188,0.795522,0.329983
-0.15879,-0.125961,-0.979244,0.0371836,-0.991888,0.121558,-0.986612,-0.0171095,0.162186
-0.107627,0.742364,0.661296,0.744469,0.50103,-0.441288,-0.658925,0.44482,-0.606591
0.0312122,-0.209659,0.977276,0.66176,0.737092,0.136996,-0.749066,0.642447,0.161751
0.228595,-0.972706,-0.0398311,0.48921,0.0794031,0.868544,-0.841676,-0.218031,0.494008
0.145172,-0.0177823,-0.989247,0.981114,-0.12659,0.146254,-0.127829,-0.991796,-0.00093083
0.387354,0.869592,-0.306213,0.768535,-0.121114,0.628239,0.509225,-0.478686,-0.715227
-0.264003,-0.94287,0.203218,-0.450265,0.306804,0.83853,-0.852974,0.129873,-0.505538
0.845142,0.0536467,-0.531842,-0.408977,0.705556,-0.57873,0.344197,0.706621,0.618235
-0.742682,-0.550045,0.381935,0.243921,-0.75338,-0.610672,0.623639,-0.360374,0.693689
-0.125766,0.723092,-0.679206,0.950916,0.282992,0.125199,0.282741,-0.630122,-0.72319
0.107321,0.299934,-0.947904,-0.894942,0.444449,0.0393064,0.433084,0.8441,0.316122
-0.394414,-0.315456,0.86309,0.568662,-0.821578,-0.0404171,0.721846,0.474865,0.50343
-0.798041,0.23307,-0.555705,-0.599524,-0.400188,0.693124,-0.0608403,0.8863,0.459098
-0.211959,-0.744133,-0.633514,0.104127,0.627357,-0.771739,0.971715,-0.229543,-0.0554895
0.882908,0.457958,0.10367,-0.451295,0.888607,-0.0819223,-0.129639,0.0255441,0.991232
-0.274623,-0.353157,-0.89435,0.265363,-0.921826,0.282523,-0.92421,-0.15974,0.34687
-0.774711,0.59395,-0.216902,0.219863,-0.0685937,-0.973116,-0.59286,-0.801573,-0.0774471
0.366768,0.928798,-0.0530624,-0.599279,0.279503,0.750162,0.71158,-0.243336,0.659122
-0.718926,0.687527,-0.102233,-0.693889,-0.701251,0.1636,0.0407886,0.188555,0.981215
-0.899577,0.18282,-0.396658,0.379844,-0.120814,-0.917127,-0.215591,-0.975695,0.0392386
-0.711939,-0.669129,-0.213093,-0.702051,0.671134,0.238124,-0.0163211,0.319132,-0.94757
0.481365,0.802458,-0.352632,0.869439,-0.488167,0.0759525,-0.111195,-0.343153,-0.932675
0.729862,0.243101,-0.638909,0.394221,0.613879,0.683918,0.558473,-0.751036,0.352211
0.629245,0.765956,-0.131766,0.694964,-0.630417,-0.345832,-0.34796,0.12604,-0.928998
0.369876,-0.925906,-0.0767397,-0.647188,-0.316032,0.693737,-0.666588,-0.206932,-0.716129
0.45411,-0.728956,-0.512257,0.619507,-0.154866,0.769564,-0.640309,-0.666813,0.381267
0.758882,0.649132,-0.0522032,-0.606964,0.734074,0.304517,0.235993,-0.199407,0.951075
-0.166552,-0.445539,0.879634,0.710455,-0.672833,-0.206274,0.68375,0.590585,0.428597
0.785434,-0.333036,0.521708,0.345346,-0.463692,-0.815921,0.513643,0.821022,-0.249187
0.610873,-0.470466,0.636785,0.740012,0.0533641,-0.670473,0.281454,0.880803,0.38075
-0.467345,0.880844,0.0755113,0.278373,0.227685,-0.933096,-0.839105,-0.415057,-0.351611
-0.157667,0.698486,0.698039,-0.97833,-0.206556,-0.0142879,0.134204,-0.685165,0.715917
-0.133945,-0.0057269,-0.990972,-0.982468,0.131621,0.132035,0.129676,0.991284,-0.0232564
-0.909263,-0.405655,0.0931878,0.310891,-0.513057,0.800075,-0.276744,0.75645,0.592618
-0.0779286,0.0530774,-0.995545,0.30817,-0.948395,-0.0746863,-0.948134,-0.312618,0.0575502
-0.960866,0.162096,0.224634,-0.0616577,0.665427,-0.743912,-0.270063,-0.728651,-0.629392
-0.155975,-0.861362,-0.483454,0.886856,-0.337629,0.315425,-0.434923,-0.379555,0.816566
-0.145956,-0.892782,-0.426188,0.983174,-0.0830681,-0.162694,0.109847,-0.442763,0.889884
-0.0274156,0.896646,0.441899,0.875212,0.235112,-0.422761,-0.482963,0.375165,-0.791201
-0.864332,-0.4529,0.218659,-0.0912812,0.568831,0.817374,-0.494569,0.686522,-0.533
-0.0796757,-0.103566,0.991426,0.184017,0.975966,0.116739,-0.979689,0.19174,-0.058703
-0.392248,-0.860669,0.324638,-0.184634,-0.272073,-0.944397,0.901139,-0.430377,-0.0521885
0.11144,-0.984768,-0.133468,0.991876,0.11851,-0.0462353,0.0613484,-0.127231,0.989974
0.0876012,0.801114,-0.592067,-0.698615,-0.37428,-0.609797,-0.710115,0.467045,0.526882
-0.551743,0.710687,-0.436467,0.659418,0.0513146,-0.750023,-0.510635,-0.701634,-0.496953
-0.039472,-0.392258,-0.919008,-0.138329,0.913014,-0.383759,0.989599,0.111978,-0.0902992
0.345442,-0.937066,0.0507592,-0.844069,-0.333888,-0.419603,0.410143,0.102104,-0.906288
-0.0135464,0.0178293,0.999749,0.765642,0.643266,-0.00109753,-0.643124,0.765435,-0.0223648
0.158373,-0.182733,-0.970323,0.429021,0.897846,-0.0990606,0.889303,-0.4006,0.220591
-0.266573,-0.79824,-0.540141,-0.0547576,0.572058,-0.818383,0.962258,-0.188582,-0.196205
-0.505938,0.411758,0.757946,0.774869,-0.169083,0.609089,0.378953,0.89547,-0.233513
0.824509,0.557252,0.0982587,-0.170981,0.0798237,0.982035,0.539398,-0.826498,0.161095
0.605776,0.72539,-0.326871,0.766375,-0.642372,-0.00525939,-0.213788,-0.24732,-0.945054
-0.427051,-0.881961,-0.19943,-0.268556,-0.08689,0.959337,-0.863427,0.463244,-0.19975
0.743918,-0.662081,-0.0907482,0.37227,0.297798,0.879051,-0.554978,-0.687725,0.46801
-0.878811,-0.457721,-0.134845,-0.217284,0.635458,-0.740932,0.424828,-0.621839,-0.657903
-0.152407,-0.135399,0.978999,-0.837776,0.543207,-0.0552944,-0.524313,-0.828609,-0.196223
0.0103827,0.808544,-0.588344,0.249544,0.567664,0.784529,0.968308,-0.154963,-0.195873
-0.646213,-0.759446,0.075169,0.558579,-0.537798,-0.631477,0.519999,-0.366081,0.771743
-0.079896,-0.67465,0.733801,-0.741154,0.532474,0.408855,-0.666564,-0.511194,-0.542562
-0.905248,0.238884,0.35137,0.40598,0.730248,0.549472,-0.125327,0.640057,-0.758037
0.05022,0.996357,0.0689259,-0.772377,0.0824977,-0.629784,-0.633176,-0.021609,0.773706
0.385653,-0.473544,0.791851,0.168931,-0.807492,-0.565172,0.907047,0.351729,-0.231415
0.149699,0.797016,0.585112,0.945298,-0.288842,0.151596,0.289829,0.530412,-0.796657
-0.0474233,0.76635,-0.640671,-0.890989,0.257487,0.37395,0.451541,0.588565,0.670599
0.673437,0.409315,-0.615584,0.403487,-0.901264,-0.157863,-0.61942,-0.142069,-0.772098
-0.0180939,0.985835,0.166737,0.766688,-0.0933608,0.635195,0.641765,0.139329,-0.754139
0.878894,-0.240452,0.41198,0.476431,0.485249,-0.733175,-0.0236195,0.840664,0.541042
0.949588,-0.303236,0.0795629,-0.3028,-0.952888,-0.0177872,0.0812083,-0.00720116,-0.996671
-0.54808,-0.639815,-0.538744,0.741972,-0.669239,0.0399627,-0.386117,-0.37783,0.841521
-0.464905,0.59183,-0.658484,-0.253387,-0.801578,-0.541542,-0.848327,-0.0849137,0.522619
-0.224996,0.970268,-0.0891987,-0.968799,-0.213006,0.126715,0.103948,0.114926,0.987921
0.68805,-0.436784,-0.579489,-0.547067,-0.836879,-0.0187648,-0.476766,0.32993,-0.814764
0.256678,-0.920717,-0.293933,-0.930039,-0.152555,-0.334297,0.262952,0.359176,-0.89546
0.769439,-0.0480885,-0.636907,0.616632,0.315894,0.721094,0.166519,-0.947575,0.272715
-0.190667,0.905404,-0.379329,0.815461,0.36121,0.452272,0.546506,-0.223095,-0.807193
0.921274,-0.299811,0.247723,0.105877,0.806249,0.582025,-0.374224,-0.509976,0.77452
-0.851672,-0.384981,-0.35559,-0.29092,0.911663,-0.290234,0.435913,-0.143736,-0.888437
0.518164,-0.759296,-0.393671,-0.836438,-0.353793,-0.418571,0.178541,0.546169,-0.818427
0.872504,0.479922,0.0917101,-0.0206547,0.223757,-0.974426,-0.48817,0.848297,0.205142
0.603625,0.793347,-0.07898,-0.794225,0.589716,-0.146428,-0.0695924,0.151115,0.986063
-0.378851,0.0857854,-0.921473,-0.76112,-0.595305,0.257503,-0.526468,0.798907,0.290825
-0.797071,-0.427885,-0.426137,-0.603769,0.578538,0.548413,0.0118787,0.694413,-0.719479
-0.635384,0.363082,0.681512,-0.598505,0.326116,-0.731738,-0.487932,-0.872823,0.0100979
-0.319363,0.937521,-0.138066,0.657757,0.324189,0.679896,0.682175,0.12632,-0.720194
-0.491772,-0.694202,0.52559,0.30544,-0.702802,-0.642477,0.815394,-0.155416,0.557655
-0.810019,-0.396741,-0.431818,-0.288906,-0.37081,0.882629,-0.510297,0.8397,0.185742
-0.701278,-0.700737,-0.131063,0.710137,-0.670527,-0.214707,0.0625716,-0.243641,0.967845
-0.947837,-0.301214,0.10428,0.00611124,0.309917,0.950744,-0.318696,0.901788,-0.29191
-0.942014,-0.131605,0.308691,-0.274382,-0.227523,-0.934317,0.193195,-0.964839,0.178219
0.648911,-0.555072,-0.520394,0.717458,0.674101,0.17562,0.253317,-0.487323,0.835672
0.854527,-0.126599,-0.503742,0.483126,-0.162374,0.860363,-0.190716,-0.978574,-0.0775899
0.322652,0.942151,0.0908121,0.730459,-0.308867,0.609123,0.601935,-0.1302,-0.787859
-0.251414,-0.482827,0.83885,-0.759644,0.635505,0.13811,-0.599777,-0.602504,-0.526552
-0.820555,-0.568368,0.060393,0.498486,-0.763328,-0.410903,0.279644,-0.307063,0.909677
-0.24625,-0.863977,0.439209,-0.91803,0.0626164,-0.391535,0.310775,-0.499623,-0.808576
-0.125007,-0.728846,0.67317,0.651865,-0.571832,-0.498076,0.747961,0.376552,0.546592
-0.49463,-0.610247,0.618822,-0.720054,0.686468,0.10141,-0.486687,-0.395424,-0.778958
0.746958,0.393157,0.536173,-0.628307,0.681153,0.375847,-0.217449,-0.617623,0.755816
-0.751585,0.462016,0.470809,0.616176,0.74652,0.251066,-0.235472,0.478799,-0.845757
0.013418,0.368307,-0.929607,-0.674969,0.689253,0.263337,0.737724,0.623923,0.257844
-0.595802,0.633243,0.493987,0.0457265,0.640825,-0.766324,-0.801828,-0.433989,-0.410761
-0.851067,0.285673,-0.44054,0.420118,0.873768,-0.245009,0.314937,-0.393598,-0.863652
-0.960012,-0.221808,0.170817,-0.147701,0.919605,0.36402,-0.237827,0.324233,-0.915593
-0.972846,0.187246,-0.136051,-0.0300317,0.480722,0.876359,0.229497,0.856648,-0.462045
-0.948923,0.288233,0.128324,0.186918,0.185912,0.964624,0.25418,0.939339,-0.230292
-0.543126,-0.155004,-0.82522,-0.805968,-0.179335,0.564141,-0.235435,0.9715,-0.0275271
0.110414,-0.0199375,0.993686,0.566902,-0.819946,-0.0794434,0.816352,0.572094,-0.0792311
-0.0622264,0.562618,-0.824372,0.560158,-0.663929,-0.495401,-0.826046,-0.492605,-0.273841
-0.0572564,-0.896451,0.439428,-0.502074,-0.354586,-0.788791,0.862927,-0.265788,-0.429782
-0.627027,-0.20964,-0.750259,0.247257,-0.966866,0.0635211,-0.738716,-0.145677,0.658086
0.859894,-0.509269,0.0350222,0.491065,0.843991,0.215719,-0.139418,-0.168298,0.975827
0.129481,0.133305,-0.98258,0.694017,-0.719932,-0.00621689,-0.708219,-0.681123,-0.185734
-0.827919,0.396787,-0.396372,0.544402,0.398667,-0.738032,-0.134821,-0.826816,-0.546075
-0.941841,-0.0160845,-0.335674,0.109641,-0.958905,-0.261686,-0.317671,-0.28327,0.9049
0.272191,0.574741,-0.771741,-0.87021,-0.19526,-0.452337,-0.410667,0.794699,0.446997
0.0205221,0.407567,-0.912945,0.90743,0.375734,0.188138,0.419703,-0.832294,-0.362128
0.431968,0.348643,-0.831776,-0.133589,-0.887353,-0.441316,-0.89194,0.301751,-0.336733
0.395578,-0.499204,-0.770917,0.299257,0.863635,-0.405685,0.868311,-0.0702223,0.491025
-0.955262,-0.236791,-0.177211,0.295361,-0.794859,-0.530058,-0.0153446,-0.558686,0.829238
-0.0248312,0.998766,-0.0430061,0.145023,-0.0389654,-0.988661,-0.989117,-0.0307865,-0.143877
-0.185846,0.879756,0.437596,0.71289,-0.185762,0.676225,0.676202,0.437631,-0.592646
-0.958243,0.231141,-0.16836,-0.245612,-0.363759,0.898529,0.146444,0.90236,0.40534
0.317043,0.932783,-0.171462,0.918151,-0.256566,0.301949,0.237661,-0.253159,-0.937778
0.732869,-0.408607,-0.544006,0.381426,-0.415361,0.825827,-0.563398,-0.812721,-0.148552
0.373224,-0.680371,0.630713,0.62709,0.686024,0.368957,-0.683712,0.257811,0.682694
-0.375501,0.214457,-0.901669,-0.345762,0.870212,0.350968,0.859911,0.443552,-0.252615
0.509421,-0.80538,-0.303074,0.652052,0.131449,0.746692,-0.561532,-0.578001,0.592113
-0.918537,0.366709,-0.147698,0.323583,0.482747,-0.813787,-0.227122,-0.795286,-0.562082
0.0401987,-0.992518,0.11529,0.0455189,-0.113444,-0.992501,0.998154,0.0451451,0.0406181
0.18239,-0.546733,-0.817201,0.841961,0.516082,-0.157358,0.507776,-0.65935,0.554456
-0.324067,0.0330874,-0.945455,-0.718423,-0.658827,0.223193,-0.615507,0.751566,0.237275
-0.539885,0.282069,-0.793071,-0.352354,0.779929,0.51726,0.764442,0.558703,-0.321684
0.722726,-0.673123,0.156757,-0.674018,-0.736623,-0.0555479,0.152861,-0.065511,-0.986074
-0.972482,0.229644,-0.0392659,-0.111648,-0.311443,0.943683,0.204483,0.922099,0.328512
0.601653,-0.299468,-0.740495,-0.537745,0.53364,-0.652731,0.59063,0.790915,0.160029
0.360319,0.932829,0.000617788,0.673176,-0.260482,0.692086,0.645759,-0.248956,-0.721815
0.178786,-0.699784,-0.691619,0.807345,0.506113,-0.303386,0.562343,-0.504134,0.655454
-0.538374,-0.605446,-0.586164,-0.634515,0.748981,-0.190835,0.554566,0.269189,-0.787397
0.594647,-0.77074,0.228812,-0.131893,-0.374258,-0.917897,0.793094,0.515646,-0.324207
0.0280138,0.801244,0.597681,-0.78031,-0.356175,0.514058,0.624765,-0.480777,0.615241
0.303935,0.0855092,0.948847,0.108596,-0.992582,0.0546649,0.946483,0.0864265,-0.310967
0.724782,-0.673315,-0.146074,0.550277,0.693293,-0.465338,0.414592,0.256887,0.872997
-0.955255,-0.287584,-0.0691579,0.295479,-0.938411,-0.179099,-0.0133926,-0.19152,0.981397
