0.450171,0.873361,-0.185977,0.881512,-0.401444,0.248553,0.142417,-0.275833,-0.950596
0.286986,0.957434,0.0309696,0.0130778,0.0284106,-0.999511,-0.957846,0.28725,-0.00436774
-0.327033,0.370525,0.869345,0.44403,-0.751807,0.487466,0.834198,0.545433,0.0813416
0.158415,-0.441134,-0.883349,0.973005,0.22181,0.0637246,0.167825,-0.869598,0.464364
-0.524196,-0.362544,-0.770571,0.396897,-0.904579,0.155595,-0.753453,-0.224275,0.61807
-0.598925,-0.660335,0.453042,-0.250484,-0.38287,-0.889195,0.760623,-0.646041,0.0639072
0.322746,-0.946291,-0.0191932,-0.829091,-0.292439,0.476536,-0.456555,-0.137887,-0.878945
0.0348863,-0.926272,0.375238,0.45328,-0.319961,-0.831963,0.890685,0.199112,0.408698
-0.54232,0.144763,-0.827606,-0.498702,-0.84821,0.178426,-0.676155,0.509493,0.532195
0.231667,0.93032,-0.284317,-0.00546549,-0.291018,-0.956702,-0.97278,0.22319,-0.0623347
-0.245366,0.927549,0.281867,0.815963,0.0406053,0.576677,0.52345,0.371489,-0.766809
-0.666827,-0.292959,0.685213,-0.733107,0.0928245,-0.673749,0.133776,-0.951608,-0.276668
0.561896,0.468312,0.681877,0.803339,-0.112342,-0.58483,-0.197279,0.876392,-0.439338
-0.449691,0.821546,0.350486,-0.414963,-0.539646,0.732522,0.790938,0.18397,0.583585
-0.663977,-0.746706,-0.0395496,-0.288582,0.207098,0.934789,-0.689823,0.632092,-0.352994
0.683408,-0.594363,-0.423894,0.317685,-0.280662,0.905707,-0.65729,-0.753632,-0.00298666
0.705981,0.256114,-0.660301,-0.216931,-0.809313,-0.545851,-0.67419,0.5286,-0.5158
-0.346376,0.816075,0.462651,-0.0216856,0.486083,-0.873643,-0.937845,-0.312642,-0.15067
-0.991841,-0.125676,0.0213857,0.106831,-0.910927,-0.398497,0.0695624,-0.392961,0.91692
-0.182398,0.467194,-0.865136,0.975959,0.192802,-0.101645,0.119312,-0.862877,-0.491129
-0.497252,-0.713141,-0.494136,-0.863147,0.464293,0.198518,0.0878532,0.525226,-0.846416
-0.320942,0.854735,-0.407951,0.506096,0.518857,0.688951,0.800539,0.0146513,-0.599101
0.204905,-0.973864,-0.0979947,-0.385909,0.0116258,-0.922464,0.899493,0.226834,-0.373441
0.0988392,0.812499,-0.574523,0.855901,-0.363922,-0.367417,-0.507607,-0.455419,-0.731388
-0.14981,-0.978767,-0.139902,0.767565,-0.0259396,-0.640446,0.623219,-0.203329,0.755153
-0.035653,0.226665,0.97332,-0.368058,-0.908459,0.198078,0.929119,-0.351176,0.115815
0.856821,-0.483386,0.179433,0.512037,0.756771,-0.406344,0.0606312,0.44004,0.895929
-0.0563692,0.774018,-0.630649,0.985072,-0.0597851,-0.161425,-0.162649,-0.630334,-0.759094
0.42891,-0.120223,-0.895312,-0.843742,-0.407365,-0.349504,-0.3227,0.905318,-0.27616
-0.326498,0.903338,0.278171,-0.738384,-0.0600361,-0.671703,-0.590075,-0.424706,0.686612
0.306949,-0.507622,-0.805048,-0.670852,0.484607,-0.56135,0.675085,0.712374,-0.19179
0.993222,-0.106361,-0.0468727,-0.068328,-0.860528,0.5048,-0.0940261,-0.498176,-0.861963
-0.518823,0.0650162,-0.852406,0.736393,0.540449,-0.406989,0.434221,-0.838861,-0.328275
-0.528028,0.457673,-0.715347,-0.0749545,-0.86418,-0.497568,-0.845912,-0.209112,0.490616
-0.962633,0.215087,0.164546,0.159832,0.941738,-0.295945,-0.218613,-0.258586,-0.940926
-0.904602,0.426223,-0.00536748,-0.4237,-0.900482,-0.0980368,-0.0466189,-0.0864101,0.995168
-0.228709,-0.868437,0.439897,-0.607192,0.480461,0.632831,-0.760927,-0.122368,-0.637194
0.893722,-0.140674,-0.425996,0.448335,0.246131,0.859311,-0.0160317,-0.958974,0.283042
-0.82745,0.256637,0.499463,0.411953,0.88187,0.229346,-0.381603,0.395528,-0.835426
-0.672368,-0.500394,0.54546,-0.693606,0.168548,-0.700359,0.258519,-0.849233,-0.460403
-0.31879,-0.623146,-0.714186,0.156979,-0.777805,0.608586,-0.934736,0.0818992,0.345777
-0.293574,0.786355,0.543562,0.0195207,0.57343,-0.819022,-0.955737,-0.229833,-0.183695
0.662135,0.446749,0.601658,-0.739453,0.519778,0.427831,-0.121596,-0.72818,0.674514
-0.46047,0.320857,0.827658,0.787236,0.578423,0.213745,-0.410155,0.749985,-0.518937
0.432512,0.701119,0.566891,0.476842,0.355743,-0.803784,-0.765216,0.617964,-0.18046
0.965617,0.202369,0.163188,0.0800608,0.365727,-0.927272,-0.247333,0.908455,0.33695
0.709119,-0.388156,0.588629,-0.497974,0.315318,0.807835,-0.499172,-0.865973,0.0303067
-0.705368,-0.0803606,-0.704272,0.24927,0.901972,-0.352577,0.663567,-0.42425,-0.616191
-0.789667,0.391496,0.472395,0.159789,0.874616,-0.457728,-0.592362,-0.285969,-0.753212
0.203526,0.905106,0.373311,0.55873,0.205735,-0.803426,-0.803989,0.372098,-0.463837
0.533759,-0.630078,0.564006,0.844726,0.428211,-0.321049,-0.0392277,0.647794,0.760805
0.77137,-0.567245,-0.288481,-0.63215,-0.735208,-0.244655,-0.0733141,0.371083,-0.925701
0.0589058,-0.997524,0.0384188,0.875581,0.0701129,0.477957,-0.479467,0.00548433,0.877543
0.696828,-0.399911,-0.5954,0.429121,0.897619,-0.100679,0.574705,-0.185343,0.797096
-0.450108,0.800164,0.396409,0.892908,0.408692,0.188906,-0.0108533,0.438985,-0.898429
0.642583,0.0200199,-0.765954,-0.520215,-0.722543,-0.45531,-0.56255,0.691036,-0.453879
-0.418242,0.740419,0.526168,0.891429,0.223338,0.394303,0.174436,0.633955,-0.753441
0.0241885,0.390173,-0.920424,-0.197191,0.904467,0.378227,0.980067,0.172351,0.0988164
0.365701,-0.681323,0.634083,0.123132,0.710702,0.692634,-0.922551,-0.175221,0.343798
0.141687,-0.989527,-0.0275872,0.695716,0.119365,-0.70833,0.704204,0.081168,0.705343
-0.905868,0.0209654,0.423041,0.0958857,-0.962694,0.253033,0.412564,0.269778,0.870064
-0.672293,-0.739727,0.028728,-0.280023,0.21819,-0.934869,0.68528,-0.636551,-0.353828
0.591613,0.582381,0.557518,0.673312,-0.737261,0.0556517,0.443447,0.34246,-0.828297
0.104931,-0.372357,-0.922138,0.532659,-0.76199,0.368302,-0.8398,-0.529831,0.118383
-0.506864,-0.478319,-0.717147,0.498466,0.51611,-0.696536,0.703293,-0.710522,-0.0231716
-0.178321,-0.864465,-0.470003,0.855761,-0.372013,0.359554,-0.485669,-0.338094,0.806113
-0.539284,0.266244,-0.798929,-0.436826,-0.899533,-0.0049083,-0.719969,0.346346,0.601406
0.513178,0.285215,0.809507,-0.398356,-0.756279,0.518994,0.760238,-0.588808,-0.274488
0.0932982,0.533807,-0.840444,0.995055,-0.0788823,0.0603597,-0.0340757,-0.841919,-0.538527
0.819115,0.567757,0.0818673,0.0822005,0.0250685,-0.9963,-0.567709,0.822814,-0.0261359
-0.0230084,0.992585,0.119354,0.196378,0.121547,-0.972966,-0.980258,0.00105221,-0.197718
-0.484892,0.437855,0.757075,-0.802484,0.121406,-0.584191,-0.347704,-0.890811,0.292503
0.276624,0.0252255,0.960647,0.243679,0.965142,-0.0955122,-0.92957,0.26051,0.260834
-0.310469,-0.794137,0.522452,-0.544245,0.599115,0.587247,-0.779363,-0.10202,-0.618212
-0.616264,0.251399,-0.746336,-0.753799,0.0861246,0.651437,0.228049,0.964044,0.136429
-0.734391,-0.207593,-0.646201,0.0844576,0.916728,-0.390483,0.673452,-0.341344,-0.655704
0.296749,-0.190045,-0.935854,0.337088,0.937759,-0.0835449,0.893483,-0.290673,0.342341
0.325403,0.851056,-0.412087,-0.020054,0.441919,0.896831,0.945363,-0.283568,0.160869
-0.781223,0.349758,-0.517069,0.531646,0.806891,-0.257447,0.327174,-0.476021,-0.816309
-0.728265,0.446027,0.520279,0.615863,0.0929814,0.782347,0.300572,0.890176,-0.342407
0.317744,0.576222,0.752998,0.199619,0.735702,-0.647221,-0.926925,0.355964,0.11874
-0.71218,-0.584058,-0.389455,0.507183,-0.0445279,-0.860687,0.485349,-0.81049,0.327936
0.809106,-0.261697,0.526178,-0.323616,0.548964,0.770656,-0.490531,-0.793822,0.359481
0.0494359,0.265457,-0.962854,-0.496996,-0.829668,-0.254255,-0.866344,0.491104,0.0909156
-0.680362,0.539649,-0.49587,0.245831,0.805453,0.53927,0.690416,0.244998,-0.680662
-0.841599,-0.4717,-0.263079,0.300987,-0.00516011,-0.953614,0.448462,-0.881744,0.146318
0.0539347,0.954398,0.293625,0.914838,-0.165081,0.368538,0.400204,0.248742,-0.882023
0.238723,-0.958887,0.153448,0.504609,-0.0125176,-0.863257,0.829687,0.283511,0.480875
0.287931,-0.643922,0.708844,-0.957276,-0.172825,0.231847,-0.0267857,-0.745316,-0.666173
0.229613,-0.958439,0.169328,-0.970788,-0.213085,0.110296,-0.0696304,-0.189707,-0.979369
-0.783497,-0.477183,-0.398032,-0.233198,0.81952,-0.523455,0.575979,-0.317305,-0.753369
-0.119887,0.944112,0.307051,0.0847368,0.317884,-0.944335,-0.989165,-0.0871949,-0.118111
-0.637282,-0.701772,-0.318415,-0.524863,0.0927198,0.846122,-0.564261,0.706342,-0.427423
0.49257,-0.796554,0.350537,0.288285,0.529395,0.797893,-0.821137,-0.291964,0.490399
-0.742679,0.0888565,0.663726,-0.583171,0.40136,-0.706274,-0.32915,-0.9116,-0.246263
0.131033,0.321307,0.937866,-0.832123,0.549881,-0.0721271,-0.53889,-0.770968,0.33942
0.0161132,-0.409193,0.912306,0.166278,-0.898622,-0.405993,0.985947,0.158238,0.0535601
-0.970953,-0.0741835,0.227481,0.233901,-0.494579,0.837068,0.0504108,0.865961,0.497564
0.432774,-0.50259,0.748405,0.844749,-0.0638193,-0.531344,0.314811,0.862166,0.396943
-0.164032,-0.138197,-0.976727,0.723015,-0.690424,-0.0237357,-0.671076,-0.710081,0.21317
-0.738215,-0.67127,0.0666034,0.601333,-0.699597,-0.385956,0.305677,-0.244868,0.92011
0.66924,-0.126954,-0.73212,-0.143043,-0.988878,0.0407196,-0.729148,0.0774734,-0.679957
0.710716,0.159413,-0.685179,-0.378308,0.90777,-0.181207,0.593099,0.387996,0.705474
0.344409,-0.492484,0.799276,0.839004,-0.220551,-0.497423,0.421254,0.841913,0.337236
0.993717,0.0877292,-0.0694929,-0.108092,0.591351,-0.799137,-0.029013,0.801628,0.597119
-0.327985,-0.697097,-0.637559,0.569649,-0.684329,0.455185,-0.753609,-0.213891,0.62155
0.746155,-0.117402,-0.65534,0.179036,0.983454,0.0276633,0.641248,-0.13797,0.754828
-0.301412,0.219425,-0.927903,-0.224692,-0.9621,-0.154524,-0.926641,0.161917,0.339292
-0.130908,-0.926135,0.353747,0.526632,-0.367273,-0.766661,0.839953,0.0859324,0.535811
-0.296529,0.475134,0.828443,0.478613,0.824596,-0.301615,-0.826438,0.307066,-0.471922
0.132047,0.342879,0.930053,-0.266548,-0.891427,0.366483,0.954734,-0.296296,-0.0263165
-0.902778,0.411775,0.124233,-0.40985,-0.911191,0.0418697,0.130441,-0.0131181,0.991369
0.476747,0.374467,-0.795291,-0.525703,-0.603649,-0.59937,-0.704521,0.703834,-0.0909289
-0.732835,-0.114312,0.670735,-0.640296,-0.217597,-0.736663,0.230159,-0.969322,0.0862697
0.195394,-0.776532,-0.599016,0.837321,-0.185911,0.514131,-0.510603,-0.602026,0.61388
-0.205097,-0.164312,-0.964851,0.0748303,0.980289,-0.182848,0.975877,-0.109702,-0.188759
0.52167,0.638779,0.565528,-0.77878,0.627219,0.00992407,-0.34837,-0.445599,0.82467
-0.356191,-0.138279,0.924125,-0.907357,0.287454,-0.306716,-0.223231,-0.94776,-0.227857
-0.798937,-0.0362169,0.600324,0.598779,-0.141251,0.78836,0.0562446,0.989311,0.134537
0.00929661,-0.80564,-0.592332,0.298397,0.567604,-0.767323,0.954397,-0.169616,0.245677
-0.237556,0.117438,-0.964249,0.549046,-0.802652,-0.233021,-0.801321,-0.584772,0.126196
-0.031696,0.185717,-0.982092,-0.282906,0.940736,0.187027,0.958624,0.283768,0.0227229
0.87996,0.474238,0.0277335,-0.401883,0.712032,0.57576,0.2533,-0.517792,0.817148
-0.939678,0.271126,0.208559,0.329337,0.881856,0.337442,-0.0924301,0.385773,-0.917952
0.278285,0.512627,-0.812262,-0.134629,0.858137,0.495455,0.951016,-0.0285238,0.307822
-0.89507,0.0902342,0.436701,-0.154803,0.855534,-0.494063,-0.418194,-0.509823,-0.751794
-0.570466,0.49897,-0.652379,0.676001,0.736372,-0.0279098,0.466468,-0.45693,-0.757379
0.99389,-0.0481289,-0.0993322,0.0427998,-0.661476,0.748744,-0.101742,-0.748421,-0.655374
0.292192,-0.932827,-0.210849,-0.910357,-0.338848,0.237554,-0.293042,0.122537,-0.948215
0.853966,-0.389395,-0.345127,-0.409305,-0.0931846,-0.907627,0.321265,0.916345,-0.238958
-0.74082,0.671349,0.0217922,-0.472227,-0.497471,-0.727684,-0.477689,-0.549374,0.685566
0.776889,-0.420488,-0.468651,0.257524,-0.467015,0.845919,-0.574566,-0.777874,-0.254533
-0.648628,-0.504402,0.569965,-0.748719,0.557418,-0.358754,-0.136753,-0.659442,-0.739212
-0.74642,0.571848,0.340365,-0.583442,-0.808342,0.0786098,0.320084,-0.139907,0.937002
0.0217635,0.682339,-0.730712,-0.185999,-0.715361,-0.673545,-0.982309,0.15057,0.111346
0.109605,-0.677891,-0.726946,0.644168,-0.508538,0.571346,-0.756991,-0.530897,0.380938
-0.80037,-0.595731,0.0671763,-0.420279,0.477652,-0.771501,0.42752,-0.645719,-0.632672
-0.951835,0.289437,0.101172,-0.187309,-0.810151,0.555491,0.242744,0.509786,0.825345
-0.433854,0.861356,-0.264265,-0.205614,0.190912,0.959831,0.877208,0.470763,0.094279
-0.140148,0.968752,0.204643,-0.737991,0.035587,-0.673871,-0.660097,-0.245467,0.709943
-0.00793723,-0.965127,-0.261663,-0.827218,0.153355,-0.540549,0.561825,0.212162,-0.799587
0.523209,0.132377,0.84186,-0.216951,0.976005,-0.018637,-0.824127,-0.172891,0.539373
-0.425338,-0.875615,0.228882,0.596117,-0.461338,-0.657123,0.680979,-0.143059,0.718194
-0.968174,-0.102281,-0.228424,0.239663,-0.641859,-0.728408,-0.072114,-0.759971,0.645944
0.139128,0.644337,-0.751979,0.806272,-0.514591,-0.291757,-0.574952,-0.565708,-0.591105
0.994444,0.0862673,0.0603319,-0.00670014,0.623815,-0.781543,-0.105058,0.776796,0.620927
-0.972809,0.0322021,0.229359,-0.0525315,0.933802,-0.353914,-0.225573,-0.356339,-0.906719
0.563406,0.792874,0.232216,-0.445282,0.52817,-0.723022,-0.695915,0.303953,0.650626
0.456957,0.23228,-0.858625,-0.816768,-0.272701,-0.508454,-0.352251,0.933638,0.0651067
-0.158551,-0.854321,-0.494973,0.457371,-0.507833,0.730012,-0.875028,-0.110642,0.471259
0.13271,-0.988274,-0.0755136,-0.884503,-0.0837059,-0.458963,0.447261,0.127701,-0.88524
-0.0646469,-0.997412,-0.0314748,-0.877762,0.041831,0.477267,-0.474715,0.0584812,-0.878195
0.0215204,0.628881,-0.777204,0.787063,0.468709,0.401053,0.616497,-0.620339,-0.484882
0.023331,0.284183,-0.958486,-0.318796,0.91081,0.262287,0.947536,0.299442,0.111847
-0.112962,0.987716,-0.107966,-0.993219,-0.115255,-0.0152236,-0.0274803,0.105514,0.994038
-0.319283,-0.455116,0.831221,-0.63835,0.751567,0.166305,-0.700406,-0.477511,-0.530486
-0.589338,0.567815,0.574688,-0.218493,0.572815,-0.790028,-0.777779,-0.591159,-0.213518
-0.0205645,0.207837,-0.977947,-0.936051,0.339659,0.0918692,0.351262,0.917298,0.187561
-0.290311,0.955673,0.0490703,0.943888,0.277539,0.17902,0.157466,0.0982884,-0.982621
0.639729,-0.319119,-0.699221,0.760704,0.132815,0.635366,-0.10989,-0.938362,0.32772
0.771684,0.620647,-0.138932,-0.606415,0.652155,-0.454923,-0.191741,0.435307,0.879627
0.376773,0.419463,0.825889,-0.0474103,0.899159,-0.435047,-0.925092,0.124758,0.358665
0.295961,0.735588,-0.609358,0.751858,0.214082,0.623602,0.589167,-0.642712,-0.489698
0.0384901,-0.620255,0.783455,0.970047,-0.164998,-0.178284,0.23985,0.76685,0.595326
0.552861,0.827581,-0.0972324,0.327154,-0.322896,-0.888092,-0.766364,0.459182,-0.449263
-0.0314887,0.968467,-0.247143,0.521417,0.22687,0.82259,0.852721,-0.102962,-0.512119
-0.203036,-0.307111,0.929763,-0.0621299,0.951668,0.300779,-0.977198,0.00330276,-0.212303
-0.93494,-0.354026,0.0235108,0.276925,-0.769539,-0.575432,0.221811,-0.531484,0.817511
0.660401,-0.460978,-0.592765,-0.134772,0.703811,-0.697486,0.73872,0.540508,0.40267
-0.306149,0.209145,0.928726,0.391003,0.917109,-0.0776372,-0.86798,0.339366,-0.362548
0.229813,0.57225,-0.78722,-0.620666,-0.536861,-0.571449,-0.74964,0.619927,0.231799
-0.246846,0.820982,0.514836,-0.298973,-0.56988,0.76541,0.921782,0.0350167,0.386124
-0.82228,-0.163567,-0.54507,0.398923,0.517402,-0.75707,0.405852,-0.839965,-0.360199
-0.536979,-0.422589,0.730118,-0.781457,-0.0768353,-0.61921,0.31777,-0.903059,-0.288977
-0.475894,-0.0442778,-0.878387,0.797787,-0.442138,-0.409939,-0.370217,-0.895853,0.245735
-0.577655,0.815954,-0.0230884,0.270914,0.218322,0.937519,0.770013,0.535308,-0.347168
0.94785,0.188187,-0.257228,-0.13369,-0.497883,-0.856878,-0.289322,0.84658,-0.446759
-0.220251,-0.973419,0.0628063,0.0254786,-0.0701065,-0.997214,0.97511,-0.218037,0.0402423
0.24637,-0.962888,0.110217,0.727685,0.258895,0.635175,-0.640137,-0.076285,0.764464
0.840002,0.469353,-0.272222,-0.536292,0.642023,-0.547902,-0.0823867,0.606229,0.791011
0.225383,0.390236,-0.892703,0.973412,-0.128651,0.189522,-0.0408888,-0.911682,-0.408856
-0.161298,0.945346,-0.28338,0.709008,0.310738,0.633048,0.686506,-0.0988095,-0.720379
-0.000231367,-0.0787718,-0.996893,-0.278955,-0.957315,0.0757092,-0.960304,0.278106,-0.0217523
-0.0214231,0.592071,-0.805601,-0.368353,0.744427,0.556906,0.929439,0.308676,0.202143
-0.487518,0.801438,-0.346442,0.862427,0.50391,-0.0479049,0.136183,-0.322136,-0.936847
0.200875,0.811634,-0.548543,-0.546182,0.557638,0.62508,0.813225,0.174041,0.555315
-0.0720725,0.857129,0.510035,0.980948,0.15341,-0.119194,-0.180409,0.491727,-0.851855
-0.849384,0.267165,0.455158,0.51982,0.274315,0.809036,0.0912897,0.923782,-0.371876
-0.80983,0.167576,-0.562223,0.115732,0.985137,0.126928,0.575137,0.0377226,-0.817187
0.333567,-0.217882,0.917203,-0.928017,0.0953046,0.36014,-0.165882,-0.971311,-0.170408
-0.155343,0.961294,-0.227557,-0.922739,-0.0589483,0.380891,0.352734,0.269144,0.896181
0.261969,-0.0268498,0.964703,0.190526,0.981378,-0.0244244,-0.946082,0.1902,0.262206
0.0226994,0.731172,0.681815,0.979764,0.11939,-0.160652,-0.198866,0.671664,-0.713666
-0.170427,0.718082,-0.674768,-0.512742,-0.649401,-0.561582,-0.841457,0.250273,0.478867
0.738299,0.0102205,0.674396,0.44486,-0.75894,-0.475511,0.506966,0.651081,-0.564871
-0.296429,-0.710075,-0.638689,0.944488,-0.11875,-0.306334,0.141676,-0.694041,0.705858
0.804957,-0.252101,0.537111,0.472679,0.819636,-0.323685,-0.358634,0.514434,0.778935
0.340566,-0.304336,0.889603,0.811731,0.572626,-0.114857,-0.474455,0.761235,0.442056
0.366961,0.349166,-0.86222,0.49246,-0.859264,-0.138378,-0.789191,-0.373829,-0.487267
-0.581597,0.756917,0.298028,0.643948,0.20452,0.737226,0.497066,0.620683,-0.606364
0.702757,0.248981,0.666439,-0.167538,0.968333,-0.1851,-0.691421,0.0184267,0.722217
0.600039,0.509281,-0.616917,-0.425057,0.856278,0.293451,0.677701,0.0861424,0.730274
-0.970698,0.236106,0.0447174,-0.215987,-0.775665,-0.593038,-0.105334,-0.585319,0.803932
0.579635,0.388267,-0.71643,-0.144546,-0.816256,-0.559314,-0.801954,0.427755,-0.417008
-0.256619,-0.785645,0.562947,-0.423175,-0.432324,-0.796253,0.868947,-0.442558,-0.221523
-0.339477,0.60587,0.719498,-0.657932,-0.69961,0.278695,0.672221,-0.37877,0.636123
-0.808151,-0.0430495,-0.5874,0.0318198,-0.99906,0.0294413,-0.588115,0.00510207,0.808761
-0.653715,-0.688924,0.313114,0.552652,-0.71728,-0.424364,0.516945,-0.10437,0.849632
0.543318,0.313694,0.778718,0.799041,0.0913508,-0.594296,-0.257564,0.94512,-0.201022
0.286642,-0.829679,0.47903,-0.50555,-0.55572,-0.659996,0.813791,-0.0529909,-0.578737
-0.375079,-0.644395,-0.666387,-0.82256,-0.100117,0.559796,-0.427446,0.758111,-0.492501
-0.5481,-0.360607,0.754685,0.450023,-0.887697,-0.097328,0.705029,0.28628,0.648828
0.761777,0.466921,0.449089,0.589063,-0.787741,-0.180191,0.269631,0.401807,-0.875129
0.431083,-0.901585,0.0362197,-0.0621834,-0.06973,-0.995626,0.900167,0.426945,-0.0861231
-0.748883,-0.451052,0.485516,-0.274118,-0.456184,-0.846614,0.603352,-0.767104,0.217987
0.813225,0.463166,-0.352338,-0.357467,-0.0801882,-0.930477,-0.459218,0.882636,0.100356
0.188639,0.970908,-0.147487,0.86444,-0.235431,-0.444202,-0.466002,-0.0436997,-0.883704
-0.939093,-0.105908,0.326938,-0.324364,0.587474,-0.741392,-0.113548,-0.802283,-0.586045
-0.894148,0.391236,0.217794,0.339386,0.274861,0.899594,0.29209,0.878286,-0.378546
0.255749,0.761419,-0.59568,0.281279,0.530906,0.799387,0.924919,-0.371995,-0.0783927
0.958629,-0.245717,-0.143713,-0.144908,-0.855792,0.49661,-0.245014,-0.45524,-0.855994
0.579964,-0.701745,-0.413757,-0.572839,-0.712425,0.405347,-0.579221,0.0019296,-0.815168
-0.797228,-0.0665129,-0.600003,0.225711,0.888984,-0.398451,0.559895,-0.453083,-0.69371
0.535844,-0.20248,0.819679,0.589157,-0.60573,-0.534776,0.604785,0.769476,-0.205284
-0.377003,0.217037,0.900424,-0.893186,0.172094,-0.415454,-0.245126,-0.960874,0.128974
-0.459691,-0.64282,-0.612754,0.885915,-0.380065,-0.265905,-0.0619574,-0.665082,0.744196
-0.483564,0.67681,-0.555063,0.43999,0.736145,0.514295,0.756687,0.00447237,-0.653762
0.718493,0.647749,-0.253356,0.377703,-0.0574929,0.92414,0.584045,-0.759682,-0.285965
0.820077,-0.557568,-0.128811,-0.328426,-0.642911,0.691955,-0.468626,-0.525151,-0.710356
-0.72774,-0.420655,0.541705,0.0124167,-0.797777,-0.602824,0.685741,-0.431973,0.585797
0.886471,0.460747,0.0433773,-0.0367029,-0.0234404,0.999051,0.461327,-0.887222,-0.00386844
0.159339,0.886288,-0.434861,0.869186,0.0829209,0.487483,0.468109,-0.455651,-0.757137
0.453476,-0.729719,-0.511733,-0.213898,0.468277,-0.8573,0.865221,0.498223,0.0562667
0.40825,-0.463368,0.786525,0.770911,-0.286445,-0.568899,0.488906,0.838594,0.240274
-0.421548,0.815068,-0.397444,-0.199391,-0.510877,-0.83621,-0.884613,-0.273256,0.377877
0.917155,-0.101967,0.385265,0.13157,-0.835043,-0.534222,0.376186,0.540653,-0.752448
0.49886,-0.121806,-0.858081,0.496157,0.851919,0.167518,0.710611,-0.50931,0.485423
-0.211955,0.0470684,0.976145,0.946006,0.260542,0.192848,-0.24525,0.964315,-0.0997501
-0.524129,-0.635361,-0.567102,-0.833439,0.24574,0.494965,-0.175121,0.732071,-0.658335
-0.530713,-0.160544,-0.832208,-0.768643,0.50489,0.392777,0.357116,0.848122,-0.391353
0.877234,-0.0455761,0.477894,-0.0731484,-0.996549,0.0392334,0.474457,-0.0693741,-0.877541
0.375828,-0.17564,-0.909892,0.120971,0.982771,-0.139741,0.91876,-0.0575524,0.3906
0.135928,0.936096,0.324421,0.987429,-0.101343,-0.121299,-0.0806698,0.33683,-0.938103
0.0363927,0.984269,0.17289,0.745337,-0.141978,0.651395,0.665694,0.105156,-0.738778
-0.472791,0.0181741,0.880987,0.869343,0.172908,0.462975,-0.143915,0.98477,-0.0975487
0.554285,0.422467,-0.71714,0.368418,0.648074,0.666534,0.746349,-0.633657,0.203573
0.964778,-0.0426564,0.259583,0.134575,-0.767842,-0.626345,0.226036,0.639217,-0.735057
0.248822,-0.801007,0.544496,-0.957848,-0.120168,0.260936,-0.143581,-0.586471,-0.797143
-0.0744031,-0.451855,0.888983,0.880678,-0.447986,-0.153996,0.467836,0.77145,0.43127
-0.991375,0.0603748,-0.116319,0.130967,0.424115,-0.896088,-0.00476856,-0.903594,-0.428364
0.641774,0.701173,-0.310618,0.168466,-0.524038,-0.834867,-0.748161,0.483468,-0.454438
0.671717,0.573377,0.469079,-0.660305,0.176342,0.730001,0.335848,-0.800089,0.497055
-0.588658,0.164421,-0.791484,-0.247453,-0.968747,-0.0172049,-0.769577,0.185727,0.610947
-0.904323,0.095772,-0.415966,-0.42659,-0.168825,0.888549,0.0148727,0.980982,0.193527
0.0760946,0.0744568,-0.994317,-0.919499,-0.380457,-0.0988585,-0.385656,0.921796,0.0395122
-0.591136,0.426473,0.684602,0.655247,0.748862,0.0992841,-0.47033,0.507273,-0.722124
-0.619317,0.0905908,-0.779897,-0.561802,0.642773,0.52079,0.548476,0.760681,-0.347186
-0.00967788,-0.551138,0.834358,-0.881033,0.399351,0.253573,-0.472955,-0.732643,-0.489436
0.99637,-0.0474361,0.0706812,-0.0842704,-0.43241,0.897731,-0.0120216,-0.900429,-0.434838
-0.315737,0.947781,-0.0449659,-0.115038,0.00880348,0.993322,0.941847,0.318801,0.106252
0.72407,0.0880833,0.684079,-0.00832237,0.992855,-0.119033,-0.689677,0.080495,0.71963
-0.359567,-0.678538,-0.640545,0.717584,0.237731,-0.654643,0.596477,-0.695033,0.401428
-0.238631,-0.68981,-0.683533,-0.65915,0.631947,-0.407633,0.713146,0.353277,-0.60549
0.331815,0.6806,-0.653209,-0.917425,0.39402,-0.0554877,0.219612,0.617682,0.755142
-0.481541,-0.799901,-0.358157,-0.43007,-0.140407,0.89181,-0.763648,0.583476,-0.276402
0.790469,-0.318826,-0.52298,-0.590435,-0.169519,-0.789082,0.162925,0.932531,-0.322245
0.844273,-0.347723,-0.40779,0.48138,0.826483,0.291888,0.235535,-0.442735,0.865164
-0.635279,-0.440359,0.634433,0.603276,-0.795857,0.0516781,0.48216,0.415568,0.771249
-0.0908928,0.314557,-0.944877,-0.757563,-0.637699,-0.139421,-0.646402,0.703132,0.296259
0.554774,0.726921,-0.404736,0.428094,0.167726,0.888033,0.713415,-0.665923,-0.218141
-0.719154,-0.521807,0.458842,-0.47299,-0.116119,-0.873382,0.509017,-0.845124,-0.163302
-0.500966,-0.433233,0.749227,0.84456,-0.433845,0.313844,0.189081,0.789992,0.583233
-0.559247,-0.311807,-0.768127,-0.181428,0.950142,-0.253601,0.808904,-0.00246587,-0.587935
-0.0561625,-0.993503,0.0989816,0.391525,0.0692822,0.917555,-0.918452,0.090286,0.385091
0.885031,-0.231015,-0.404169,0.312478,-0.348752,0.883589,-0.345077,-0.908297,-0.236469
-0.671362,-0.325458,0.665846,-0.214995,-0.774262,-0.595227,0.709261,-0.542766,0.449838
-0.0362305,0.936894,-0.347732,0.36314,0.336517,0.868842,0.93103,-0.0947965,-0.352416
-0.618623,0.0469238,-0.784285,-0.573724,0.655016,0.491727,0.536793,0.754157,-0.378287
-0.625186,0.779893,-0.0301575,-0.464339,-0.340615,0.81754,0.627321,0.525118,0.575082
0.168513,-0.893973,0.415229,0.010806,-0.419552,-0.907667,0.98564,0.157441,-0.0610399
-0.610495,0.652501,0.44893,-0.523585,0.092804,-0.846904,-0.594268,-0.752084,0.284984
0.212647,-0.00986612,0.977079,0.684999,0.714598,-0.141864,-0.696819,0.699466,0.158715
-0.914733,0.273068,-0.297822,0.237711,0.95971,0.149833,0.326738,0.0662612,-0.942789
0.649689,-0.671923,-0.355561,0.263512,0.637776,-0.723743,0.713067,0.376513,0.591416
0.318398,-0.0254402,0.947616,-0.946381,-0.0661574,0.316207,0.0546474,-0.997485,-0.0451405
-0.116756,-0.4081,0.905441,0.647239,0.660222,0.381036,-0.753292,0.630525,0.187053
0.868873,0.489254,-0.0754355,0.154439,-0.412681,-0.897688,-0.470328,0.768326,-0.434127
0.161819,-0.732486,-0.66127,0.986655,0.132377,0.0948105,0.0180898,-0.667788,0.744132
-0.863437,-0.151065,-0.481306,-0.411447,-0.341137,0.845184,-0.291869,0.927796,0.232395
-0.355321,-0.517027,-0.778736,0.920787,-0.33703,-0.196371,-0.160929,-0.786825,0.595825
0.220672,0.952805,-0.208488,-0.924131,0.27261,0.267706,0.311908,0.133594,0.940673
-0.913597,-0.406609,0.00303255,0.400699,-0.901536,-0.163318,0.0691408,-0.147992,0.986569
0.685756,0.370099,-0.62671,0.460941,0.445542,0.767481,0.563269,-0.815181,0.134939
0.96893,-0.244808,0.0352747,0.212629,0.751594,-0.624416,0.12635,0.612516,0.780295
0.303571,0.625236,-0.718975,-0.80769,0.56916,0.153925,0.505452,0.533982,0.677777
-0.277949,-0.935467,0.218281,0.489901,-0.333507,-0.805463,0.826282,-0.116942,0.550984
-0.658763,0.689013,-0.302146,0.646584,0.723819,0.240862,0.384657,-0.0366917,-0.92233
-0.056937,-0.876047,-0.478853,0.170562,0.464045,-0.869236,0.983701,-0.131166,0.122999
0.0146737,-0.833745,-0.551955,-0.656997,0.408086,-0.633893,0.75375,0.371935,-0.54178
-0.591703,0.718763,0.365057,-0.526644,-0.00179195,-0.850084,-0.610355,-0.695252,0.379592
0.270825,0.236125,-0.93322,0.331904,-0.932907,-0.139726,-0.9036,-0.271898,-0.331025
-0.505653,0.227629,-0.832166,0.604563,-0.594638,-0.530009,-0.615483,-0.771097,0.163065
-0.0341696,0.676986,0.735202,0.83887,-0.380444,0.389307,0.543258,0.630041,-0.554904
-0.0306014,-0.234115,-0.971727,-0.186219,0.956497,-0.224581,0.982032,0.174082,-0.0728669
0.803531,0.594312,0.0336285,-0.594319,0.797798,0.101503,0.0334958,-0.101547,0.994267
-0.79545,0.0460214,-0.60427,-0.362694,0.762668,0.535529,0.485503,0.645151,-0.589972
-0.634679,-0.00373828,0.772767,-0.133758,-0.984364,-0.114618,0.761112,-0.176109,0.624255
-0.98608,-0.060179,-0.155001,-0.150801,0.716365,0.681235,0.0700409,0.695126,-0.715468
0.627234,-0.759734,-0.17141,-0.0992792,0.140296,-0.98512,0.772477,0.634918,0.012573
-0.368068,-0.270784,-0.889495,0.886959,-0.38929,-0.248509,-0.278979,-0.880414,0.38346
-0.50695,-0.524474,-0.684053,-0.457353,0.836332,-0.302286,0.730637,0.15961,-0.663848
-0.677115,-0.123958,-0.725361,0.735742,-0.0951577,-0.670544,0.0140958,-0.987714,0.155634
0.892328,-0.112551,-0.437131,-0.433608,0.0553886,-0.899397,0.12544,0.992101,0.000621548
0.444034,-0.877832,0.179569,0.815245,0.478966,0.325528,-0.371766,0.00184734,0.928325
-0.706379,0.69865,0.113657,-0.443585,-0.3118,-0.840246,-0.551599,-0.643948,0.530159
0.313362,0.0405917,-0.948766,-0.518257,-0.829876,-0.206677,-0.795747,0.556469,-0.239014
0.0474628,-0.227918,-0.972523,-0.919953,0.369332,-0.131453,0.389145,0.900915,-0.192144
0.15511,-0.757301,-0.634379,-0.947345,-0.296119,0.121865,-0.28014,0.582073,-0.763356
-0.434425,0.664828,0.607683,-0.100951,0.634482,-0.766316,-0.895033,-0.394253,-0.20852
-0.231244,-0.668869,0.706499,0.962233,-0.264455,0.0645792,0.143642,0.694751,0.704761
-0.420537,0.126055,-0.898476,0.0854049,0.991404,0.0991181,0.903247,-0.0350514,-0.427688
0.0729406,-0.70767,-0.702768,0.404561,0.665062,-0.627712,0.911597,-0.238527,0.334806
-0.0872011,0.99107,0.100874,-0.97846,-0.104229,0.178193,0.187115,-0.0831626,0.978811
0.066352,-0.635934,-0.768885,0.995952,0.0890441,0.0122999,0.0606428,-0.766589,0.639268
0.952669,0.118428,-0.279992,0.209999,-0.922312,0.324408,-0.219821,-0.367851,-0.903529
0.987,0.114862,0.112419,-0.114901,0.0151977,0.993261,0.11238,-0.993265,0.028198
-0.549169,-0.824753,0.134894,0.819986,-0.562935,-0.103571,0.161357,0.0537333,0.985432
0.0065971,0.999843,-0.0164268,-0.0459574,-0.0161066,-0.998814,-0.998922,0.0073442,0.0458439
0.126824,0.39827,-0.908458,-0.590754,0.76604,0.253362,0.796822,0.504543,0.332432
-0.377872,-0.771542,-0.511797,0.527783,0.274669,-0.803743,0.760696,-0.573829,0.303417
0.00802435,-0.934141,0.356815,-0.710366,0.245813,0.659512,-0.703787,-0.258761,-0.661609
-0.138831,-0.00107919,-0.990316,0.642711,-0.76089,-0.0892715,-0.753424,-0.648881,0.106328
0.963815,-0.195939,-0.180743,0.125693,-0.263882,0.95633,-0.235077,-0.944444,-0.229705
0.719393,-0.338411,-0.606591,0.293944,0.93956,-0.175565,0.629342,-0.052003,0.775387
0.190687,0.802408,0.565491,0.073025,0.56287,-0.823313,-0.978931,0.19829,0.0487363
-0.108556,0.734801,-0.669539,0.472113,0.630825,0.615767,0.874828,-0.249253,-0.415389
0.0329475,0.304358,-0.951988,0.596624,-0.770165,-0.225579,-0.801844,-0.560546,-0.206962
-0.808117,-0.54289,-0.228512,-0.00971074,-0.375619,0.926723,-0.588942,0.75112,0.298272
-0.429566,0.576974,0.694675,0.470923,0.799512,-0.372844,-0.770522,0.166977,-0.615154
-0.229181,0.80984,0.540032,0.0719156,-0.539195,0.839105,0.970723,0.231144,0.0653332
-0.304849,0.229039,-0.92445,0.944368,0.198492,-0.262239,0.123433,-0.952965,-0.276808
-0.877179,-0.171188,-0.44861,0.425942,-0.708703,-0.562417,-0.221653,-0.684423,0.694576
0.319201,-0.339351,0.884845,-0.36894,0.815531,0.445861,-0.872923,-0.468774,0.135118
0.549531,0.781109,-0.296452,0.812007,-0.58285,-0.0305161,-0.196624,-0.223952,-0.95456
-0.842549,-0.221048,0.49117,0.130381,0.801085,0.584178,-0.522601,0.556238,-0.646133
0.350099,0.917977,-0.18641,-0.614721,0.0750013,-0.785171,-0.706787,0.389478,0.590558
0.941098,-0.313819,0.125908,-0.04988,-0.497131,-0.866241,0.334435,0.808937,-0.483502
-0.973059,-0.138822,0.184076,0.0814713,-0.953934,-0.288743,0.21568,-0.265967,0.939544
0.646351,0.692324,-0.320809,0.762974,-0.580853,0.283691,0.010063,-0.428132,-0.90366
-0.42849,-0.902099,-0.0511346,0.690257,-0.363335,0.625726,-0.583045,0.232821,0.778365
-0.255731,-0.185487,-0.948787,-0.728031,0.682665,0.0627694,0.636061,0.706798,-0.309618
-0.0701102,-0.478655,-0.875199,0.897228,0.353184,-0.265034,0.435966,-0.803835,0.404701
0.214437,-0.334882,0.917535,0.163945,0.9384,0.304182,-0.962881,0.0851971,0.25613
0.160038,0.939223,0.303722,0.773882,-0.310387,0.552057,0.612777,0.146695,-0.776521
-0.561771,0.784134,-0.263716,-0.827252,-0.529289,0.188434,0.00817551,0.324016,0.946016
0.68096,-0.265944,0.682325,-0.718293,-0.424049,0.551577,0.14265,-0.865711,-0.479786
0.107538,0.0975962,-0.989399,-0.60199,-0.785609,-0.142924,-0.79123,0.610978,-0.025731
0.369938,0.0923201,-0.924458,-0.758676,0.604354,-0.243244,0.536244,0.791349,0.293614
-0.558249,0.370462,0.742372,-0.0426287,0.880787,-0.471591,-0.828577,-0.294911,-0.475906
0.821725,0.567488,0.0521959,-0.569336,0.8215,0.0315297,-0.0249862,-0.0556257,0.998139
0.377507,0.917805,-0.122971,-0.0646304,-0.106359,-0.992225,-0.923748,0.38252,0.019167
0.594478,-0.710056,0.377382,0.75847,0.651012,0.030104,-0.267056,0.268337,0.925568
0.40756,0.738818,-0.536696,-0.798495,0.573483,0.183093,0.443058,0.353927,0.823671
-0.863231,-0.365501,-0.348197,-0.0734285,-0.59151,0.802947,-0.49944,0.718696,0.483772
-0.254785,0.822418,0.508638,0.493454,-0.341781,0.799805,0.831617,0.454768,-0.318745
-0.83461,-0.382941,0.395957,-0.535485,0.395492,-0.746218,0.12916,-0.83483,-0.535141
0.523013,0.805123,-0.279704,-0.503227,0.0268322,-0.863738,-0.68791,0.5925,0.419193
0.340551,-0.892775,-0.294921,-0.572286,-0.445695,0.688363,-0.745998,-0.0656433,-0.662705
-0.484,0.220461,0.846842,0.0521188,0.973289,-0.223591,-0.873515,-0.0640818,-0.482562
-0.62968,0.314974,-0.710137,0.648244,0.716796,-0.256872,0.428115,-0.622089,-0.655532
0.34035,-0.937126,-0.0771817,-0.083457,-0.111864,0.990213,-0.936588,-0.330578,-0.116283
0.474408,0.529946,-0.702919,-0.3111,-0.646041,-0.697028,-0.823501,0.549353,-0.141621
-0.427773,0.902087,-0.056998,-0.878008,-0.399719,0.263298,0.214735,0.162677,0.963029
-0.88076,0.28654,-0.377037,-0.445755,-0.23282,0.864348,0.159889,0.929349,0.332785
-0.58026,-0.809165,0.0924728,0.0645661,0.0674814,0.995629,-0.811868,0.583694,0.0130879
-0.187781,0.90289,0.386688,-0.307286,-0.427933,0.84997,0.932906,0.040784,0.357803
0.80789,0.555862,0.195784,-0.518601,0.828354,-0.211856,-0.279941,0.0696227,0.957489
-0.159239,0.486798,0.858877,-0.405048,-0.825599,0.392839,0.900322,-0.285331,0.328644
0.440737,0.607717,-0.660629,-0.767617,-0.126338,-0.628334,-0.465312,0.78404,0.410812
-0.00925407,0.794408,0.607313,0.877269,0.297931,-0.376347,-0.47991,0.529294,-0.699667
0.142934,-0.972766,0.182475,0.764132,0.225637,0.604309,-0.629024,0.0530589,0.775573
0.137237,-0.459914,0.877294,-0.902264,-0.42353,-0.0808893,0.408762,-0.78045,-0.473088
0.854604,-0.510459,0.0953065,0.515967,0.814029,-0.266712,0.0585629,0.277108,0.959052
0.807689,-0.545742,-0.22317,0.0143321,0.396565,-0.917895,0.589435,0.738175,0.328123
-0.605468,0.357357,0.711129,-0.496775,0.52839,-0.68849,-0.62179,-0.77013,-0.142397
-0.380546,-0.889299,-0.253638,-0.39638,0.40466,-0.824095,0.835504,-0.213069,-0.506492
0.636313,0.722523,-0.270307,0.362972,0.0287706,0.931356,0.680703,-0.690748,-0.243949
0.914249,-0.00693815,0.405093,-0.371493,-0.413366,0.831337,0.161684,-0.910538,-0.380497
-0.691904,-0.0354247,0.72112,-0.576034,-0.575054,-0.580945,0.435263,-0.817348,0.377476
0.103601,-0.871667,-0.479024,0.670636,-0.294449,0.680843,-0.734517,-0.391786,0.554066
-0.73516,0.0799553,-0.673162,0.634232,-0.269493,-0.724654,-0.239352,-0.959677,0.14741
0.0601806,-0.238084,-0.969378,0.862507,-0.476436,0.170561,-0.502454,-0.84636,0.176677
-0.776399,0.133306,0.615982,-0.543006,-0.637619,-0.54643,0.319919,-0.75873,0.567433
-0.8818,-0.424466,-0.205566,-0.469218,0.745613,0.473177,-0.0475749,0.513702,-0.856648
-0.714584,0.0859999,0.694244,0.464635,0.80024,0.379118,-0.522957,0.593482,-0.611797
-0.803824,0.286157,-0.521518,-0.484633,0.193373,0.853076,0.344962,0.938467,-0.0167567
-0.599416,0.410261,0.687304,0.159822,0.902713,-0.399456,-0.78432,-0.129594,-0.606669
-0.0914852,0.958388,-0.270411,0.995802,0.0871947,-0.027864,-0.00312608,-0.271825,-0.962342
0.291321,-0.714973,-0.635567,-0.8342,-0.515059,0.197041,-0.468234,0.472787,-0.746478
-0.261321,-0.90297,-0.341112,0.646858,0.0984755,-0.756226,0.71644,-0.418268,0.55836
0.988944,-0.136856,0.0570964,-0.0564356,-0.703414,-0.708536,0.13713,0.69748,-0.703361
-0.413644,0.142513,0.899216,-0.766822,-0.586968,-0.259716,0.490798,-0.796968,0.352078
0.409778,-0.681028,0.606863,0.841201,0.0248261,-0.540152,0.352793,0.731836,0.583055
0.704239,0.502522,0.501517,0.439451,0.246271,-0.863848,-0.557612,0.828747,-0.0474006
0.101149,-0.689768,0.71693,-0.392429,0.634532,0.665859,-0.914203,-0.348695,-0.206503
0.309804,0.828028,0.467324,0.946799,-0.31371,-0.0718165,0.087138,0.464711,-0.881165
0.758896,-0.249073,-0.601697,-0.535435,-0.764558,-0.358833,-0.370657,0.594487,-0.713582
0.722314,0.565868,0.397562,0.130223,0.453297,-0.881796,-0.679193,0.688706,0.253734
0.990633,0.127021,-0.0501205,0.0451246,-0.650939,-0.757788,-0.12888,0.748428,-0.650573
0.101867,0.136857,0.985339,0.659616,0.732151,-0.169884,-0.744667,0.667251,-0.0156911
0.223428,0.55405,-0.80194,-0.51998,0.763641,0.382718,0.82444,0.331483,0.458714
0.946759,0.0598892,-0.316324,0.221159,0.593032,0.77421,0.233957,-0.802948,0.548214
-0.204445,0.846058,-0.492329,-0.819354,-0.423099,-0.386842,-0.535594,0.324304,0.779721
-0.049373,0.93826,0.34239,0.949406,-0.0623615,0.307796,0.310145,0.340264,-0.887711
0.871364,0.179288,-0.456706,-0.281352,0.945181,-0.165752,0.401952,0.272926,0.87404
-0.601402,-0.789939,0.119631,0.712588,-0.598062,-0.366797,0.361294,-0.135345,0.922577
-0.0955422,0.39256,-0.91475,0.76837,-0.555135,-0.318486,-0.632835,-0.733295,-0.248592
-0.282036,0.577619,0.766037,0.167557,-0.756524,0.632136,0.944659,0.30664,0.116583
0.176146,-0.868833,-0.462711,0.641014,0.457977,-0.61592,0.747043,-0.188113,0.637605
-0.550174,-0.493024,0.673971,0.800904,-0.539987,0.258779,0.236351,0.682159,0.691951
0.827619,0.428394,-0.362664,-0.234867,-0.322526,-0.91696,-0.509788,0.844071,-0.166313
-0.169536,0.943781,0.283786,0.839119,-0.0127792,0.543797,0.516852,0.330323,-0.789779
0.0856698,-0.0845208,0.992732,0.696298,-0.707593,-0.120333,0.712621,0.701547,-0.00176771
0.0216075,0.234757,0.971814,0.999765,-0.00674816,-0.0205989,0.00172223,0.972031,-0.234848
-0.291509,-0.610063,-0.73678,0.953204,-0.249799,-0.170301,-0.0801531,-0.751946,0.654334
-0.716813,-0.683073,-0.139967,-0.629199,0.720177,-0.292325,0.30048,-0.121475,-0.946021
0.376186,-0.923337,0.0770275,-0.019898,-0.0911658,-0.995637,0.926331,0.373012,-0.0526678
-0.620799,0.730998,-0.283285,0.392229,-0.0232637,-0.919573,-0.678796,-0.681983,-0.272277
0.247294,-0.366163,0.89709,0.710729,0.697825,0.088908,-0.658566,0.615601,0.432811
0.839551,-0.0840187,0.536745,-0.457868,0.422353,0.782288,-0.292423,-0.902529,0.316117
0.289782,0.95072,0.11026,-0.890015,0.310047,-0.334282,-0.351994,-0.00126432,0.936001
0.12334,-0.978963,-0.162541,0.57606,0.204,-0.791542,0.808048,0.00399534,0.589103
-0.205888,-0.841783,0.499011,0.621596,-0.506345,-0.59769,0.755797,0.187126,0.627499
0.505667,0.63525,0.583745,-0.838144,0.201346,0.506927,0.20449,-0.745599,0.634245
0.705532,-0.62456,-0.334887,-0.0861476,-0.544632,0.834239,-0.703422,-0.559733,-0.43806
0.284722,-0.370802,-0.883991,-0.13813,0.896665,-0.420608,0.948606,0.241862,0.204081
0.852312,-0.1537,0.499941,0.444291,0.717128,-0.536966,-0.27599,0.679782,0.679504
-0.950082,-0.254411,0.18061,-0.308589,0.680852,-0.664239,0.0460214,-0.686815,-0.725373
0.861555,-0.357009,0.360926,-0.505494,-0.668967,0.54494,0.0468989,-0.651942,-0.756817
-0.746859,0.656785,-0.104087,-0.593823,-0.729166,-0.340135,-0.299292,-0.192223,0.934599
0.79222,0.0178923,-0.609973,0.348467,-0.833836,0.428123,-0.500957,-0.551723,-0.666816
-0.334865,-0.857085,-0.391498,0.0379865,0.402868,-0.914469,0.9415,-0.321096,-0.102349
0.716449,0.267973,0.64412,0.506369,0.435354,-0.74435,-0.479886,0.859452,0.176215
0.231401,-0.134102,-0.963572,-0.914518,0.307848,-0.262464,0.33183,0.941938,-0.0514023
-0.918047,0.0678274,0.390627,-0.211974,0.748644,-0.628171,-0.335048,-0.659493,-0.672913
0.751159,0.561026,-0.347864,0.154644,0.36275,0.918965,0.641751,-0.744085,0.185724
-0.957518,0.288366,-0.00194154,-0.127261,-0.428595,-0.894489,-0.258772,-0.856243,0.447085
-0.768226,-0.63218,-0.100883,0.589729,-0.637525,-0.495764,0.249096,-0.440352,0.862578
-0.928783,-0.0426303,-0.368165,-0.269816,-0.60325,0.750526,-0.25409,0.796412,0.548786
-0.197198,0.972226,0.126051,0.858974,0.109375,0.5002,0.472521,0.206913,-0.856686
-0.469335,0.105417,-0.876705,-0.762473,-0.549152,0.34215,-0.445376,0.829047,0.338114
0.189254,0.979096,-0.0745224,-0.95541,0.166093,-0.244142,-0.22666,0.117404,0.966872
-0.650735,-0.692384,0.311685,-0.454916,0.684169,0.570056,-0.607943,0.229165,-0.76019
0.0230871,0.89588,0.443697,-0.161821,0.441311,-0.882643,-0.98655,-0.0514216,0.15516
-0.440338,-0.766827,-0.466988,0.664476,0.0714527,-0.743886,0.6038,-0.637864,0.478075
-0.977025,-0.0497643,0.207235,0.197794,0.15041,0.968635,-0.0793737,0.98737,-0.137111
0.738979,-0.50291,0.448321,-0.109746,0.56669,0.816589,-0.66473,-0.652644,0.36358
0.110607,0.990703,-0.079202,-0.921437,0.132085,0.365387,0.372451,0.0325652,0.92748
-0.34501,0.936448,-0.0635013,-0.286499,-0.0406434,0.957218,0.893804,0.348443,0.282314
-0.444316,0.503976,0.74067,0.634508,-0.406623,0.657311,0.632442,0.762015,-0.139108
-0.936048,0.287962,0.20222,-0.293231,-0.956033,0.00406674,0.1945,-0.0554905,0.979332
-0.0201559,-0.989153,-0.145501,-0.428188,0.140048,-0.892772,0.903465,0.0443069,-0.426366
-0.200714,0.740505,0.641379,0.961973,0.272789,-0.013908,-0.18526,0.614198,-0.767098
-0.807852,-0.447406,-0.383671,0.0818526,0.559493,-0.824783,0.583674,-0.697707,-0.415366
0.230416,0.62538,0.745526,-0.133568,0.779215,-0.612359,-0.963882,0.0415191,0.263074
-0.318307,-0.269214,0.908958,-0.896896,-0.225004,-0.380724,0.307015,-0.936428,-0.169836
0.398148,0.633054,-0.663868,0.835788,0.0479272,0.546957,0.37807,-0.772623,-0.510017
