-0.8498221882,0.4838912601,-0.2089294066,-0.09464331875,-0.530052584,-0.8426665417,-0.5185025465,-0.6963429519,0.4962475215
-0.2843539743,0.5442042627,-0.7892936955,-0.5107865031,-0.7826990094,-0.3556394366,-0.811319891,0.3020330795,0.5005357663
0.1004218921,0.8106067594,-0.576916047,0.9625806617,0.0675353755,0.2624451235,0.2517020329,-0.5816834661,-0.7734923606
0.1785321168,0.8804047731,0.4393332663,-0.3763512514,0.4736557374,-0.7962474352,-0.9091127646,-0.02318788441,0.4159041995
0.4086942863,0.1046655723,0.9066499315,0.7196125332,0.5740623134,-0.3906536348,-0.5613615434,0.8120945624,0.1592973298
0.1476073582,0.8804816266,-0.4505154525,0.7263119617,-0.4056786593,-0.5548835551,-0.6713292799,-0.2453098664,-0.6993854927
-0.1799060357,0.7617373826,0.622406602,0.694358606,0.5465239881,-0.4681641343,-0.6967782607,0.3479478271,-0.6272418713
0.6056973647,0.5375041552,-0.5867026381,0.4642572831,0.3601011967,0.8091923771,0.6462165872,-0.7625066631,-0.03142787284
-0.3788509021,-0.4652698858,0.7999974546,-0.6060587415,0.7780166458,0.1654777952,-0.6994031711,-0.4221540386,-0.5767331896
-0.957187774,-0.2864479326,-0.04170308512,-0.2253116785,0.6468217961,0.7285988002,-0.1817311556,0.7068020557,-0.6836699797
0.6498009541,0.2720402716,0.7097554583,0.7190743855,-0.5226472199,-0.458008637,0.2463549231,0.8079814194,-0.5352338533
0.3764326208,-0.6497385402,-0.6604076857,-0.2256901123,-0.7556792421,0.6148275012,-0.8985335026,-0.08239364283,-0.4311018817
0.6062937002,0.5401097381,0.5836860628,0.2175416835,-0.818622212,0.5315386063,0.7649075532,-0.1952924596,-0.6138218717
0.2232591712,-0.7530295367,0.618952227,-0.9654907766,-0.08347827165,0.2466960448,-0.1341003462,-0.6526698209,-0.7456803619
-0.5507950578,0.8104795087,-0.1993684285,-0.4412059892,-0.4854966825,-0.7547385285,-0.7084928224,-0.3277437067,0.6249975867
0.9467458081,0.1275643122,-0.2956344384,-0.3142571477,0.566002517,-0.7621571989,0.07010577742,0.8144743685,0.5759485072
-0.4613143228,0.8865858789,0.03397903658,-0.7221040173,-0.3974311126,0.5662281334,0.5155141936,0.2366727491,0.8235478894
-0.03145864176,-0.9973705063,0.06528726585,0.3447726922,0.05048222894,0.937327763,-0.9381589122,0.05199632472,0.3422780122
0.08463809698,0.9937073697,-0.07336249672,0.07104264887,-0.07945749845,-0.9943034989,-0.9938759151,0.07894408987,-0.07732073521
0.9315594725,-0.0773396069,0.3552682569,0.3442346137,0.502153598,-0.7933122303,-0.1170447774,0.861313154,0.4944089105
-0.942250653,0.2705863947,-0.1973492078,-0.08875563733,-0.7699447401,-0.6319078525,-0.3229336522,-0.577899732,0.7494970021
0.04369018438,-0.3400848074,0.9393793119,0.9216776477,-0.3490917731,-0.1692490699,0.3854886269,0.8731994375,0.2981966814
-0.117965117,0.9925811565,0.02944280707,-0.9885693402,-0.1201883663,0.09102426156,0.09388764969,-0.0183685687,0.9954133337
0.5374880194,-0.8413491676,-0.05690524778,0.841224462,0.5302621478,0.1056572722,-0.05871995908,-0.1046596044,0.9927730524
-0.1004894024,-0.635725668,-0.7653461668,-0.4984050444,-0.6335982616,0.5917310661,-0.8611006281,0.4409150915,-0.2531789691
0.5440655116,0.008625667216,-0.838998401,-0.8383990181,-0.03357317766,-0.5440219924,-0.03286039504,0.9993990392,-0.01103425715
-0.3922975434,0.1011451826,-0.9142605151,-0.0807492138,0.9863119514,0.143764735,0.9162871831,0.1302243702,-0.3787603616
-0.3717933369,0.3211866432,0.8709815468,-0.01751907422,-0.9404992142,0.3393439408,0.9281502016,0.1109070257,0.3552982338
0.3715890274,-0.9031108498,0.2152031311,-0.7398425332,-0.4280875427,-0.5190126028,0.5608516923,0.03364295863,-0.8272324526
-0.1426171588,0.4531553177,0.8799492054,0.9797449702,-0.06162997611,0.1905296287,0.1405707629,0.8892986023,-0.4351871511
0.1947308352,-0.4707890817,0.8604868055,0.7070408786,-0.5406702211,-0.4558167483,0.6798331397,0.6971609231,0.2275819622
0.8530149551,0.4927556215,0.17192261,0.5218298668,-0.8004620711,-0.2948797431,-0.007686122592,0.3412511835,-0.9399407179
0.004459326338,-0.04506982758,0.9989738861,-0.8477381591,0.5296921061,0.02768187775,-0.5303961991,-0.8469917257,-0.0358453427
-0.5763123067,-0.7523587037,0.3190932561,0.3934120213,0.08682421614,0.9152532639,-0.716303781,0.6530068426,0.2459490941
0.2479228774,0.5154734367,-0.8202569005,-0.96501816,0.2059444032,-0.1622555197,0.08528890749,0.8317896602,0.5484995565
0.982999054,-0.1498816765,0.1060582053,-0.1804025997,-0.6808997376,0.7098101503,-0.03417253119,-0.7168758822,-0.696362842
0.7294121339,0.04068693006,0.6828634656,-0.677123401,0.1848859341,0.712264762,-0.09727198311,-0.9819173922,0.1624081162
-0.8910052617,0.07148144255,0.4483302655,-0.03832637589,0.9721582971,-0.2311694927,-0.4523723162,-0.2231561086,-0.8634585333
0.3529570949,0.6453696378,-0.6774358418,-0.8605897738,-0.06019451353,-0.5057290399,-0.3671600883,0.7614950106,0.53415243
0.8784213605,-0.4028188099,-0.2571243275,0.4702048996,0.8246185053,0.3145022624,0.08534205156,-0.3971666238,0.9137698874
0.08404944848,-0.996211756,-0.02231204737,0.3722130196,0.05215802868,-0.9266806398,0.9243338998,0.06958216217,0.3751868394
-0.4225793762,-0.1112639328,0.8994704042,0.8224177648,-0.4641220172,0.3289677389,0.380861774,0.8787554213,0.2876338275
0.3852776959,0.9132092697,0.1327023993,-0.9109308352,0.3533781721,0.2129058031,0.1475334216,-0.2029105647,0.9680192107
-0.1892411377,0.1329706394,-0.972885708,0.9819241705,0.0220283896,-0.187988493,-0.00356584469,-0.9908751481,-0.1347357623
0.5706014762,0.2415437469,-0.7849016331,0.6851796353,0.3868465809,0.6171536197,0.4527061108,-0.8899473812,0.05523437375
-0.7005306117,0.6533487504,-0.2870405413,-0.6314117088,-0.7549056542,-0.1773039968,-0.3325298724,0.05703388134,0.9413665707
-0.1233427126,0.8325063995,-0.5401107941,0.9705407326,0.2147127495,0.1093120374,0.2069716443,-0.5107166826,-0.8344646239
-0.5993147243,0.2964329879,-0.743605638,0.4063305915,-0.6877017349,-0.6016325908,-0.6897226338,-0.662716989,0.2916999843
-0.3012592377,0.9146150709,0.2696704355,0.7234669153,0.4034670828,-0.5601874111,-0.6211589927,0.02633600572,-0.7832419298
-0.8174641589,0.526046905,0.2345783507,0.5759437874,0.7420174145,0.343072748,0.006411135997,0.4155536192,-0.9095460884
-0.6479601561,-0.438119693,0.6230559933,0.05275133195,0.7902314803,0.6105337865,-0.759845335,0.4284686011,-0.488927116
-0.8961602881,0.2491008975,0.3672131273,0.2687708671,-0.3537556404,0.8958901539,0.3530707564,0.9015573691,0.2500706924
-0.5442628696,0.6545452045,-0.5247366044,-0.1839018955,-0.7033696464,-0.686623065,-0.8185096344,-0.2772033835,0.5031900859
0.2651009385,-0.9641373558,-0.0126748355,0.9229472037,0.2499265837,0.2927544395,-0.2790877129,-0.08930768065,0.9561036485
0.6074438007,0.1003166654,0.788002916,-0.4873799513,-0.7362688264,0.4694347648,0.6272741123,-0.6692120606,-0.3983496027
0.314035154,0.7379698984,-0.5973126075,-0.0574264498,-0.6132234597,-0.7878192631,-0.9476730053,0.2817044861,-0.1501947323
0.2149142217,0.9766234268,-0.004308066984,-0.7203705692,0.1614990751,0.6745252343,0.6594528947,-0.1418616611,0.738239222
-0.8689360666,0.487243802,-0.08685384019,-0.4584294304,-0.8585103161,-0.2297879337,-0.1865276643,-0.1598546668,0.9693574758
-0.9961024835,-0.01065309874,-0.08755771766,0.05318631875,-0.8644494504,-0.4998983529,-0.0703637544,-0.5026068634,0.8616468435
-0.8148117574,-0.04012376747,-0.5783354419,0.1245685474,0.962181808,-0.2422578076,0.566184137,-0.2694369159,-0.7789988905
-0.7469834607,0.1037852344,0.6566919632,0.5505812882,0.6502201781,0.5235207399,-0.3726606426,0.7526236411,-0.5428459269
0.06573028131,-0.9682985977,-0.2409924394,-0.5309912857,-0.2384220773,0.8131440018,-0.8448241146,0.07451670122,-0.5298296675
-0.5021038094,0.7279881995,0.4668243202,-0.8183916701,-0.5744494937,0.01558375841,0.2795117866,-0.3742204706,0.8842127575
-0.4623306151,-0.7206288909,0.5166666275,0.0229108196,-0.5921935972,-0.8054699484,0.8864115842,-0.3605561608,0.2902994286
0.5061937348,0.131629116,-0.8523154807,0.8384470152,-0.306508356,0.4506209388,-0.201926981,-0.9427228668,-0.2655166489
0.8437648692,0.05685604642,-0.5336930161,-0.3562879804,0.8030079156,-0.477741732,0.4013972103,0.5932500969,0.6978069949
-0.5612539645,-0.82732767,-0.0228673063,-0.6182940951,0.4374937183,-0.6529254616,0.5501876037,-0.3523182834,-0.757076897
-0.2362536101,-0.6583761931,0.7146502781,0.6535289607,0.4366122392,0.6182795889,-0.7190856202,0.6131154385,0.3271166915
-0.8521531442,0.5210408064,0.04849223586,0.1510830916,0.3336931768,-0.930495977,-0.5010079024,-0.7855987155,-0.3630781457
0.6345460398,0.5938574315,-0.4946561174,0.7348806233,-0.265363472,0.624125546,0.2393779289,-0.7595495894,-0.6047996597
-0.001560060654,0.6153763367,-0.7882319014,0.7363559198,0.5340200788,0.4154545881,0.6765925846,-0.5797710925,-0.4539691122
0.254019174,-0.9460763446,0.2010318615,0.3834101295,0.2893182029,0.877092726,-0.8879588571,-0.1457207177,0.4362276247
0.9855681543,-0.1670672224,-0.02727556597,-0.05416095045,-0.4638708222,0.8842456965,-0.1603808116,-0.8700071284,-0.4662248296
0.04716336015,-0.8553454298,0.5159067873,0.993314244,-0.01432070241,-0.1145501208,0.1053680698,0.517860129,0.8489513865
-0.8346884736,-0.5236015896,-0.1706942512,-0.5082688248,0.8517404397,-0.1272832475,0.2120329073,-0.01948329309,-0.9770682921
0.4039579889,0.6435388935,0.6501350904,0.1426653093,0.6576868922,-0.7396584086,-0.9035842809,0.3915426469,0.173867199
0.5851928484,0.2804980358,0.7608351872,0.1704260586,-0.9598543383,0.2227882579,0.7927826239,-0.0007079530275,-0.6095040689
0.37975344,0.9190466176,0.1055492278,-0.3993993972,0.2657995582,-0.8773999752,-0.8344264175,0.2910393609,0.4680049616
-0.146475173,-0.2391908172,-0.9598608111,-0.8917488781,0.4519217996,0.02346540912,0.4281693147,0.8593919013,-0.2794934667
-0.2490792609,-0.114684992,0.9616687966,-0.966683594,0.08994355728,-0.2396518009,-0.05901144764,-0.989321742,-0.133267175
-0.8206981638,-0.3137919101,0.4774821055,-0.4665535193,-0.1143594076,-0.877068834,0.3298216754,-0.9425797383,-0.05254616412
0.7233780218,0.2892660494,0.6269365122,0.5671975549,-0.7667313089,-0.3006826128,0.3937145811,0.5731040504,-0.7187075734
-0.09486375829,-0.8389963165,-0.5358041137,-0.9788637473,0.1765747604,-0.1031848734,0.1811812117,0.5146907177,-0.8380136238
-0.1993615735,0.8572133862,0.474805406,-0.1185110717,0.4598841476,-0.8800350542,-0.9727333082,-0.2317148707,0.009906049789
-0.5342155467,-0.3823243164,-0.7539508384,-0.8293555161,0.06437354896,0.5550004271,-0.1636556677,0.9217831433,-0.3514721314
0.2731695228,0.8379488612,0.4724617634,0.310409226,0.3880864452,-0.8677759063,-0.9105078387,0.3837064205,-0.1540936684
-0.9583372907,0.2840638146,-0.0299564081,-0.08621625298,-0.1876822782,0.9784386134,0.272316718,0.9402569392,0.2043538437
-0.002152799047,-0.9687699149,0.2479520466,-0.3342657348,0.2343871747,0.9128685945,-0.9424764103,-0.08091665042,-0.324331176
0.6184359015,-0.6946873317,-0.3673507137,0.7591139732,0.6489802856,0.05070073577,0.2031822123,-0.3102162151,0.9286995685
0.9325370169,-0.2083363953,-0.2949078813,-0.03228354137,-0.8615880942,0.5065804268,-0.3596282595,-0.4628843293,-0.8101886278
-0.5040964439,0.8356057823,0.2182882311,0.1583476298,0.3378908936,-0.9277692451,-0.8490069513,-0.4331197532,-0.3026457929
-0.2440996905,-0.787873769,0.5653939027,0.6396067936,0.3074339793,0.7045477259,-0.7289159696,0.533609663,0.4288848759
0.9084019453,-0.3606237305,0.2115571571,-0.2415697838,-0.03971708208,0.9695703136,-0.3412476305,-0.9318653757,-0.1231948712
-0.2012136052,0.7447250671,0.6363156917,-0.9603577606,-0.2779321909,0.02160251963,0.1929405522,-0.6067439918,0.7711262359
-0.3550777092,0.7880959401,-0.502816676,0.8031530454,-0.01807500707,-0.5954985137,-0.4783983759,-0.6152869927,-0.6265436222
0.9881068448,0.1323285287,0.07832000869,-0.05895667338,-0.1443843926,0.9877637662,0.1420175128,-0.9806336256,-0.1348655567
0.4160879319,-0.5227154484,0.7440694812,0.785795052,0.6184672257,-0.004942367615,-0.4575991359,0.5867425762,0.6680839618
-0.6045549765,0.505963847,-0.6152348055,-0.2412131802,-0.8523807669,-0.4639646861,-0.7591636728,-0.1320894159,0.6373561831
0.9909363223,0.02953290681,0.1310458416,-0.1243647023,-0.1670786712,0.9780685755,0.05078017317,-0.9855011543,-0.1618914728
0.3259942845,0.08537587204,-0.9415087291,0.9018687087,0.2705493537,0.3368024338,0.2834793796,-0.9589129302,0.01119971548
-0.3837746375,0.6042078166,0.6983193696,0.3477092862,0.7951200506,-0.4968725765,-0.8554620271,0.05212503663,-0.5152355778
0.6207354638,0.7802456378,0.07683897912,-0.5989722203,0.4087055811,0.6886160231,0.5058851285,-0.4734728004,0.7210435105
0.9380080727,0.02262737699,-0.3458740483,0.1749503938,0.8305211412,0.5287976869,0.2992210139,-0.5565273001,0.7750768665
-0.149470252,0.9713554021,-0.1847358294,0.7112909286,-0.02414863281,-0.7024827816,-0.6868215625,-0.236401198,-0.6873067837
-0.04262307276,-0.8781648154,0.4764554865,-0.1923874175,0.4751779498,0.8585994396,-0.9803929596,-0.0550678942,-0.1892014053
0.1067342666,-0.9578187398,-0.2668165249,-0.8090138071,0.07234163869,-0.5833209642,0.5780176955,0.2781185879,-0.7671672534
-0.7310028266,-0.6376624484,0.2429433462,0.3444010319,-0.03741575652,0.9380767508,-0.5890864086,0.7694066955,0.246962629
-0.9555671621,0.01992859668,-0.2940990474,-0.277300465,-0.3991703108,0.8739379355,-0.0999792515,0.9166601955,0.3869602502
-0.5137641509,-0.8457132762,-0.1442756104,0.3914276642,-0.08142063989,-0.9165997289,0.7634335472,-0.5273895467,0.3728665782
0.8446363683,-0.01400111161,-0.5351573359,-0.03725359315,-0.998771774,-0.03266670075,-0.5340426716,0.04752801715,-0.8441205557
-0.7289746922,0.141067668,0.669847603,-0.6543174966,-0.4311427798,-0.6212765222,0.2011579274,-0.8911878682,0.4065952186
-0.3659708071,0.8764611991,0.3128596087,-0.8807150447,-0.217567782,-0.4207199427,-0.3006765344,-0.4295113813,0.851536021
0.776706305,-0.2893128051,-0.5594867439,0.06020266657,-0.8501011859,0.5231669071,-0.6269792299,-0.4400296292,-0.6428615486
0.7008703108,-0.2956151124,-0.6491475277,0.4575619587,-0.5118241949,0.727099063,-0.547190882,-0.8066273606,-0.2234601528
0.5131555905,-0.726469768,-0.4570700342,0.5497527765,-0.1307529565,0.8250306352,-0.6591230725,-0.6746446031,0.3322821614
-0.7704793903,-0.09621360072,0.6301622427,-0.4613631128,0.7663247772,-0.4470910578,-0.4398926997,-0.6352080595,-0.6348268534
-0.2016637561,0.7860623695,-0.58432669,0.2040425085,-0.5497786259,-0.8100062451,-0.9579657531,-0.2825763855,-0.04951971503
-0.9551225045,0.06155788987,0.2897440726,0.2758807792,0.5410046501,0.7944833316,-0.1078461732,0.83876373,-0.533708355
-0.807138431,-0.3839681867,-0.4484372696,-0.3182101707,-0.356851875,0.8782932463,-0.4972623456,0.851601533,0.1658462803
0.1416736575,-0.3644298846,-0.9203909137,-0.8837463839,0.3723449745,-0.2834634879,0.4460054975,0.8535514508,-0.2693121183
0.00780467352,0.2162968307,-0.976296455,0.7706439273,0.6208507358,0.1437090855,0.6372181922,-0.7534985368,-0.1618423018
0.5433931052,-0.7906851782,-0.2820299313,0.4166544473,-0.03763391148,0.908285616,-0.7287818637,-0.6110651664,0.3089924879
-0.7797434001,-0.308353239,0.544902294,0.4606491835,0.3068845287,0.8328410507,-0.4240313192,0.9004111095,-0.09724851811
0.6449078058,-0.5945688494,0.4801893432,0.7500953796,0.3720105462,-0.5467769884,0.146461065,0.7128085555,0.6858958519
0.360922439,-0.9286046117,-0.08618856125,0.8041032819,0.263050192,0.5331252278,-0.4723906276,-0.2617213625,0.8416347328
-0.1977752326,-0.9133639192,0.3558810313,-0.02957892276,-0.3573262717,-0.9335111263,0.979801023,-0.1951519576,0.04365396567
-0.7485148837,-0.6140292842,0.2503867149,0.2799147321,0.04972797737,0.95873608,-0.6011432538,0.7877151556,0.1346537114
0.9812946607,-0.1850863066,0.0529513742,0.1572384107,0.9292756348,0.3342497221,-0.1110714684,-0.3196714777,0.9409958954
-0.1331901086,-0.990506129,-0.03402944943,0.8221291672,-0.09124316194,-0.5619415609,0.5535016056,-0.1028216604,0.8264766656
0.42784053,0.3396704315,-0.837601623,0.8935294986,-0.2986159881,0.3353110895,-0.1362259738,-0.8918814325,-0.431265573
0.1830851441,-0.5171941715,0.8360562296,-0.2432531442,-0.8478189698,-0.4712015517,0.9525270274,-0.1171033026,-0.2810321666
-0.9450877536,0.02539082312,0.3258288572,0.01147746275,0.9989410783,-0.04455322607,-0.326615073,-0.03836701977,-0.9443784019
-0.1267356595,-0.7606726329,-0.6366437136,0.4838999864,0.5128557343,-0.7090978769,0.8658977282,-0.3979398715,0.303092367
-0.8130897941,-0.2656685829,-0.517981844,-0.5581843077,0.1031800453,0.8232764766,-0.1652733047,0.9585270379,-0.2321866758
-0.6292050937,0.6339801877,0.4496332636,-0.02899460659,-0.5972436349,0.801535622,0.7766983088,0.4912933565,0.3941707434
-0.06573985174,-0.968214566,-0.241327218,0.1061290196,-0.2472630247,0.9631186987,-0.9921768507,0.03770345942,0.1190106972
-0.9238907163,0.04144764125,-0.3804050963,0.3735413036,0.3133766362,-0.8730761584,0.08302312207,-0.948723973,-0.3050081708
0.2624082118,-0.6929678136,0.6715188305,-0.2286462924,-0.7207391966,-0.6544126248,0.9374768282,0.01818295576,-0.347572405
0.1619018481,0.1354694084,-0.9774639794,-0.8046271525,-0.5553157865,-0.2102368255,-0.5712818369,0.8205317889,0.01909571225
-0.1668936853,-0.5581493356,-0.8127827613,0.1275573725,-0.8296392273,0.5435327674,-0.977688915,-0.01296424686,0.2096576108
-0.5572170779,0.7760306298,0.2954413474,-0.1568243975,-0.4477437312,0.8803020274,0.815423348,0.4441869121,0.3711909895
0.279303336,-0.2099981173,-0.9369580766,0.4828611572,0.8741526719,-0.05198277757,0.8299606915,-0.4379016979,0.3455536914
-0.8074171772,0.4067084874,0.4273940902,0.4861078519,0.04808992859,0.8725746473,0.3343301636,0.9122913817,-0.2365328236
0.05773322072,0.9635758094,0.2611293447,-0.8756019711,0.1745217181,-0.4504035502,-0.4795707074,-0.2026421214,0.853784579
0.8271752563,0.5578675685,0.06756383223,-0.1990218331,0.1783935693,0.9636213179,0.5255201284,-0.8105303884,0.2585905725
0.7440632649,-0.5173563139,-0.4227437785,-0.6609408215,-0.4775495893,-0.5788813525,0.09760680489,0.7101329693,-0.6972690137
-0.2652683262,0.4571420171,-0.8489133591,0.8296592285,-0.3403444943,-0.4425281797,-0.4912212126,-0.8216975121,-0.2889894789
0.4336825471,-0.261866867,0.8621746878,-0.5200057317,-0.8541601012,0.002135507627,0.7358759999,-0.4492619118,-0.5066066001
0.3881992885,0.0394646645,-0.920730065,-0.3368941883,0.9360097137,-0.101922136,0.8577899616,0.3497547086,0.376653721
-0.3669062494,0.2893995178,-0.8840971232,0.8105165294,-0.3669794216,-0.4564965057,-0.4565553195,-0.8840667527,-0.09991604958
0.7836602316,-0.12313109,-0.6088640046,-0.46936709,-0.7594137864,-0.4505388283,-0.4069043821,0.6388500886,-0.6529160651
0.1827902378,0.5737035988,0.7984058552,0.7266801577,0.4681501916,-0.5027637084,-0.6622112029,0.6720859906,-0.3313257368
-0.4413086786,0.6043898386,-0.6632944846,-0.1978491729,0.6554423456,0.7288696978,0.8752727318,0.4528887884,-0.1696743657
-0.7150181116,-0.6627006506,0.2226588147,0.6916276855,-0.7169936784,0.0870126989,0.1019815904,0.2162126563,0.9710055831
-0.9245201479,-0.2443137338,-0.2925291364,-0.1343344078,0.9271506746,-0.3497797786,0.3566745898,-0.2840817243,-0.8899892195
-0.3228479658,-0.04322130652,-0.9454634364,-0.946031025,-0.01501354752,0.3237281161,-0.02818671236,0.9989527076,-0.03604160363
0.8590140493,0.3104116629,0.4071111184,-0.459022013,0.8191311608,0.3439810068,-0.2267016866,-0.4823574826,0.8461309616
-0.3972655731,0.3722358506,0.8388209201,-0.408404925,-0.8902513653,0.2016381013,0.8218183994,-0.2624747191,0.5056891735
0.6664792515,-0.2086082436,-0.7157429762,0.731571558,0.3678664796,0.5740011399,0.1435564793,-0.9061770544,0.3977872338
0.2012875984,-0.6444103247,0.7377117568,0.3790836847,0.7456892764,0.5479443977,-0.9032047734,0.1693600792,0.3943834439
0.8389074827,-0.4443333472,0.3143280324,-0.04818239024,0.5146221476,0.8560622071,-0.542137153,-0.7333020671,0.4103113277
0.2426358644,-0.2482553057,0.9378150887,0.9042521838,0.4080014857,-0.1259475115,-0.3513628115,0.8785807253,0.3234811955
0.2092218464,0.7640367806,0.6103064942,0.1613787243,-0.6425394989,0.7490660182,0.964460018,-0.0582304919,-0.2577325813
0.3377208895,0.5797154522,0.7415352961,0.926799287,-0.3423120591,-0.1544847428,0.1642792816,0.7394271084,-0.6528858009
0.1375047379,-0.5800130802,-0.8029179746,-0.8648393961,0.324857277,-0.3827800524,0.4828511841,0.747029167,-0.4569487473
-0.9381848712,0.1188728907,0.3250821177,-0.2133485077,-0.9381552096,-0.2726668608,0.2725647843,-0.3251677083,0.9055243784
0.4733942914,0.290233371,-0.8316624527,-0.1829734993,0.9559645832,0.2294611388,0.8616371298,0.04354659601,0.505653192
-0.2942097564,0.4709887433,-0.8316310618,-0.6183284566,-0.7573037182,-0.2101451834,-0.7287733111,0.4523943877,0.5140318852
-0.07409741477,0.9755517078,0.2069020021,-0.8004085896,0.06557907981,-0.5958569241,-0.5948576828,-0.2097575973,0.7759807263
0.7994893628,0.3040040676,0.5180716993,-0.597833679,0.3188379208,0.7354843795,0.05840933956,-0.8977326479,0.4366513963
-0.8840001837,-0.4422920852,0.1513981065,-0.3496977333,0.8405564981,0.4137345392,-0.3102501742,0.3127978339,-0.8977206383
-0.9611379398,0.2703191194,-0.05604849954,0.09896756994,0.5269112579,0.8441385825,0.2577193837,0.8057866343,-0.5331872272
-0.8667901568,0.4324345469,-0.2483448948,-0.2777680724,-0.8322824712,-0.4797403319,-0.4141493958,-0.3468519148,0.8415307643
-0.9538048294,0.2731085637,0.1251721207,0.1498193326,0.7935415725,-0.5897846558,-0.2604045217,-0.5437862495,-0.797800727
0.6607004727,-0.7003430255,0.2701750025,-0.7262336098,-0.5053216778,0.4660844838,-0.189893732,-0.5041524061,-0.8424789149
0.227104396,-0.6386363807,0.7352327295,0.8046955461,0.5482890742,0.2276931471,-0.5485331999,0.5399283881,0.6384267102
-0.7214035146,-0.664424942,-0.1952343863,0.6785754539,-0.7344898,-0.007751578151,-0.1382473235,-0.138073278,0.9807259798
-0.5090938727,-0.8287667194,0.2323126204,-0.6584112521,0.2011430076,-0.7252834712,0.5543627439,-0.5221946144,-0.6480700061
0.1993368022,-0.8726080081,-0.4458924797,-0.7365927378,-0.4335290659,0.5191181827,-0.6462940336,0.2249618039,-0.7291750194
-0.6397791073,0.4095677538,-0.6503360276,-0.5217690187,0.3898320181,0.7588070168,0.5643046916,0.8247940668,-0.03570661551
-0.4596938294,0.02705287468,0.8876653227,0.1888562696,-0.9736954381,0.127477462,0.8677643071,0.2262417642,0.4424926796
-0.9248940986,-0.0588418091,-0.3756441772,-0.1870664788,0.9305325765,0.3148257559,0.3310242271,0.3614509172,-0.8716514186
0.2965115302,0.8942353412,0.3352969831,0.3148541366,-0.422988575,0.8496749603,0.9016361712,-0.1463687806,-0.4069746859
0.3796569369,0.9224291642,-0.07060486788,0.9192776623,-0.3675871156,0.1407419339,0.1038710247,-0.1183391294,-0.9875255241
-0.5789010408,0.2762814927,0.7671649899,0.1262761691,0.9598734039,-0.250394444,-0.805560621,-0.04807894829,-0.5905594811
-0.4498050066,0.4482970807,-0.7724669465,-0.7536912196,-0.6545757731,0.05899239578,-0.4791920299,0.60873663,0.6323090334
0.7010781973,-0.5870299709,-0.4048273392,0.3286534382,0.769821974,-0.547138964,0.6328319515,0.2505393016,0.73263482
0.02020826894,-0.1750936804,-0.984344365,-0.9964035049,0.07750795759,-0.0342428369,0.08229022563,0.9814961638,-0.1728976551
-0.4627475186,0.5104180564,0.7248021397,-0.8391552559,-0.5158068747,-0.1725158675,0.2858027127,-0.6880528146,0.6670083461
0.6234104913,-0.3470627791,-0.7006474054,0.7818048367,0.2902710828,0.551836838,0.01185565443,-0.8917904047,0.4522933977
-0.4466123942,0.809196901,-0.3817561326,-0.0605959766,-0.4530490648,-0.8894237868,-0.8926732308,-0.3740948012,0.251371404
-0.9559406703,0.2676062556,-0.1206827528,-0.2105682149,-0.9115106778,-0.353283613,-0.2045445226,-0.312306222,0.9276994998
0.06946845023,-0.6880294841,-0.7223500284,-0.5070031413,0.5992590235,-0.6195453474,0.8591402383,0.4092725886,-0.3072035141
-0.2910107045,0.8298896503,0.476020943,0.5913653671,0.5471537352,-0.5923763944,-0.7520636758,0.1091144279,-0.6499955917
0.1364280983,0.787729799,0.6007238449,0.8464447092,-0.4077495168,0.3424495376,0.514702563,0.461759781,-0.7223982117
0.4571927049,-0.6052593135,-0.6516410009,-0.4354274766,0.4865471968,-0.7574131884,0.7754854887,0.6300261809,-0.0411007066
-0.1136395701,0.83379147,-0.5402571912,-0.5697349148,-0.5001761752,-0.6520934907,-0.8139337657,0.2336997608,0.5318799176
-0.4600234604,0.717259273,0.5233713321,-0.6758066035,-0.6651595573,0.3175660531,0.5759026399,-0.2076099676,0.7907175543
0.9920762576,-0.0928199703,0.08467084604,-0.06968225182,-0.9672870899,-0.2439263609,0.1045422538,0.236093496,-0.9660904607
0.1356948195,-0.1904575648,-0.9722719949,0.8404729518,-0.4974806995,0.2147514164,-0.5245875839,-0.8463089682,0.09256887794
0.7533006122,-0.6568045018,-0.03385312575,-0.3649781229,-0.3746704984,-0.8522986492,0.5471098222,0.6543927445,-0.52195879
-0.861771337,-0.1668954932,-0.4790574675,0.3514244622,0.4846409266,-0.8010143692,0.3658565431,-0.8586437367,-0.3589985004
-0.9136304683,-0.1131373788,0.3904859804,-0.3754812984,0.6030642841,-0.7037949018,-0.1558626378,-0.7896286486,-0.5934588742
-0.01497341337,0.985768379,-0.1674410338,-0.9762635749,-0.05059989553,-0.2105922194,-0.2160676495,0.1603132979,0.9631274149
-0.1137241874,0.9773723255,-0.1783539921,-0.6555749978,0.06106640873,0.7526568382,0.746517402,0.2025197053,0.6337961324
0.6575016446,-0.3698456173,0.6564341602,-0.6466329537,0.1701912108,0.7435729789,-0.3867265319,-0.9133724165,-0.1272533629
-0.3533497491,-0.864198504,0.3581967343,0.9047602487,-0.2183632759,0.3656861661,-0.2378084254,0.4532972815,0.8590510622
-0.3396849647,-0.1028994514,0.9348934847,0.7822325751,0.5210064491,0.3415618224,-0.5222320588,0.8473275535,-0.09648675446
0.6234634251,0.05192495297,-0.7801263724,-0.06819644663,-0.9903777646,-0.1204206298,-0.7788726483,0.1282797048,-0.613923216
-0.5724657267,-0.2922824644,0.7660639352,-0.7251057532,0.616621244,-0.3065940117,-0.3827592434,-0.7309919305,-0.5649302251
-0.104596572,-0.721892554,0.6840546013,0.9727424984,0.06887470993,0.221423364,-0.20695794,0.6885691067,0.695011508
0.1452019371,-0.725711808,0.672501873,-0.1301408546,-0.6878086943,-0.7141306309,0.9808056665,0.0161731825,-0.1943159096
0.976912273,-0.1579983189,-0.1438017456,-0.05032904485,-0.8243557972,0.563830211,-0.2076280281,-0.5435752486,-0.8132752001
-0.7364920444,-0.1558568036,0.6582462498,-0.6389470173,0.4797771742,-0.6012990705,-0.2220949745,-0.8634364596,-0.4529363117
-0.3154253712,0.9471062365,-0.05913215691,-0.9448693686,-0.3192313674,-0.07289177091,-0.08791309013,0.03288024987,0.9955853443
0.4209678217,0.8091481732,0.4099577136,-0.04275497211,-0.4337529393,0.9000168887,0.9060673846,-0.3964058798,-0.1480009224
0.7768113408,0.5813124605,0.2421568996,-0.4827203571,0.3027305682,0.8217878436,0.4044072176,-0.7552681817,0.5157758972
0.8651747921,-0.2245396736,-0.4483910281,0.4303985049,-0.126384366,0.8937472344,-0.2573513281,-0.9662344058,-0.01270302778
0.1037876845,-0.9772965912,0.184714616,-0.3746693923,-0.2104535202,-0.9029574532,0.9213310822,0.02450895035,-0.3880056035
0.5039990236,-0.507635275,-0.6987785141,0.01742721918,0.8148606341,-0.5793948904,0.8635283876,0.2798366927,0.4195356352
0.7696823579,-0.2125812981,-0.6019952322,-0.6327855793,-0.3790978485,-0.6751794072,-0.08468458251,0.9006075799,-0.4263033058
-0.3731902501,0.08671123838,-0.9236937796,0.2698080518,0.9627338567,-0.01863159603,0.887655706,-0.2561731491,-0.382678279
0.6201555695,-0.7328936101,0.2797749559,-0.04699812222,0.321286985,0.9458149131,-0.7830697582,-0.5997012836,0.1648032897
-0.7206245215,0.414946268,0.5554456712,0.4430853619,-0.3405662219,0.8292707704,0.5332688451,0.8437026983,0.0615637534
-0.679623071,0.6052209529,0.4145118568,0.05992741237,-0.5173715902,0.8536599691,0.7311095585,0.6050076328,0.3153483434
0.4727175655,-0.6283783351,0.617801563,0.4705043316,0.7727642511,0.4259824952,-0.7450931332,0.08930890339,0.6609539641
0.4993377177,-0.8093032237,-0.3093382224,-0.1729468658,0.2567448363,-0.9508793145,0.8489706858,0.5283089827,-0.01176407542
-0.897452307,0.07419779723,-0.4348264522,-0.4309901367,-0.3574466212,0.8285405331,-0.09395136368,0.930981525,0.3527698136
0.3184668242,0.844986713,-0.4296234825,-0.5711111826,-0.1906985616,-0.7984147267,-0.7565784156,0.4996313776,0.4218501956
-0.7000519495,-0.3921462122,-0.5967818833,0.06863296505,0.7949033996,-0.6028416885,0.7107860325,-0.4629794095,-0.5295595173
0.6598978566,0.6688426615,0.3423219435,-0.4852349177,0.7272223343,-0.4854840379,-0.5736565989,0.1542633159,0.8044382735
0.4107379375,-0.8968766795,0.164032218,0.8807257119,0.4368210285,0.1830563012,-0.2358316497,0.06927922433,0.9693213203
0.155853033,-0.3148135723,0.9362703919,0.9332267015,-0.2637111046,-0.2440171651,0.3237248147,0.9117833449,0.2526922562
-0.2906795872,-0.8929057322,0.3438382338,0.9560881708,-0.2569982856,0.1408804133,-0.03742709196,0.3696907284,0.9284007637
0.1940506506,-0.4718684181,0.8600491503,0.6649444157,0.7078464764,0.2383323098,-0.7212442506,0.52563634,0.4511243388
0.7064434474,0.001169977741,0.7077685263,0.6491272288,0.3974821984,-0.6485689962,-0.2820842011,0.9176091396,0.2800392301
-0.7019913355,-0.6520197208,-0.2864933657,0.364214943,-0.6743627348,0.6423257563,-0.6120095099,0.3465619507,0.7108721223
0.2508464635,-0.8858141324,-0.3903964326,0.1323689286,-0.3681148552,0.9203096871,-0.9589340533,-0.2825327878,0.02491395802
0.2801454826,0.7959673418,-0.5366139201,-0.9569469205,0.187322377,-0.2217271262,-0.07596775622,0.5756268911,0.8141760143
0.9145617549,0.3988399866,0.06710783522,0.3101446518,-0.5851013368,-0.7493108305,-0.2595902374,0.7061041643,-0.6588093941
0.9182611378,0.1622472464,0.3612095152,-0.05228670901,-0.8545325323,0.5167593747,0.3925080673,-0.4934065082,-0.7762006408
0.4787579956,-0.2012510799,0.8545693562,0.355877472,0.9343043523,0.02065435011,-0.8025845791,0.2942335469,0.5189264045
0.1451090943,-0.9647021261,-0.2197570444,-0.7081612482,0.0538477956,-0.7039943618,0.69097829,0.2577794071,-0.6753508569
0.4441097525,-0.5570819271,0.7017308987,-0.8867283597,-0.3854969082,0.2551567163,0.1283718966,-0.7355622749,-0.66518328
0.7390911463,0.5683067442,-0.3616237298,0.6107691666,-0.7917988379,0.003952904073,-0.284086787,-0.2237901805,-0.9323157473
0.1796514213,0.8190455966,0.5448758368,-0.9557779545,0.2764254761,-0.1003865419,-0.2328387177,-0.5027457279,0.8324859546
0.7489417827,-0.5920159654,0.2976630694,0.6362433215,0.7679892173,-0.07339617088,-0.1851503227,0.244355599,0.9518454177
0.4830976449,0.1363556596,0.8648836913,0.8753566621,-0.09684084861,-0.4736798118,0.01916714742,0.9859153027,-0.166143421
-0.6972641682,-0.7165863954,-0.01807256897,-0.2309291515,0.200691329,0.9520476445,-0.6785973819,0.668002192,-0.3054155608
-0.00156379612,0.9991374922,0.04149489368,0.5475059713,0.03557847633,-0.8360450846,-0.8368003143,0.02141129801,-0.5470893806
-0.7450286896,-0.5199750066,0.4178016804,0.2177128164,0.4024969132,0.889155422,-0.6305024831,0.7534070794,-0.1866665247
0.4504806741,0.8129350628,0.3690579168,0.7968572658,-0.552526257,0.2444038323,0.4025986342,0.1839872794,-0.8966956121
0.6398812571,0.6829380967,-0.3523457575,0.05892400213,0.4135480119,0.9085736095,0.7662114191,-0.6021408456,0.2243801759
-0.4896384071,-0.6995908795,-0.5204102532,0.7000283657,0.04041830859,-0.7129702992,0.5198216209,-0.7133995806,0.4699431038
-0.6384510083,0.4552468129,0.6205889536,0.2825566873,-0.6113748233,0.7391769368,0.7159204065,0.6472798195,0.261699841
-0.4637199933,0.8791523659,0.1097947424,0.8852060692,0.4545579063,0.09893090973,0.03706727513,0.1430672131,-0.9890185992
-0.04411495549,0.7198547566,-0.6927214448,0.9923493084,-0.04845959156,-0.1135540319,-0.1153114083,-0.6924310777,-0.7122095771
-0.3955240401,0.6649370444,0.6335767204,-0.9150010781,-0.2254974947,-0.3345503055,-0.07958492819,-0.7120460707,0.6976077927
-0.4877479372,-0.7212226935,0.49187374,0.8569163703,-0.5031451695,0.1119788942,0.1667221766,0.4761121346,0.8634355512
-0.8651465891,-0.4041273827,-0.2969889525,-0.432904564,0.9007448189,0.03538939999,0.2532094347,0.1591848917,-0.9542248962
-0.540037164,-0.4923762721,0.6825873338,0.8263851686,-0.4639238771,0.3191585646,0.1595224581,0.736437535,0.6574285835
0.7853943362,0.5164996534,0.3411507654,0.2409754344,0.252530879,-0.9371013794,-0.5701636403,0.8182030696,0.07387259372
0.08694753747,-0.8993674321,-0.4284604391,-0.927690317,0.0836567159,-0.3638574303,0.3630851159,0.4291151082,-0.8270607127
-0.6460050587,-0.1315850084,-0.7519061442,0.7560572371,-0.2459774624,-0.6065249725,-0.1051423717,-0.9603022824,0.2583884829
0.6967653631,0.7075777585,0.1176934342,0.4635893705,-0.56942125,0.6788551654,0.5473599587,-0.4184413407,-0.7247785317
-0.5682961373,-0.3719696214,0.7339469334,0.7175691108,0.2124602963,0.6632911832,-0.4026587533,0.9036034657,0.1461735448
0.8076834364,-0.5347225494,-0.2484336161,-0.5393492076,-0.4998029262,-0.677716362,0.2382223726,0.6813727542,-0.6920847283
-0.3813125042,-0.3644217812,-0.8495866874,-0.05957272287,-0.9074255559,0.4159686901,-0.9225247231,0.2092262552,0.3243031134
-0.2928801389,-0.5813600609,0.7591058581,0.03149509549,-0.7993548796,-0.6000331952,0.9556303068,-0.1518296941,0.2524251588
0.5210543611,-0.7457009021,-0.4152499457,-0.2795510525,0.3105775686,-0.9085113004,0.8064450147,0.5894673346,-0.04663367547
0.638093647,0.5876164664,-0.4975373214,0.005256067394,0.6428475829,0.7659760825,0.7699408234,-0.4913795616,0.4071084069
-0.5447046989,0.8194585442,-0.1782820385,0.8384109529,0.5272806465,-0.137993456,-0.01907524807,-0.2246392977,-0.9742552647
-0.7833910817,-0.3770521705,-0.4940952072,0.1811557465,0.6219311957,-0.7618294976,0.5945426886,-0.6863186203,-0.4189101847
0.536689191,-0.3526841569,0.7665367556,0.5263533043,0.8499670055,0.02254525631,-0.6594823055,0.3913693588,0.6418045759
-0.4843016821,0.210202881,-0.8492741781,-0.607621016,-0.7792263502,0.1536326662,-0.629482789,0.5904413976,0.5051043202
-0.02008540816,0.0841214417,-0.9962530599,-0.3649822752,-0.9283013184,-0.07102535501,-0.9307977842,0.3621881353,0.04934814607
0.3843586364,0.3102524745,-0.8694894138,0.6629779957,-0.7481837069,0.02610206808,-0.6424395815,-0.5864849041,-0.493261433
-0.4587123571,-0.4355576226,-0.7745143839,-0.5690949326,0.8134121469,-0.1203812155,0.6824323638,0.38555186,-0.620995839
0.3382151941,-0.4018544348,0.8509544616,-0.7779946226,0.3893496633,0.4930833671,-0.5294665709,-0.8288062819,-0.1809566174
0.8645719016,0.0489582187,0.5001185058,0.5024371519,-0.06737643636,-0.8619845267,-0.008505024294,0.996525719,-0.08285020167
0.7180303718,0.03318436589,-0.6952202407,0.6679412847,-0.3136643576,0.6748845168,-0.1956701955,-0.9489538812,-0.2473857433
-0.4305413581,-0.7063462445,0.5618799888,-0.4310670084,0.707865318,0.5595604756,-0.7929787974,-0.00129399872,-0.6092478579
-0.0188738685,0.3037523804,0.9525640496,0.9540509596,0.290436725,-0.07371075387,-0.2990493998,0.9074034385,-0.2952769145
-0.5625339612,-0.6859385273,0.4615667657,0.04008768693,0.5349883562,0.8439078363,-0.8258017437,0.493229962,-0.2734514303
0.6416101558,0.7632837607,-0.07572521793,0.02811832857,-0.1220644287,-0.9921238002,-0.7665153407,0.6344274394,-0.09978004066
-0.8583900019,-0.4796213933,0.182016273,0.459346358,-0.5606372736,0.6889751598,-0.2284021191,0.6750179009,0.7015577706
0.2500135541,0.1083048767,-0.9621659298,-0.8121320845,-0.5176128399,-0.2692924532,-0.5271951253,0.8487325855,-0.04145236051
0.6182461151,0.2779773712,0.7351872702,0.09725735828,-0.9552386537,0.2793924136,0.7799440668,-0.1012309026,-0.6176079315
-0.5233311111,0.5583954461,-0.6436762183,-0.3940459278,0.5111764206,0.7638235881,0.7555477185,0.6533706397,-0.04748107248
-0.71950614,0.4002438013,0.5675524769,-0.6655920713,-0.6306844144,-0.3990292772,0.1982375068,-0.6648624436,0.7201804093
0.469864565,-0.1924162259,0.8615122092,0.1268085425,0.980544381,0.1498409507,-0.8735827861,0.03884215446,0.4851230802
0.5674868824,0.1169339554,-0.8150368632,-0.6093151049,0.7254131751,-0.3201731225,0.5537993691,0.6783083189,0.4829120865
0.108647296,0.7890621895,0.6046293295,-0.08891137764,-0.5980787524,0.7964901587,0.9900962236,-0.1402949287,0.005176967084
-0.1449193534,0.4480775978,-0.8821705319,-0.9595964969,0.1536874871,0.2357004869,0.2411906802,0.8806853142,0.4077014019
0.8630947305,0.094636599,-0.4960961604,-0.4392162954,-0.3442518094,-0.8298070484,-0.2493121178,0.9340956085,-0.2555559862
0.8204819234,-0.392565164,0.4155743079,0.2352041286,-0.4307575313,-0.8712789262,0.5210455175,0.8126134021,-0.2610958205
0.3304550078,-0.7543257824,-0.5672672226,-0.1873672436,-0.6415003717,0.7438889629,-0.9250367581,-0.1395345372,-0.3533229529
-0.6262757565,0.7588771976,-0.1785611263,-0.5804420673,-0.6067937666,-0.5430362155,-0.5204475798,-0.2364460273,0.8205044746
-0.292455853,0.6558083142,-0.6959777504,-0.148990074,-0.75015837,-0.6442549012,-0.9446012555,-0.08472234009,0.3170971353
0.9754342245,-0.1954458976,-0.1016315638,0.2155662772,0.941897873,0.2576035266,0.04537900126,-0.273183634,0.9608909659
-0.09529644265,-0.9139679361,0.3944378276,0.8791309469,0.1086006766,0.4640416697,-0.466955422,0.3909840212,0.7931482389
-0.6791935879,-0.07530709877,-0.7300855505,-0.2219135838,0.9692360821,0.1064696127,0.6996073409,0.2343293793,-0.6750106003
0.4614784867,0.8431664779,-0.275876597,0.6641637673,-0.1221930919,0.7375332796,0.5881531234,-0.5235829817,-0.6163901076
-0.8447053609,0.4737744743,-0.2490192777,0.06397554044,0.5512928817,0.8318553293,0.5313943766,0.6867415133,-0.4959900306
0.8689813188,0.3724691362,0.3257885973,0.2324793031,-0.8884748875,0.3956838991,0.4368350274,-0.2681028104,-0.8586594446
0.3871818389,0.8150528111,0.431021042,-0.1710683355,0.5228707439,-0.835069943,-0.9059943974,0.2495898639,0.3418757839
-0.06693986032,0.8150525681,0.5755070516,0.1827245636,-0.5570315524,0.8101404714,0.9808826581,0.1593899648,-0.1116425105
-0.9964952956,0.03961907716,0.07367126016,0.07328517598,0.8381135073,0.5405506746,-0.04032875936,0.5440552156,-0.8380796582
0.2975133286,0.9507759232,0.08666581317,-0.9545064494,0.2943100723,0.04794809054,0.0200812683,-0.09698827364,0.9950829199
-0.6139884502,0.5230699897,0.5911141759,0.5223132827,-0.2922317493,0.8011176189,0.5917829144,0.8006237509,-0.09377948459
-0.4980209529,0.7865782137,0.3650614253,0.7710675149,0.5943005364,-0.2286083109,-0.3967745177,0.1676352772,-0.902479028
-0.551267314,-0.4077138574,-0.7279242811,-0.7836732376,0.5524079572,0.2840804559,0.2862876266,0.727059048,-0.6240388894
-0.8020197404,-0.5953552363,-0.04812981087,0.5967170106,-0.8021865519,-0.0206287486,-0.02632765353,-0.04526454046,0.9986280469
0.2607272644,-0.9364848082,-0.23455809,0.7167992625,0.02503187191,0.6968301247,-0.6466993976,-0.3498136781,0.6777981114
0.8725561305,-0.2102021364,0.4409771661,-0.08433629711,0.8243201695,0.5598067944,-0.4811789564,-0.5256532316,0.7015379476
-0.2443591523,-0.06176625797,0.9677156267,0.8809317286,0.4029560663,0.2481646593,-0.4052750846,0.9131327056,-0.04405414636
0.6404917561,0.374914385,0.670230941,-0.6848760569,0.673693725,0.2776356454,-0.347440782,-0.6368484662,0.6882651626
-0.2200594211,-0.8290695004,0.5140210256,0.8068236081,0.1414774043,0.5736024838,-0.5482786852,0.540950929,0.63777941
-0.6300365407,0.6399132113,-0.4399602702,-0.6983180681,-0.2190171829,0.6814567847,0.3397143405,0.7365748812,0.5848517857
0.1532031747,0.1590452731,0.9753119441,0.7067176722,0.6722143686,-0.2206308557,-0.6907089974,0.7230715343,-0.009414729824
-0.8608730631,-0.08834468602,-0.5010915941,-0.09213598604,-0.9414655959,0.3242737913,-0.5004083625,0.3253271401,0.8023426466
-0.3608514268,0.2194484918,0.9064373157,0.1594912413,0.9721251347,-0.1718582741,-0.9188845367,0.08255350919,-0.3857928543
-0.2713194748,0.21065247,0.9391545557,0.5454874698,-0.7702633236,0.330360156,0.7929874923,0.6019301863,0.09407915753
0.4857511971,-0.5658623915,0.6662173282,-0.8740607166,-0.3074906869,0.3761214447,-0.007977356325,-0.7650158373,-0.6439620567
0.1513012709,-0.9800609561,-0.1287961484,-0.7870887566,-0.04062341045,-0.6155006318,0.5979959989,0.1945000281,-0.7775413329
-0.2750021406,-0.9273470535,0.2537740434,-0.8514920625,0.3574873651,0.3836196701,-0.4464695848,-0.1105903531,-0.8879384458
-0.008756042546,-0.8604057473,0.5095343774,-0.06047784252,0.5090767813,0.8585937697,-0.9981311348,-0.02329765626,-0.05649298124
-0.1516675259,0.9717213782,0.1809821115,0.8377279396,0.02919077437,0.5453070675,0.5246035272,0.2343191452,-0.8184654406
-0.409224442,-0.3717467582,-0.8332704866,0.2405547387,-0.9248860601,0.2944812276,-0.8801526991,-0.07993824816,0.4679114262
