-0.007033728217,-0.03740973317,0.9992752566,0.47361367,0.8799852437,0.03627757493,-0.8807046146,0.4735255883,0.01152818398
-0.5521715825,-0.4566492233,-0.6975514536,-0.05869925727,0.8558798279,-0.5138327718,0.8316615542,-0.2427781025,-0.4993974892
-0.6561585296,0.4064385173,-0.6358173603,-0.7478901436,-0.2379515822,0.6197091072,0.1005799038,0.8821489535,0.4601053214
0.8653442778,0.3789811155,-0.3279521231,0.4560650854,-0.3241321157,0.8288202516,0.207807408,-0.866782375,-0.4533259264
-0.6172762487,-0.09890261093,0.780505161,-0.4349313256,0.8695863996,-0.2337824538,-0.6555949778,-0.4837745004,-0.5797908743
0.3869513609,0.8314441475,0.3987095106,-0.8351547269,0.499300561,-0.230684919,-0.3908775081,-0.2437202892,0.8875895416
0.4189463783,0.670398263,-0.6124133417,-0.3850372916,0.74197823,0.5488302017,0.8223321812,0.005871549123,0.5689774237
-0.8616563632,-0.4295472734,0.2702544204,0.2824886337,0.03643814284,0.9585783398,-0.4216022814,0.9023089281,0.08994506473
0.5784694542,-0.7152429925,-0.3921741351,0.8136657799,0.47199171,0.3393697458,-0.05762889192,-0.5154137052,0.8550015341
0.7109354619,0.6278764623,-0.3167679231,0.1959712813,0.2557119744,0.9466819123,0.6754006411,-0.7351071583,0.05874895582
-0.3104385921,0.008490790994,-0.950555515,-0.2997036745,0.9480864043,0.1063479078,0.9021117381,0.3178994754,-0.2917778872
0.7165742909,0.6629506696,-0.216835641,0.6880168183,-0.6206830698,0.3760124794,0.1146915137,-0.4186274436,-0.900886741
0.2633497661,-0.03242989828,0.9641551755,-0.964160125,-0.04229270143,0.2619285793,0.03228240978,-0.9985788047,-0.04240538781
-0.005055821247,0.9120176846,-0.4101197163,0.5925490336,-0.3276351579,-0.735894589,-0.8055185171,-0.2467365931,-0.5387587328
-0.313868551,0.3383125548,-0.8871477599,0.3751677268,-0.8141378401,-0.4432028363,-0.8722016449,-0.4719366405,0.128608312
-0.3980356032,0.2356840972,-0.8865780648,0.5369965933,-0.7236960973,-0.4334727414,-0.7437757171,-0.6486269846,0.1614952553
-0.9649762522,-0.2601286782,-0.03396915354,0.2191713526,-0.7282482236,-0.6493215252,0.1441691744,-0.6340249172,0.7597549957
0.6317970716,0.6262749817,0.4567407444,-0.5576073451,0.7765161638,-0.293422385,-0.5384296695,-0.06929859032,0.8398161682
0.6213029679,-0.6981413114,0.3557827025,0.5495262673,0.06454660631,-0.8329793618,0.558572738,0.7130444902,0.423749987
-0.01386294359,0.1048996681,0.9943861817,0.8980979689,-0.4358869408,0.05850310267,0.4395769068,0.8938672354,-0.08816750275
0.04543624255,0.9883011479,0.1455897965,0.6304681696,0.08467906244,-0.7715823634,-0.774884143,0.1268475359,-0.6192449173
-0.8188355269,0.138260441,0.5571287377,0.2850663926,0.9403654002,0.1856072894,-0.4982424427,0.3108005221,-0.8094180031
0.4489928289,0.7564118291,-0.4756538494,0.527654466,0.2051469854,0.8243151575,0.7211006893,-0.6210924724,-0.3070145544
-0.7599442646,-0.3954632834,0.5158425207,-0.04552296011,0.8240517218,0.5646825833,-0.6483921458,0.405644612,-0.644236039
-0.4781257021,-0.3130593054,-0.8206032442,0.4421217312,-0.893096135,0.08311238475,-0.7588966912,-0.3230683596,0.5654225386
0.6528533794,0.1433457069,0.7437973335,0.6080976089,-0.6846741507,-0.4017942327,0.4516633293,0.7146141026,-0.5341600147
-0.9176385262,0.1015839274,0.3842137958,0.350100151,0.6641374706,0.6605689248,-0.1880675928,0.7406768025,-0.6450026781
-0.2529914743,0.9631121808,-0.0917073672,-0.1167704939,0.0637002789,0.9911139825,0.9603957339,0.2614521022,0.09634745753
0.3508400136,0.8616937223,-0.3665995279,-0.1303679858,0.4326163046,0.8921027526,0.9273162746,-0.2651924998,0.2641163852
-0.07525817106,0.273403477,-0.9589508572,0.8763583479,-0.440679117,-0.1944169796,-0.4757438952,-0.8550160552,-0.206434715
0.5462568374,-0.09602166465,0.8320957322,0.8225214588,-0.1262613649,-0.5545417184,0.1583095618,0.9873388008,0.01000874581
-0.2083718035,0.9235406829,0.3219530998,-0.8842715403,-0.3185459386,0.3414561875,0.4179055329,-0.2135441218,0.883036734
0.6265293831,0.3033466821,-0.7179427014,0.7396444374,0.05901950684,0.6704049553,0.245737743,-0.9510507285,-0.1873912308
0.9658285827,-0.08337982068,-0.2454036559,-0.2296176107,0.1638878891,-0.9593834023,0.1202119032,0.9829489129,0.1391421325
0.6550131488,0.5724805419,-0.4931772543,0.6119932419,-0.01911314127,0.7906320002,0.4431952693,-0.8196955026,-0.3628735816
-0.001144123711,-0.3326443612,0.9430516528,0.7773577375,0.5929388649,0.2100915287,-0.629057739,0.7333288699,0.2579052726
-0.09352382213,-0.5800988175,-0.8091592283,-0.8481639177,0.472050316,-0.2403881609,0.5214127572,0.6638176415,-0.5361668355
0.8097891657,0.3267687098,-0.4873024906,-0.4280788449,-0.2389239943,-0.8715869592,-0.4012356036,0.9144055639,-0.05359529014
0.862707372,-0.5049890869,-0.02687028739,-0.4906903343,-0.848763984,0.1970347564,-0.1223069339,-0.1567983466,-0.98002821
0.3121193237,-0.5538127753,-0.7719280651,0.8420648096,-0.2149526583,0.4946940581,-0.4398958788,-0.804417034,0.3992553709
-0.9754081934,-0.214882353,-0.04903499339,-0.1681504188,0.5816695815,0.7958554734,-0.1424931327,0.7845292042,-0.6034978333
0.7670046787,-0.2322172781,0.5981462685,-0.5814844426,0.1425330263,0.8009745186,-0.2712557204,-0.9621639528,-0.02570723653
-0.9117543843,-0.1514476316,0.3817951775,-0.3601799665,-0.1519759804,-0.9204203893,0.1974191845,-0.9767122996,0.08401636352
-0.6735174612,-0.6210701002,0.4008068863,0.7108965014,-0.3957205578,0.5814046822,-0.2024855396,0.6765184187,0.7080412667
0.6385690419,-0.6588144182,-0.3977350136,-0.06005279428,-0.5579145939,0.8277227602,-0.7672178573,-0.504673031,-0.3958306344
0.172796331,-0.8026139429,-0.5709223123,-0.7468224388,-0.4846838448,0.4553436235,-0.6421819624,0.3476958862,-0.6831616923
0.6076878869,-0.7710765307,0.1901484052,0.7928625268,0.6028012091,-0.0894411312,-0.0456557314,0.205113837,0.9776726794
-0.8834675497,0.1148994399,0.4541841117,-0.2735165709,0.6605863257,-0.6991526241,-0.3803600585,-0.7419055365,-0.5521796817
0.150552914,0.3320551649,-0.9311676474,0.3610134595,-0.8953206302,-0.2609027621,-0.9203277146,-0.2968843826,-0.2546695136
-0.287280723,0.8612334978,-0.419221479,0.9276053932,0.3592573785,0.1023834487,0.2387844652,-0.3594593137,-0.9020925568
-0.5395899924,0.3914814732,-0.7453756745,0.4805671646,0.8701425234,0.1091200679,0.6913015553,-0.2993229779,-0.6576533392
-0.08986512546,-0.4790174009,0.8731933285,0.3630824241,0.8006473246,0.4765868388,-0.9274132911,0.3598696864,0.1019725268
0.7700367621,0.5704962418,-0.2856176171,0.6289923842,-0.7538014837,0.1901365397,-0.1068268022,-0.3260634313,-0.9392926451
0.1524331841,0.1082250408,0.9823703298,0.2600599205,-0.963349523,0.06577639586,0.9534846418,0.2454486444,-0.1749914307
-0.06650452721,0.02556186144,0.9974586403,0.2604994416,-0.9645562235,0.04208720345,0.9631807664,0.2626364084,0.05748850498
0.07301525618,-0.9835244781,0.1653734362,-0.7587319748,0.05284130397,0.6492561798,-0.6472978934,-0.1728797201,-0.7423732482
-0.6612080115,-0.0393328994,0.7491708007,-0.7501839645,0.04170791542,-0.6599124709,-0.005290081559,-0.9983553339,-0.05708451822
0.4094536431,0.4535596829,0.7916004852,-0.1575536448,0.8897849996,-0.428321729,-0.898623705,0.0506583507,0.4357856908
0.9816984293,0.1776858191,-0.06852695522,0.1815578858,-0.9818343967,0.0551176148,-0.0574885032,-0.06655048499,-0.9961255468
0.7918369012,0.5678341892,0.2248525193,0.5799078273,-0.5835715749,-0.5684638324,-0.1915756606,0.5805243755,-0.7913849984
0.9324923663,-0.3010633833,0.1995465512,-0.2557632065,-0.1602914989,0.9533581791,-0.2550356231,-0.9400358901,-0.2264715354
-0.9445517483,0.2498012975,-0.2131227498,0.1336911302,0.8853763847,0.4452362734,0.2999144485,0.3920560791,-0.8696800299
0.1196839936,-0.9014692102,-0.4159675524,-0.6162338367,0.2610488109,-0.7430406294,0.7784160842,0.3452633507,-0.5242724659
0.5074953917,0.8600636102,-0.05233558762,0.04246630369,-0.08563020779,-0.9954215592,-0.8606073672,0.5029493552,-0.07998065832
0.9002844848,0.0432291618,-0.4331501886,-0.2666461316,0.8412871035,-0.4702508373,0.344075118,0.538857355,0.7689246154
-0.7372466532,0.2351718268,0.6333731792,-0.0635777658,-0.957453153,0.2814983613,0.6726256314,0.1672652731,0.720830832
-0.4481076866,0.5394885786,0.7128475116,-0.6970046187,-0.7101572249,0.09930396533,0.5598071657,-0.4523591378,0.6942529421
0.5000150289,0.7040014672,-0.5043479999,0.4491559287,0.2871109801,0.8460651493,0.740434955,-0.6495761844,-0.1726466278
-0.4221604173,-0.08193665459,0.9028105929,-0.5948217941,-0.726496809,-0.3440776364,0.6840815853,-0.6822673751,0.2579604881
-0.502211209,-0.1323689274,-0.8545539004,0.8441555546,-0.2894046091,-0.4512719488,-0.1875774537,-0.9480102527,0.257082204
0.1405720607,-0.3447723765,-0.9281010204,-0.9875613847,0.01786739066,-0.1562154533,0.07044151658,0.938516257,-0.3379722296
-0.2648662168,0.9364188936,0.2301424402,0.7885456044,0.3477050592,-0.5072445382,-0.5550150601,0.04712586777,-0.8305043261
0.1338845736,-0.5860914536,-0.799106832,-0.9482861194,0.1584111186,-0.2750624532,0.2877991602,0.794608536,-0.5345735851
0.7348511581,-0.2757578829,0.6196380923,-0.2296799681,0.7584496623,0.6099190291,-0.638154282,-0.5905181622,0.494011551
-0.582698552,-0.4390804092,-0.6838646005,-0.1099146621,0.8763316468,-0.4690006522,0.8052211898,-0.1981192544,-0.5588985565
-0.6238749162,-0.7184512475,-0.3075839622,0.7167796479,-0.36916345,-0.5915617326,0.3114595081,-0.5895304505,0.7452830487
-0.2756032455,-0.8620439203,-0.4253505972,-0.9031407198,0.08066736173,0.4216984906,-0.3292107095,0.5003729172,-0.8007791534
-0.01152868131,0.02963942868,-0.999494169,-0.4430646689,0.8959297692,0.031678822,0.8964155223,0.4432057681,0.002803294868
0.263830234,-0.8622648348,0.4323111869,-0.1345638513,-0.4767105315,-0.8686999707,0.9551367324,0.1710158583,-0.2418003281
-0.2180346577,-0.9262015845,-0.3075898453,0.3693148007,0.2134311575,-0.9044632215,0.9033645255,-0.3108018113,0.2955245642
-0.7479631168,0.5524299371,0.3679298039,0.6623574188,0.5854673153,0.4674512513,0.04282319087,0.5933373301,-0.8038140252
-0.9709883844,0.1764168243,-0.1614269537,0.09281265679,-0.3441073553,-0.9343318141,-0.2203800536,-0.9222078031,0.3177505308
0.8207961731,-0.5675408615,0.06473803156,-0.2535304281,-0.4635126069,-0.8490455731,0.5118749498,0.6804802964,-0.5243382515
-0.002487064738,-0.9422587084,0.3348766056,-0.2162427632,-0.3264475028,-0.9201473226,0.9763364594,-0.07470310849,-0.2029447307
0.4655952005,0.5582054471,-0.6867516204,-0.4538743892,-0.515560907,-0.7267702456,-0.7597493982,0.6500797105,0.01331247245
0.1628885221,-0.9582879053,0.2348438204,0.8692949878,0.02680528287,-0.4935663086,0.4666835689,0.2845448425,0.8374011459
-0.4858178791,-0.8706237991,0.07742860449,-0.7926624354,0.4015137223,-0.4587733584,0.368330357,-0.2842550461,-0.8851733259
-0.9358753583,0.1826964295,-0.3012628891,0.206445636,-0.4085482934,-0.8890829496,-0.2855127196,-0.8942652328,0.3446333999
-0.4123419654,-0.1664594897,0.8956926604,0.3651774928,0.8705252434,0.32989574,-0.8346373478,0.4631166579,-0.2981668307
-0.5160289191,0.4155195009,-0.7490378489,-0.657918036,0.367691363,0.657226688,0.548505253,0.8319534878,0.08363839733
-0.9599421814,-0.2723524458,-0.06584188335,-0.2504726314,0.9394061401,-0.2340503468,0.1255964539,-0.2081832107,-0.9699924132
0.2573683969,-0.9066973175,-0.3341578709,-0.3740410387,-0.4123260414,0.8307108624,-0.8909853027,-0.08880996587,-0.4452616987
0.6260846749,0.2995519745,0.7199212418,-0.3778971062,-0.6910320776,0.6161724149,0.6820643349,-0.65783226,-0.3194447694
-0.1507688466,-0.9875258495,-0.04540321017,0.9885689912,-0.1506247641,-0.006597736257,-0.000323412722,-0.04587893876,0.9989469547
0.5712696803,-0.3676595555,-0.7338101959,0.6318675093,0.7676115359,0.1073125372,0.5238266918,-0.5249752196,0.6708253244
-0.4855092297,-0.8702544359,0.0832946862,-0.7411096771,0.4602452644,0.4888054245,-0.4637210738,0.1755890471,-0.8684073078
-0.4294575857,-0.05535722246,-0.9013887951,0.07691926485,0.9922502946,-0.09758472986,0.8998053171,-0.111242666,-0.4218713791
-0.9366966,-0.1554564542,0.3137399726,0.2445504285,0.3508111979,0.9039505469,-0.2505884424,0.9234526486,-0.2905867139
-0.5274804523,0.8037754323,-0.2751534607,0.04623442926,-0.2962360796,-0.9539950538,-0.8483081693,-0.5159353057,0.1190966429
-0.1963444603,0.04846624474,0.9793364468,0.9022435318,0.4000073064,0.1610924088,-0.3839341901,0.9152295766,-0.1222675745
-0.2689293903,0.6470204077,-0.7134714957,0.8217384959,0.5405383658,0.1804553117,0.5024169857,-0.5377572567,-0.6770482297
-0.7719113999,-0.2905618983,-0.5654436966,0.03000037448,-0.9050978838,0.4241436056,-0.6350218644,0.3104377617,0.7073723403
-0.1574372547,0.5026475977,0.8500346483,-0.9763316868,0.0500293026,-0.2104127044,-0.148290081,-0.8630425606,0.4828743009
-0.3105896869,0.7167541919,0.6243376288,-0.7801686719,-0.5674454732,0.2633296,0.5430201559,-0.4053012007,0.7354318778
0.1894690877,0.4526822525,-0.871309499,-0.7118059532,0.6745672174,0.1956817676,0.6763384876,0.5831276425,0.4500315575
0.197923239,-0.8780684283,-0.4356859267,-0.8945209022,-0.343549764,0.2860173336,-0.4008225879,0.3331206912,-0.8534470447
0.7367485655,-0.04399808314,-0.6747338141,0.6563318195,0.2864580755,0.697975869,0.1625733496,-0.9570819921,0.2399249182
0.8083347074,0.2567571362,0.5297837048,-0.4677004208,-0.2664835061,0.8427590743,0.3575630256,-0.9290114714,-0.09532244628
-0.4555512852,0.3885158198,0.800954733,-0.8394930855,0.1118628057,-0.5317312029,-0.2961830278,-0.914626793,0.2751970994
0.8426641176,-0.5256144368,-0.1168188711,-0.401322852,-0.4684730521,-0.7870660505,0.3589667858,0.7101144015,-0.6057065159
-0.4321843265,0.8948479416,0.1116417009,0.9000729042,0.4204194942,0.1145260493,0.05554705209,0.1499820335,-0.9871271016
0.8995885348,-0.2693077307,0.3438223587,0.1143702309,-0.6145111166,-0.7805738516,0.4214972342,0.74151833,-0.5220063676
-0.7867814789,-0.5283148376,-0.3191525291,-0.1897979086,-0.2849362274,0.9395680391,-0.5873258536,0.7998092139,0.1239094952
-0.04054934505,0.9592109795,-0.2797678454,-0.9495747503,0.05013031208,0.3095072624,0.3109076138,0.2782107987,0.908809775
0.5386780304,-0.8261602181,-0.1651825463,0.713087707,0.3426629768,0.6116273428,-0.4487002358,-0.4472598556,0.773709713
-0.6080895923,0.5345491137,0.5869278429,0.7670237178,0.2049744129,0.607996798,0.2046989595,0.8199041012,-0.5346546557
-0.08481734071,-0.4203688271,0.9033803561,-0.1112072264,0.9049766262,0.4106704991,-0.9901711829,-0.06563044417,-0.1235057622
0.5261134075,-0.5880802315,-0.6143014926,0.2634929744,0.7995331657,-0.5397389826,0.8085642429,0.1220997878,0.5756001276
0.1128677347,0.5802382919,0.8065881223,-0.3488491603,0.7832393138,-0.5146265059,-0.9303575322,-0.2232928613,0.290818088
0.8107752147,0.4009127204,-0.4265120652,-0.5456024021,0.7815303775,-0.3025364241,0.2120414345,0.4779950415,0.8523844029
-0.7187540652,-0.458374784,-0.5227668229,0.1088491253,0.6684379429,-0.7357598687,0.6866909507,-0.585733108,-0.4305487945
0.7305142103,0.3142227723,-0.6063110076,-0.5774564742,-0.1897201965,-0.7940719536,-0.3645449342,0.9301990628,0.04285667471
0.2988147241,0.9319839703,-0.2052209536,0.1830420249,0.1550800555,0.9707964738,0.9365924288,-0.3276523394,-0.1242520291
-0.3694719695,-0.9271041012,0.06299562898,-0.3565642448,0.2040489445,0.9117159468,-0.858109785,0.3143914976,-0.4059625391
-0.04075649826,-0.2653227741,0.9632978425,0.1156187753,0.9563701979,0.2683064354,-0.9924571561,0.1223105475,-0.008302006124
0.4538035466,0.8910999068,-0.001815805384,0.8904306392,-0.4535399008,-0.03787921873,-0.03457770848,0.01557287505,-0.9992806751
-0.5425251587,-0.4703305815,-0.696028445,0.3272017197,0.6448139989,-0.6907633035,0.7736959912,-0.602498175,-0.195934842
-0.8772935624,0.3763798236,-0.2978157713,-0.3549677568,-0.9264562527,-0.1252066434,-0.3230385379,-0.004127985975,0.946376808
-0.524537536,-0.52657399,-0.6690143545,0.7983273965,-0.03113565868,-0.6014182727,0.2958610169,-0.8495589467,0.4367102642
-0.04223175827,-0.8566603785,0.5141492726,-0.971629246,0.1550751793,0.178572946,-0.2327081582,-0.4920210206,-0.8389053751
-0.7996974331,0.5541228877,0.2311532842,-0.5386045332,-0.8322126498,0.1316330595,0.2653095782,-0.01923358688,0.9639714191
-0.2050659958,-0.3814502438,0.9013565603,-0.280971182,-0.8592221503,-0.4275423854,0.9375516691,-0.3409296232,0.06902071996
-0.9595457538,0.1137883094,0.2575347881,0.2809414134,0.3267103621,0.9024036024,0.01854369649,0.9382497322,-0.3454613891
-0.2601182456,-0.5819438838,0.7705062066,0.8153094734,0.2951430474,0.4981576499,-0.5173093474,0.7577809035,0.3976922698
0.5352010689,-0.6628517054,0.5236290982,0.6580709469,-0.06148105734,-0.7504416756,0.5296248151,0.7462222834,0.4032987218
0.9759060766,0.1577801473,-0.1507075137,-0.04021072715,0.808938227,0.586516873,0.2144537875,-0.5663253217,0.7957921858
-0.9518255729,-0.09105916957,-0.2928076269,-0.2130539602,0.8831458247,0.4179251874,0.2205359126,0.4601757054,-0.8600012973
0.9969344102,0.0637602891,-0.04534762741,-0.001875842204,-0.5599388221,-0.8285318321,-0.07821932622,0.8260769583,-0.5581026751
-0.3624889756,0.2838884014,0.8876987767,-0.814135222,0.3671560073,-0.4498669876,-0.4536359585,-0.8857786642,0.09803354175
-0.3030681263,0.8004971436,0.5170628916,-0.435429931,-0.5989520168,0.6720545043,0.8476735728,-0.02146635982,0.5300836815
-0.6307904624,0.1078592202,-0.7684203154,0.5787398018,-0.5942578322,-0.5584960794,-0.5168787425,-0.7970094212,0.312429749
-0.9914625132,0.1245828443,0.03848635974,-0.1247790682,-0.8208454513,-0.5573535047,-0.03784533158,-0.5573973986,0.8293828253
-0.9921837231,0.04232658817,0.1173879023,-0.1176296021,-0.6312297937,-0.7666239132,0.04165016673,-0.7744400606,0.6312747866
-0.1594192123,0.0222176556,0.9869609367,-0.9499088606,0.2687708748,-0.1594847123,-0.2688097307,-0.962947866,-0.02174249325
0.871093318,-0.2113830457,0.4432985894,0.02722463165,0.9220283001,0.386163998,-0.4903623668,-0.3243162375,0.8089275167
0.641670204,-0.3641982967,0.6749955185,-0.7211711745,-0.586090711,0.3693369944,0.2610966991,-0.7237798555,-0.6387262595
0.5633143934,-0.3525164065,0.7472677414,0.2192023922,-0.808246052,-0.5465241356,0.7966349261,0.4716677884,-0.3780241949
-0.1805233595,-0.8931907014,-0.4118515358,0.1308097286,-0.4368138086,0.889990175,-0.9748333866,0.1067898287,0.1956931294
0.4553885463,-0.6240388746,0.6349777593,0.0875623025,0.7411594606,0.6655940934,-0.8859763626,-0.247503812,0.3921578101
-0.0329187329,0.9469663073,0.3196422528,-0.8825499857,-0.1776371261,0.4353740623,0.4690648993,-0.2677683032,0.8415926901
0.4550314426,0.1698236658,0.8741317457,-0.36497769,-0.8598351222,0.3570362005,0.8122423727,-0.4815012827,-0.3292701667
-0.04108896827,-0.3087326011,-0.9502609524,-0.8744525014,-0.4489907959,0.183684752,-0.4833678926,0.8385054837,-0.2515234267
0.3029054667,0.938234478,-0.1672254245,-0.1262620093,-0.1344139192,-0.9828483115,-0.9446195971,0.3188243446,0.07774865949
0.09887641836,-0.1065613742,-0.9893776465,0.7226240694,0.6912376368,-0.002232466748,0.684132961,-0.7147273627,0.1453509157
0.3203423519,0.5794390319,0.7494205667,-0.861932482,-0.1499200108,0.4843515117,0.3930053105,-0.8011082315,0.4514115941
0.6669663135,0.6563862275,-0.3525805681,-0.7319849464,0.6655866207,-0.1455764013,0.1391185639,0.355178224,0.9243886923
-0.06824881238,-0.9822971083,-0.1744548386,0.7873958862,0.05434679209,-0.6140473471,0.6126579943,-0.1792730244,0.7697475981
0.4767203629,-0.7968797232,-0.3711069959,-0.2899543791,0.2559932811,-0.9221680422,0.8298579118,0.5472203822,-0.1090215555
0.8850856505,0.2051278692,0.4177869655,0.4596791823,-0.5259155424,-0.7156171403,0.07292763946,0.8254304329,-0.5597733112
-0.2246048639,-0.9711501555,-0.08012509339,0.9667037253,-0.2117176582,-0.1437342714,0.1226236629,-0.1097406427,0.9863672889
0.08121366075,0.947506822,-0.3092493549,0.7790549259,0.1331818426,0.6126467328,0.6216733578,-0.2906775171,-0.727343672
-0.1707154436,-0.1049164087,0.9797187272,0.5747632375,-0.8182238205,0.01252998022,0.8003145995,0.5652453686,0.1999855372
0.5137300966,-0.65135028,-0.5584122138,-0.5321398459,-0.7524529951,0.3881258489,-0.6729848231,0.09776145959,-0.7331671875
0.715936828,-0.3375718169,0.6111298772,0.1392503082,0.92679282,0.3488042724,-0.6841372742,-0.1646218007,0.7105320913
0.6400263713,-0.3863830827,-0.6641342918,-0.7243268048,-0.01502416422,-0.6892930831,0.2563531236,0.9222160202,-0.289483485
0.3520636897,-0.6920087136,0.6302182944,0.7721526143,0.5952851446,0.2222969564,-0.5289910194,0.408362017,0.7439146218
-0.6603865543,0.7448064103,-0.09567136564,-0.6946839477,-0.6543247256,-0.2987864894,-0.2851382327,-0.1308532182,0.9495123083
-0.983779006,0.1760445533,-0.03445551564,0.1449102498,0.8931329077,0.4258105549,0.1057349838,0.4139105271,-0.9041560644
0.4611744776,-0.4640927194,-0.7562645364,0.6802010452,0.7322113196,-0.0345415916,0.5697759554,-0.4984822276,0.6533535256
0.7243796889,-0.6187209695,0.3040697752,-0.1626150172,0.2752700462,0.9475139882,-0.6699480744,-0.7358061998,0.09878670932
0.5224948995,-0.6337626158,-0.5703893642,-0.1001481834,-0.7099522054,0.6970926821,-0.8467404687,-0.3071039122,-0.4344165809
-0.7247914299,0.6300048889,-0.278874924,0.6255100107,0.7713980916,0.1169709827,0.2888158751,-0.0896594909,-0.9531770906
-0.6938267305,0.1689291269,-0.7000481541,0.1674827936,0.9832944333,0.07128514046,0.7003955895,-0.06778648459,-0.7105286839
0.1766621091,0.8502508193,-0.4958467943,0.1757728686,0.4684193722,0.8658447843,0.9684494813,-0.2401183792,-0.06669907133
-0.7072643284,0.5854987834,-0.3961923074,0.4598255619,0.8066766324,0.3712590247,0.5369707836,0.08039891437,-0.8397609137
-0.4277307309,0.9017707878,0.06209563711,-0.5202216822,-0.30176793,0.7989402467,0.7391994475,0.3094277989,0.5981961335
0.8488872923,0.3490155321,0.3969616144,0.5266974971,-0.4953035807,-0.6908430426,-0.04449844308,0.7955265686,-0.6042825227
0.1688004041,-0.4320154638,-0.885928362,-0.3896511135,-0.8548579639,0.3426220532,-0.9053609409,0.2873682317,-0.3126356763
0.7175977688,0.5718024274,-0.3976121555,0.5194942611,-0.8197096943,-0.2412503465,-0.4638740722,-0.03343652259,-0.8852699272
-0.6238867898,0.3871165971,-0.678900592,0.1104724612,-0.8162910492,-0.5669786225,-0.7736673115,-0.4287302919,0.4665074789
-0.6796073378,-0.4168839916,-0.6036071602,0.1146679501,0.7523431269,-0.6487149456,0.7245585743,-0.5100858329,-0.4634946769
-0.9639776318,-0.02084948798,0.2651649001,0.0982298743,0.8985414908,0.4277546974,-0.2471801311,0.438393075,-0.8641258558
0.8990155337,-0.1281886182,-0.4187346993,0.1127080256,-0.856253632,0.5041097287,-0.4231642367,-0.500397238,-0.7553374299
0.1248914756,0.8959349921,-0.4262658903,0.9900289931,-0.08432234795,0.1128376462,0.06515145494,-0.4361080503,-0.8975327606
0.1808480143,-0.9826761917,0.04051540441,0.6262604708,0.08329538314,-0.7751514058,0.7583480853,0.1655577888,0.6304750591
-0.06364263601,0.6940994698,-0.7170603467,-0.9938336202,-0.1094531874,-0.01774077737,-0.09079840464,0.7115096104,0.6967852782
-0.6885306076,0.7105290998,0.1451688695,-0.06487582362,-0.2597212134,0.9635019558,0.7222996123,0.6539826371,0.2249221655
0.004343180378,0.9635177368,0.2676092442,-0.9587592832,0.08006450382,-0.2727092079,-0.2841861602,-0.2553884219,0.9241293093
-0.5697156102,-0.8086757398,0.1465185018,0.6165858529,-0.3027096183,0.7267659686,-0.5433654475,0.5043911526,0.6710764156
0.721950752,-0.2849155506,-0.6305634312,0.32084191,0.9452455204,-0.05976098176,0.6130640917,-0.1591666899,0.7738335637
-0.1986550167,-0.1296310148,0.9714586889,-0.4225498622,-0.883027844,-0.2042386853,0.8843007397,-0.4510627746,0.1206423437
-0.09440109934,0.7198037671,0.6877288487,-0.8638727538,-0.4025658661,0.3027616039,0.4947851026,-0.5655291861,0.6598215228
0.0911670405,-0.1070393077,0.9900662389,0.9958278801,0.01371754741,-0.09021453353,-0.003924779356,0.9941601559,0.1078433151
-0.8474650769,-0.5088331371,0.1513003039,0.2506297146,-0.6347655326,-0.730929179,0.4679612051,-0.5815166009,0.6654703249
0.7223494028,-0.5915963156,-0.3580853803,0.3169227619,-0.1770281154,0.9317837782,-0.6146310302,-0.7865588635,0.05961418484
0.1177424132,-0.9524824089,-0.2809163308,0.9069654231,0.2183473995,-0.3601918022,0.4044137057,-0.2123715468,0.8895773607
-0.7352898375,0.2507740742,0.6296516645,0.3271705872,-0.6822826636,0.6537964314,0.5935556096,0.6867333766,0.4196296078
-0.06271694912,-0.8399246404,-0.5390669557,-0.1467465509,-0.5264989108,0.8374152774,-0.9871838907,0.1316263478,-0.09023563857
0.1814970989,0.08433663421,-0.979768409,-0.7241177754,-0.6626493316,-0.1911787399,-0.6653662528,0.7441661074,-0.05919927531
-0.698670621,0.7087723697,-0.09747354164,-0.4748505718,-0.357487126,0.8041889636,0.5351413811,0.6081485696,0.5863267174
0.180021266,-0.8849828508,-0.4294155303,0.4878369282,-0.2987560211,0.8202194653,-0.8541706359,-0.3571416998,0.3779448783
-0.1475629177,0.5172163184,0.8430376417,0.5905753824,0.729811431,-0.3443776893,-0.7933762683,0.447059901,-0.4131483291
0.04574692243,-0.08488108248,-0.9953403543,0.9485993298,0.3160414286,0.01664713112,0.313155761,-0.944940748,0.09497606067
0.2456200441,-0.837509132,0.4881078239,0.03111697457,-0.4964614607,-0.8675008656,0.9688666203,0.2282640396,-0.09588013549
-0.1803752604,-0.8331561964,-0.5227958664,-0.7562346886,-0.222398972,0.6153436382,-0.6289466283,0.5063491382,-0.5899463442
-0.303808028,-0.1618289425,0.938888745,0.9289042896,-0.2693376486,0.254153599,0.2117486788,0.9493516864,0.2321505388
-0.3276765319,-0.9438611459,-0.04188350169,0.02105615116,0.03702439302,-0.9990925046,0.9445553075,-0.3282610723,0.007742058265
0.2858817416,-0.9054127406,0.313846139,0.5291072066,-0.1239197402,-0.8394578381,0.7989475538,0.4060439226,0.4436340148
0.6707858606,-0.741140234,0.02752240581,-0.7041392676,-0.6247670278,0.337422662,-0.232882419,-0.2457179574,-0.9409508299
-0.7744488428,-0.3390477602,-0.5341119791,0.4314799851,-0.9005045244,-0.05400577817,-0.4626597156,-0.2722833412,0.8436870093
-0.8156720665,-0.5592533347,-0.1480364401,-0.4302761962,0.7575152581,-0.490951147,0.3867059282,-0.3367585803,-0.8585174335
0.8472571825,0.5289190473,-0.0489888556,-0.3456966501,0.4790273979,-0.8068621804,-0.4032977718,0.700555061,0.5887049463
0.8614006979,-0.1278591635,0.4915698037,0.05257866266,0.9850451364,0.1640779191,-0.5051973098,-0.1154907511,0.8552412318
0.5767150007,-0.02760267619,0.816478965,-0.1922505433,-0.975946534,0.1028012229,0.7940022271,-0.216255532,-0.5681496355
-0.9534880514,0.14078485,-0.2665336038,-0.249269459,-0.865443223,0.4345949431,-0.1694853172,0.4808197726,0.8602831357
-0.358879066,0.6799377431,-0.6394454484,0.8985979872,0.06640019195,-0.4337195775,-0.2524430101,-0.7302572698,-0.6348203262
0.8540571549,-0.4931184455,0.1655915907,-0.5181749495,-0.8344256175,0.1876928624,0.04561905284,-0.2461058462,-0.9681687944
0.8798328717,-0.3952777319,-0.2639121681,0.2588285538,-0.06723072364,0.9635807229,-0.3986250087,-0.9160979994,0.04315736308
0.7092454169,-0.4437258108,-0.5477940703,-0.6790716854,-0.2213737641,-0.6998966371,0.1892949675,0.8683899247,-0.4583299618
0.3465239177,0.007824677483,-0.9380085015,-0.931746821,0.1185178917,-0.3432220432,0.1084851882,0.9929210864,0.04835990253
0.7291681557,-0.03540936366,0.6834178646,0.6638575026,-0.2058703912,-0.7189649493,0.1661535945,0.9779384229,-0.1266073617
-0.461218211,0.8145178214,0.3519069202,0.3888205891,-0.1709653675,0.9053117654,0.7975564628,0.5543749289,-0.2378489582
0.3576284441,0.379786967,-0.8531493161,-0.9202248129,0.2988840833,-0.2526946743,0.1590226074,0.875459973,0.4563788404
-0.4633607177,-0.4493630315,0.7637864304,-0.7353809592,0.6759189299,-0.04846075839,-0.4944812334,-0.5841288096,-0.6436472975
0.5125395067,-0.5713179664,-0.6410140679,-0.4396039143,0.4666803101,-0.767435917,0.7375985715,0.6751335197,-0.0119615184
0.877272277,0.4032070708,0.2604177606,0.4780537564,-0.7826761061,-0.398600952,0.04310403656,0.4741752534,-0.8793747046
-0.8266299215,0.2566760166,0.5007997557,0.3163007301,-0.5241270003,0.7907241843,0.4654426076,0.8120395988,0.3520722497
-0.7055009025,-0.1727894249,0.6873225525,0.674227451,-0.4624650414,0.5757980807,0.2183708335,0.8696377982,0.4427688776
-0.6975742617,0.5308373829,0.48125027,0.5219959374,-0.08359324159,0.8488418058,0.4908262327,0.8433408818,-0.2187824635
-0.4783890884,0.8681702306,0.1320012529,-0.8751744051,-0.4589921423,-0.1529574255,-0.07220554549,-0.1886972813,0.9793771976
0.2951390587,-0.9152913231,0.2741071503,-0.3874533061,-0.3768925532,-0.8413274861,0.8733686917,0.1421048807,-0.4658683625
-0.2250749007,0.815753775,0.5328105363,-0.634652558,0.2921799123,-0.7154348534,-0.7392952182,-0.4991759984,0.4519578553
0.08853678718,0.4130359842,0.9064008567,0.6915707075,0.6294081891,-0.3543660368,-0.7168620466,0.6582147122,-0.2299178089
0.2873158811,0.4482593917,0.8464709695,-0.1503625785,-0.8516678716,0.5020487341,0.9459601892,-0.271524132,-0.177296267
-0.7684169768,-0.08702090274,0.6340052936,0.6342968598,-0.2349543995,0.7365215026,0.08486956697,0.9681031932,0.2357400347
0.965366515,-0.1071850048,0.2378631253,-0.06361950152,0.787478355,0.613050079,-0.2530218383,-0.6069507518,0.7533861787
0.9385836609,-0.2387906675,-0.2490777563,0.304176608,0.9133914585,0.2705413733,0.16290274,-0.3296893396,0.9299288342
0.8505505177,0.5030562217,0.1532914043,0.5228919776,-0.7778740433,-0.3485626952,-0.05610522804,0.3766250264,-0.9246652329
-0.08213189333,-0.7669773195,0.6363962158,-0.8420896025,-0.2881269023,-0.455925421,0.5330473275,-0.5733486545,-0.6221992181
0.5369460052,0.4350126421,-0.7228090956,-0.8345062052,0.399465411,-0.3795086019,0.1236461929,0.8069643032,0.5775121058
-0.2161479401,0.2037153414,-0.954871786,0.976198533,0.02727133867,-0.2151573803,-0.01779022732,-0.9786502612,-0.2047612611
-0.7237885953,0.6842432735,-0.08911347752,-0.1214613012,0.0007911858627,0.9925958525,0.6792475407,0.7292533967,0.08253642704
0.2380047744,0.9608041104,0.1421590261,0.8609775529,-0.2764484723,0.426958892,0.449523504,0.02077747561,-0.8930268282
0.7598318606,-0.1601411896,0.6300875677,-0.4465763448,-0.8329127517,0.3268423418,0.4724670484,-0.5297274275,-0.7043889129
-0.08416199802,0.7987626175,-0.5957306765,0.4767249438,0.5572681997,0.6798422476,0.8750143348,-0.2267827914,-0.427690869
0.8720812063,0.4888209761,0.02298745211,-0.02083267536,-0.009847293916,0.99973448,0.4889175485,-0.8723285414,0.001595808744
0.6294795466,-0.5266166136,-0.5713409164,0.5780161923,-0.1740396114,0.7972499577,-0.519281024,-0.8320968429,0.1948385541
-0.8333934331,0.2902150235,0.470351598,-0.4769205792,0.05242754998,-0.8773813955,-0.2792886442,-0.9555242499,0.09471674122
0.9963084794,0.02617312214,-0.08175806734,0.05098643513,-0.9466240151,0.3182818837,-0.06906371935,-0.321275492,-0.9444640072
-0.1588616045,0.4546152917,0.8764062569,0.9829096748,0.1564528903,0.09701063968,-0.09301377175,0.8768394549,-0.4717001257
0.5473988597,-0.4836071973,0.6829923624,-0.7905759215,-0.5665129702,0.2324925093,0.274488981,-0.6672234508,-0.6924367596
0.3369939107,-0.701590454,-0.6278582157,-0.2928312317,-0.7118946546,0.6383227009,-0.8948100211,-0.03125436866,-0.4453517605
-0.3971500671,-0.1595385412,0.9037805475,0.8679140208,-0.3853992202,0.3133571341,0.2983237782,0.9088536158,0.2915270629
0.6181463377,-0.08221604409,-0.7817516404,-0.3294176622,0.8758782519,-0.3525922457,0.7137079998,0.4754764032,0.5143375166
0.7664751855,-0.6390594726,0.06417772566,-0.4627253563,-0.4801451037,0.7452153541,-0.4454223105,-0.6008857377,-0.6637283296
-0.1832754908,-0.454966354,0.8714446117,0.9158894623,-0.4010799409,-0.01677420163,0.3571506507,0.7950726368,0.4902070123
0.5078761935,0.8265249706,0.2427308077,-0.7485044605,0.5628882867,-0.3505678955,-0.426383448,-0.003640003976,0.9045351876
-0.2830886098,0.499833806,0.8185517732,-0.9366440048,-0.3276562105,-0.1238523961,0.2062979576,-0.8017528136,0.5609220789
0.84850842,0.5128064157,0.1306255766,-0.07930487059,0.367281913,-0.9267225766,-0.5232056945,0.7759726647,0.3523098421
-0.2288496543,0.9700116138,-0.0818859255,-0.740786485,-0.1189594382,0.6611233135,0.6315561886,0.2119578287,0.7457953201
-0.6434287042,0.7222411962,-0.253706833,-0.7562960435,-0.5485037897,0.3565948503,0.1183883319,0.4213208364,0.8991512418
-0.323668872,-0.94248006,0.08348531516,-0.535212628,0.10961124,-0.8375755601,0.7802473352,-0.3157795317,-0.5399049762
-0.9304003732,0.2087052418,-0.3013258495,-0.3242093528,-0.08504265206,0.9421549994,0.1710071376,0.9742740217,0.1467879066
0.8441304294,-0.09995281582,0.5267383152,-0.5334962654,-0.2540046248,0.806761046,0.05315592989,-0.9620244722,-0.267737487
-0.9268845452,0.08379398279,-0.36587376,-0.3749360996,-0.1611217221,0.91294179,0.01754881836,0.9833709164,0.1807586232
0.6376825503,-0.1148097407,-0.7616952727,0.5427487561,-0.6347165336,0.5500533699,-0.5466120679,-0.7641685975,-0.3424348139
-0.9104894742,0.4081393499,-0.06656717216,-0.4113870819,-0.8775793986,0.2462012754,0.04206644957,0.2515485445,0.9669300614
0.7774514671,-0.4322036499,0.4569127064,-0.07107948749,0.6614442698,0.7466184999,-0.6249135322,-0.6129367691,0.4835200041
-0.3788129883,0.9069874102,-0.1840504216,0.6013908148,0.3924032987,0.6959516787,0.7034414032,0.1529493021,-0.6941013638
0.3810167939,-0.02536287574,-0.9242201725,0.8212956538,-0.4498024465,0.3509290644,-0.424617065,-0.8927678778,-0.1505518665
0.221085483,-0.6710794753,-0.7076535502,0.5931058812,-0.4834829005,0.6437932111,-0.7741748012,-0.5620468155,0.291130133
0.8607570749,-0.2950023125,-0.4148142881,0.4257641702,-0.02935905582,0.9043577374,-0.2789661797,-0.9550453819,0.1003303998
-0.9209859806,-0.06931918841,-0.3833792816,0.2856175817,0.5491220584,-0.7854219006,0.264966829,-0.8328624227,-0.4859349385
-0.2670831311,-0.2807191294,-0.9218803455,-0.9302306315,-0.1747288746,0.3227085258,-0.2516695717,0.9437513395,-0.214466398
-0.3483331677,0.1281285821,-0.9285725985,0.1720941427,0.9825174266,0.07101487483,0.9214377951,-0.135065069,-0.364293586
-0.1514541406,-0.7065684441,-0.6912471896,-0.8615355269,0.4371884931,-0.2581138458,0.4845804156,0.556441601,-0.6749478243
0.6759058207,0.5721664217,-0.4645179301,-0.6004219305,0.0620097399,-0.7972755468,-0.4273696607,0.8177899351,0.3854540116
0.538064328,0.7987196141,-0.2693209183,-0.8273094346,0.5616031152,0.01269017119,0.1613873554,0.2159836082,0.9629668751
-0.2105918853,-0.5982786725,0.7731194526,0.04361106251,-0.7958174131,-0.6039641714,0.9766008054,-0.09347339271,0.1936842579
-0.5386434156,0.1323105554,-0.8320800369,-0.8376578459,0.02199816516,0.5457521543,0.09051300471,0.9909641758,0.09898180799
-0.4147990551,-0.5001340132,0.7601366408,0.5789779047,0.4993853052,0.6445144706,-0.7019446771,0.707446313,0.08242199031
0.9520790061,-0.2496270534,-0.1767254944,-0.3058218937,-0.7851137968,-0.538580816,-0.004305281819,0.5668180133,-0.8238317816
0.03135201136,0.8140035681,0.5800131399,0.9882304894,0.06168276766,-0.1399847709,-0.1497249187,0.5775754732,-0.8024892656
0.7326380414,-0.6354372303,0.2438463178,0.6412631294,0.7645148826,0.06556365706,-0.2280857277,0.1083352236,0.967595153
0.2591799736,0.9509437852,-0.1689131693,-0.1118536728,0.203265822,0.9727136071,0.9593302336,-0.2332143286,0.1590489854
0.3896706734,0.919876177,0.04454868428,0.5624681176,-0.1994082569,-0.8024125894,-0.7292368497,0.3377338687,-0.5951045715
-0.7104065549,-0.07065456824,-0.7002360022,0.6731606679,-0.3585470425,-0.6467601824,-0.2053709862,-0.9308340079,0.3022760456
0.7876585388,-0.6147319709,0.04121444037,0.6062088094,0.7852076613,0.1263321336,-0.1100222958,-0.0745220269,0.9911314554
-0.8380828036,0.5071186527,-0.2011165992,-0.4209142404,-0.3665540476,0.8297405212,0.3470567917,0.7800441028,0.5206561063
0.1644851047,-0.8509533153,-0.4988217171,0.9257177382,-0.04143532483,0.3759385362,-0.3405749836,-0.5236044013,0.7809270846
-0.3419610681,-0.1187469282,0.9321812028,-0.06647315356,0.992555564,0.1020527912,-0.937360095,-0.02706694276,-0.3473088437
0.6046330033,0.5630524551,-0.5633745327,0.7789656453,-0.5656187844,0.2707174065,-0.166227118,-0.6025340849,-0.7805903034
-0.08751228903,-0.6935306556,-0.7150921822,-0.8380480739,0.4393279738,-0.3235218034,0.5385322878,0.5709694924,-0.6196586267
-0.9502392268,0.218254162,-0.2222848007,-0.311320492,-0.6397112903,0.7027439194,0.01117868854,0.7369766521,0.675825755
0.7838922548,-0.5951184192,-0.1770508401,-0.3149939193,-0.6269067401,0.7125775537,-0.5350623923,-0.5028140873,-0.6788860213
0.1906747318,0.8956452871,0.4018241733,-0.6375720858,0.4242366939,-0.6430591443,-0.7464214507,-0.1335767465,0.6519296516
-0.3611362766,0.7622306681,0.5372010781,-0.5964082918,0.2540549143,-0.7614152941,-0.7168526621,-0.5953658616,0.3628522449
0.3131630399,-0.406154505,-0.8584680708,-0.891483303,0.1858979216,-0.4131579398,0.3273933887,0.8946957476,-0.3038636014
-0.2111930929,-0.8781191705,0.4293066502,-0.9682520752,0.1278536811,-0.2148053891,0.1337362945,-0.4610424695,-0.8772425234
-0.9655402142,0.02427014674,-0.2591197691,0.2150600699,-0.4863009206,-0.8469123809,-0.14656487,-0.8734542773,0.4643235556
-0.6605988686,0.5800670555,-0.4765829895,-0.3458292375,-0.7985782502,-0.4926204591,-0.6663417091,-0.1606081861,0.7281440361
0.09268372338,-0.9597828127,-0.2650031697,-0.9748628683,-0.03331316449,-0.2203012054,0.2026132163,0.2787600861,-0.9387442138
0.9710728127,0.2267070851,-0.07497659625,-0.03827923077,-0.1621341098,-0.9860259788,-0.2356953391,0.9603730671,-0.1487658532
0.07228227257,0.7768523736,-0.6255203136,-0.9972788193,0.04717673505,-0.05665079146,-0.0144992957,0.6279130078,0.7781484595
0.4255704539,0.8745113762,0.2326362862,0.8674283326,-0.4674619368,0.1704330526,0.2577942523,0.1292640343,-0.9575139335
0.9567968913,-0.2145860702,0.1961951253,0.1862650971,0.9704976996,0.1530997346,-0.2232599881,-0.1099410461,0.9685390772
0.850177801,0.4083009515,0.3323974123,0.01798987607,-0.6534989441,0.7567136146,0.5261882468,-0.6373613285,-0.5629355787
-0.4230926426,0.6111796422,0.6689185755,0.8751371943,0.4669407819,0.1268904935,-0.2347924762,0.6390819596,-0.7324252467
-0.5731507244,0.4907678972,-0.6562355661,-0.4665061621,0.4629714103,0.7536773009,0.6736989297,0.7381086264,-0.03640615103
0.07931421883,0.4853975706,0.8706884938,-0.6704048214,0.6723851317,-0.3137763697,-0.7377442851,-0.5588268365,0.3787425731
-0.6860154876,-0.7266633064,-0.0366495541,0.5792677554,-0.5149976093,-0.6318435961,0.4402631239,-0.4546843976,0.7742289585
-0.5130223025,0.6511070465,0.5593458064,-0.5909579089,-0.7405233285,0.3199905464,0.6225567179,-0.1663875412,0.7646818418
-0.6812176651,0.1951496113,0.7055913279,0.2162554904,-0.8671632334,0.4486217668,0.6994112207,0.4581970711,0.5485247382
0.3736255146,0.06674052486,-0.9251754845,0.8304529354,0.420260882,0.3656893669,0.4132213655,-0.9049455748,0.1015953235
0.2568976011,-0.2165686032,0.9418607448,0.9193000669,0.3554141532,-0.1690212019,-0.2981459535,0.909273787,0.2903965748
-0.863299821,0.4987536763,-0.077189309,-0.389661602,-0.5614940369,0.7299919742,0.3207448441,0.6602796505,0.6790828581
-0.9547741792,-0.07665317287,0.2872813217,0.1656616305,-0.9394766618,0.2998996935,0.2469058341,0.3339279758,0.9096865483
-0.5741635639,-0.8009398056,0.1697987918,-0.7765705689,0.4670501705,-0.4228501977,0.2593730005,-0.3746459209,-0.8901494709
0.7454866102,0.07444662576,0.662349918,0.1956136916,-0.9744193927,-0.1106441625,0.6371695203,0.2120484543,-0.7409793893
-0.9294861533,-0.3516585073,-0.1113183948,0.1392563941,-0.05509286421,-0.9887226269,0.3415598739,-0.9345057895,0.1001787501
0.7966391909,-0.5542945458,0.2410882743,0.4117952497,0.7896599089,0.4548207347,-0.4424823973,-0.2630490159,0.8573298917
-0.6931925807,-0.05524276561,-0.7186322306,0.6274820166,0.4443016101,-0.6394234889,0.354612979,-0.8941724197,-0.2733227378
-0.7333844367,-0.6794726548,-0.0215448225,0.1988369515,-0.2447041324,0.9489909137,-0.6500854826,0.6916912599,0.3145664736
0.7142945956,0.05469107131,0.6977048927,0.4793219001,-0.7646426366,-0.4307808659,0.5099350417,0.6421296793,-0.5723947311
-0.9119223979,-0.3223204026,-0.2539824763,-0.1346824141,0.8197208431,-0.5567031405,0.38763151,-0.4734630898,-0.7909326868
0.8669259819,-0.3259054619,0.3771272621,-0.3986067943,0.0009478482862,0.9171214342,-0.2992523441,-0.9454018889,-0.1290864171
-0.06795035606,-0.1089273534,-0.9917245489,0.9944422322,0.07272990455,-0.07612494806,0.08042012089,-0.9913854915,0.1033799375
-0.3820582751,0.6183168191,-0.6868156854,0.8906834389,0.4445297335,-0.09526976285,0.2464030969,-0.6481339578,-0.7205608139
0.8071713108,0.3097220776,-0.5025402567,-0.3894489275,0.9191538851,-0.05903954955,0.4436259774,0.2433687946,0.8625355772
