0.119757,0.986481,0.111861,-0.624997,-0.0126331,0.780525,0.771386,-0.163386,0.615035
0.194505,0.892384,-0.407208,0.0476258,-0.423239,-0.904766,-0.979745,0.156588,-0.124823
-0.983965,0.0564017,0.169209,-0.161855,0.116242,-0.979944,-0.0749397,-0.991618,-0.105249
-0.576953,-0.743342,0.338478,0.668605,-0.667852,-0.327019,0.46914,0.0376331,0.882322
0.852239,-0.522587,-0.0243135,-0.248163,-0.444746,0.86059,-0.460547,-0.727395,-0.508717
0.042362,0.256093,-0.965724,-0.833066,-0.524548,-0.175644,-0.551549,0.811952,0.191121
-0.385855,0.229053,0.893672,0.904521,0.284546,0.317609,-0.181541,0.930896,-0.316977
-0.724882,0.113655,-0.679432,0.453701,0.820936,-0.346726,0.518364,-0.559595,-0.646647
-0.464899,-0.68752,0.557839,-0.727217,-0.0628542,-0.683523,0.504999,-0.72344,-0.470756
-0.831622,0.548361,0.0877797,-0.466872,-0.775943,0.424197,0.300725,0.31179,0.901305
-0.0894472,0.498594,0.862208,-0.93966,0.244761,-0.239022,-0.33021,-0.831562,0.446615
-0.88677,0.462205,-0.00236946,0.42549,0.814308,-0.394792,-0.180545,-0.351098,-0.918767
0.878091,-0.42491,-0.220016,-0.384479,-0.352839,-0.853042,0.284836,0.83364,-0.473194
-0.450112,-0.70636,0.54631,-0.512674,-0.2965,-0.805763,0.731139,-0.642762,-0.228674
-0.808637,-0.588305,-0.00211344,-0.435127,0.595666,0.675164,-0.395943,0.546882,-0.737665
0.0311116,0.447545,0.89372,-0.511127,-0.761274,0.399013,0.858942,-0.469218,0.205068
0.279992,-0.922275,-0.266482,0.172701,-0.224666,0.95901,-0.944341,-0.314537,0.096373
-0.819594,0.501784,-0.276547,-0.47282,-0.864964,-0.168161,-0.323584,-0.00706669,0.946173
0.689317,-0.451382,-0.566654,-0.679209,-0.674763,-0.288738,-0.252026,0.583908,-0.771709
0.78831,-0.104562,-0.606329,0.173458,0.98325,0.0559566,0.590322,-0.149284,0.793243
0.987024,0.129877,0.0944238,-0.159125,0.869945,0.466771,-0.0215206,-0.475739,0.879323
0.627222,0.607846,0.486946,0.246218,-0.747907,0.616451,0.738897,-0.266756,-0.618766
0.481472,0.555727,-0.677755,-0.403702,-0.545759,-0.734283,-0.777952,0.627148,-0.0384192
0.832427,-0.317417,-0.454216,-0.295403,0.439311,-0.848376,0.468831,0.840388,0.271929
-0.644466,-0.753829,0.128081,-0.256537,0.0553681,-0.964947,0.720314,-0.654734,-0.229068
-0.229173,0.714892,-0.660612,0.636669,-0.403279,-0.657282,-0.736296,-0.571223,-0.362729
0.624562,0.745295,0.233361,0.780698,-0.587854,-0.211987,-0.0208108,0.314583,-0.949002
-0.715516,0.630107,0.301664,-0.139306,0.29445,-0.945459,-0.684566,-0.718515,-0.122906
-0.411037,0.622455,-0.666031,-0.731449,-0.661239,-0.166567,-0.544087,0.418703,0.727089
0.0993961,-0.238679,0.965998,-0.994213,-0.0635859,0.0865884,0.040757,-0.969014,-0.243618
0.654105,-0.256861,-0.711455,-0.520504,-0.83532,-0.176966,-0.548837,0.486069,-0.680084
-0.856112,-0.498563,-0.136045,-0.516756,0.828909,0.21418,0.00598732,0.253664,-0.967274
0.615888,0.0695944,0.784754,-0.68244,-0.450575,0.575549,0.393646,-0.890022,-0.23001
-0.328143,-0.588991,-0.73852,0.830943,0.191865,-0.522227,0.449284,-0.785033,0.426459
0.823814,0.55458,-0.117348,-0.54162,0.708997,-0.451631,-0.167266,0.435618,0.884454
-0.641066,-0.686573,-0.343004,-0.0680915,0.496036,-0.865628,0.764459,-0.531569,-0.364742
0.21152,0.374441,0.902803,-0.160054,-0.897963,0.409933,0.964179,-0.231206,-0.130007
-0.619757,0.153079,0.769719,-0.778264,-0.246137,-0.577687,0.101025,-0.95707,0.271681
0.925292,-0.378944,0.0153798,-0.297207,-0.749709,-0.591273,0.23559,0.54253,-0.806324
-0.77692,-0.305601,-0.550457,-0.373227,0.927666,0.0117575,0.507047,0.21458,-0.834781
0.116548,-0.829239,-0.546606,0.179274,-0.523752,0.832793,-0.976871,-0.195053,0.0876187
-0.985864,-0.167405,0.00698107,-0.0936498,0.585105,0.805532,-0.138934,0.793491,-0.592511
0.733268,-0.333262,0.592667,-0.316961,-0.938684,-0.135675,0.601543,-0.0883659,-0.793938
0.839819,0.441959,0.31524,-0.283931,-0.137341,0.948958,0.462696,-0.886459,0.0101441
-0.887235,0.394911,0.23845,-0.420341,-0.479088,-0.770576,-0.19007,-0.783913,0.591062
0.7899,-0.0133144,0.61309,-0.0500717,-0.997826,0.0428423,0.611187,-0.0645396,-0.78885
-0.919264,0.234317,0.316306,0.172019,0.961875,-0.212618,-0.354067,-0.141041,-0.924524
0.0787134,-0.990954,0.108698,-0.715664,-0.132077,-0.685843,0.693995,-0.0238063,-0.719586
0.94755,0.174633,0.26768,-0.212915,-0.279717,0.936176,0.238362,-0.944067,-0.227864
0.994678,-0.0510521,0.0894946,0.0957859,0.778186,-0.620687,-0.0379561,0.625956,0.778934
0.238572,0.0904624,0.966902,0.709734,0.663342,-0.237181,-0.662843,0.742828,0.0940509
0.191752,-0.358694,0.913548,-0.817516,-0.57341,-0.0535476,0.543045,-0.736573,-0.403191
-0.160247,-0.290912,0.943234,-0.847715,0.530095,0.0194728,-0.505669,-0.796473,-0.331556
0.473279,-0.747916,-0.465435,-0.8374,-0.217972,-0.501248,0.27344,0.626985,-0.729466
0.10318,0.406708,-0.907713,0.609568,-0.746986,-0.265403,-0.78599,-0.525929,-0.32499
-0.152641,0.328248,-0.932177,0.98093,0.165154,-0.102469,0.120318,-0.930042,-0.347197
-0.83114,-0.304908,0.465014,0.367698,0.325974,0.870941,-0.417139,0.894859,-0.158816
-0.221239,-0.631962,-0.74275,0.189409,-0.774965,0.602954,-0.956649,-0.00728682,0.291151
0.0587034,-0.186586,0.980683,-0.353992,-0.92243,-0.154313,0.933404,-0.338095,-0.1202
0.244939,0.318386,-0.91577,-0.34966,0.909986,0.222852,0.904291,0.265623,0.334218
-0.0206067,0.793458,0.608276,-0.530882,0.506863,-0.679157,-0.847195,-0.336918,0.410788
-0.661494,-0.738264,-0.13188,0.401959,-0.200564,-0.893422,0.633131,-0.644003,0.429424
-0.629081,0.388079,-0.673537,-0.770527,-0.196841,0.606253,0.102694,0.90036,0.422854
-0.622218,0.60056,0.502167,0.586064,0.782631,-0.209805,-0.519012,0.163758,-0.838934
0.114257,0.00685416,0.993428,0.744192,0.661853,-0.0901584,-0.658121,0.749603,0.0705206
-0.992504,-0.120746,0.0188674,-0.111534,0.958043,0.264032,-0.0499565,0.259949,-0.964329
0.0300107,0.837886,-0.545019,-0.813539,0.337273,0.473711,0.580736,0.429178,0.691775
0.00226466,0.0947548,-0.995498,0.968163,0.248976,0.0259009,0.25031,-0.963863,-0.0911743
-0.172552,0.135698,-0.975608,-0.636203,0.740796,0.215561,0.751978,0.65788,-0.0414947
-0.347767,0.904134,0.248192,0.937491,0.339002,0.0786701,-0.0130094,0.260037,-0.965511
0.981957,0.18635,-0.0321659,0.107589,-0.690412,-0.715371,-0.155517,0.699003,-0.698004
-0.648509,-0.0210022,0.760918,-0.747089,0.209194,-0.630949,-0.145928,-0.977649,-0.151354
-0.81014,-0.585524,-0.0289072,-0.528737,0.751088,-0.395354,0.253201,-0.305007,-0.918074
0.861806,-0.50713,-0.0104585,-0.396241,-0.68595,0.6103,-0.316676,-0.521816,-0.792101
-0.676754,-0.592564,-0.436889,-0.385083,0.790695,-0.475934,0.627467,-0.153852,-0.763292
-0.167815,0.938655,-0.301272,-0.751923,-0.319513,-0.576648,-0.637534,0.129764,0.759415
-0.560446,0.318277,-0.764591,-0.654899,0.394807,0.644388,0.506959,0.861875,-0.0128291
-0.905939,0.421621,-0.0388672,-0.41727,-0.90461,-0.0869881,-0.0718356,-0.0625878,0.995451
0.822881,0.283594,-0.492383,0.440017,0.230235,0.867973,0.359516,-0.930896,0.0646694
-0.0303698,0.256348,-0.966107,0.239818,-0.936452,-0.256018,-0.970343,-0.239465,-0.0330371
-0.577755,0.299074,0.759443,0.113741,-0.891871,0.437755,0.808246,0.339295,0.481266
-0.478315,0.617911,0.62402,-0.878173,-0.332408,-0.343971,-0.00511398,-0.712524,0.701629
-0.792227,0.00276635,0.61022,0.129492,0.977978,0.163681,-0.596329,0.208691,-0.775139
0.547541,-0.509925,-0.663457,0.788708,0.579364,0.205616,0.279535,-0.635857,0.719407
0.360202,-0.917613,0.168049,-0.462677,-0.33215,-0.821953,0.810052,0.218316,-0.5442
-0.473786,-0.00265982,-0.880636,0.858271,-0.22535,-0.461073,-0.197225,-0.974274,0.10905
0.830412,-0.327303,-0.450876,0.00375393,-0.805948,0.591975,-0.557138,-0.493275,-0.66804
-0.324431,0.921104,-0.215199,-0.0383332,0.214516,0.975968,0.945132,0.324884,-0.0342867
-0.243772,0.968556,0.0497424,0.669575,0.205184,-0.713841,-0.701602,-0.140708,-0.698539
-0.033785,-0.998118,0.0511768,0.217477,-0.0573211,-0.974381,0.97548,-0.0217897,0.219005
0.0400314,0.996542,-0.0728067,-0.0555767,-0.0705316,-0.99596,-0.997652,0.043916,0.0525611
-0.370459,0.263464,-0.8907,0.369865,-0.837783,-0.401645,-0.852033,-0.478232,0.212919
0.0467225,-0.210755,0.976422,0.754762,-0.632855,-0.172714,0.654333,0.745035,0.129501
-0.259438,-0.909496,-0.324823,-0.838929,0.0456189,0.542325,-0.478425,0.413203,-0.774838
-0.614598,0.142823,-0.775803,0.75894,0.375265,-0.532153,0.215128,-0.915848,-0.339032
-0.961061,0.267434,-0.0695754,-0.0786577,-0.506112,-0.858874,-0.264905,-0.819957,0.50744
-0.163055,0.115594,0.979822,0.550291,0.834944,-0.0069269,-0.818897,0.538058,-0.199752
0.142233,-0.987475,0.068288,-0.756557,-0.15294,-0.635792,0.638273,0.0387667,-0.768834
0.305732,-0.202407,-0.930355,-0.910093,-0.349225,-0.223096,-0.279747,0.914917,-0.290979
0.677721,0.71839,0.156872,-0.0360576,0.245551,-0.968713,-0.734434,0.650861,0.192318
-0.725486,0.0547444,-0.686057,0.0497445,-0.990053,-0.131605,-0.686437,-0.129605,0.715546
-0.370991,-0.316185,-0.873151,-0.219063,0.943512,-0.248587,0.902429,0.0990513,-0.419299
-0.346819,0.904854,-0.246894,0.432242,-0.0794196,-0.898254,-0.832396,-0.418249,-0.363571
0.322876,-0.946348,0.0133122,0.914192,0.308203,-0.263179,0.244956,0.0971441,0.964655
0.379207,-0.0381538,0.924525,0.679861,-0.666287,-0.306351,0.627687,0.744719,-0.226721
-0.553237,0.182848,0.812708,-0.82334,-0.268352,-0.500099,0.12665,-0.945809,0.299008
-0.520287,-0.748919,-0.410392,0.050312,-0.506603,0.86071,-0.852508,0.427169,0.301259
0.303149,0.747442,-0.591127,-0.950012,0.188429,-0.248941,-0.0746829,0.637044,0.767201
0.35036,0.835968,-0.42238,0.466665,0.235195,0.852588,0.812078,-0.495823,-0.307714
0.294594,-0.316696,0.90162,0.81945,-0.401686,-0.408839,0.491645,0.859274,0.141182
-0.933473,0.0162277,0.358282,-0.0457085,0.985447,-0.163723,-0.355724,-0.169208,-0.919146
-0.519676,0.213774,-0.827186,-0.759891,0.326892,0.561879,0.390515,0.920567,-0.00743318
0.993753,-0.000491581,-0.111597,0.0910709,0.581537,0.808407,0.0645006,-0.81352,0.577949
-0.42874,0.848715,-0.309621,0.903395,0.399808,-0.155021,-0.00777984,-0.346173,-0.938138
-0.219584,-0.974513,0.0459131,-0.822214,0.159525,-0.546366,0.525116,-0.157723,-0.836287
0.736483,0.407897,-0.539642,0.0876406,-0.848561,-0.521789,-0.670755,0.336994,-0.660699
-0.598124,-0.795068,-0.10057,0.603474,-0.364266,-0.709316,0.527321,-0.484951,0.697679
-0.200178,0.530511,-0.823703,0.518157,0.770849,0.370546,0.83153,-0.352632,-0.429195
0.682687,0.625517,0.377714,-0.690448,0.721423,0.0532079,-0.239209,-0.297116,0.924392
0.235832,-0.971668,-0.0156648,-0.912428,-0.226944,0.340546,-0.334453,-0.0660187,-0.940097
-0.872964,0.119388,0.472948,-0.0684938,0.929976,-0.361182,-0.482951,-0.347693,-0.803659
0.666535,0.624704,-0.406786,-0.558117,0.0564267,-0.827842,-0.494203,0.77882,0.386268
-0.789887,-0.373731,0.486214,0.355277,0.367363,0.859548,-0.499856,0.851687,-0.157397
0.750613,-0.535052,-0.387685,0.644983,0.465947,0.605714,-0.143448,-0.704707,0.694846
-0.719696,0.430596,-0.544633,0.568784,0.815517,-0.106848,0.39815,-0.386677,-0.83184
0.534292,-0.678341,-0.504366,0.241269,-0.449472,0.860096,-0.810137,-0.58123,-0.0764869
-0.368134,-0.296487,-0.881233,0.52875,-0.846371,0.0638737,-0.764788,-0.442438,0.468346
0.0802301,0.391678,0.916598,0.994407,-0.0948205,-0.0465223,0.0686905,0.915204,-0.397094
0.0184805,0.728418,-0.684884,0.592095,-0.559942,-0.579558,-0.805656,-0.394806,-0.441641
0.0976762,-0.970605,0.219966,-0.971004,-0.141402,-0.192763,0.2182,-0.194759,-0.956273
0.409318,0.718073,-0.562876,0.668806,-0.655771,-0.350232,-0.62061,-0.233099,-0.748671
-0.692848,0.72104,-0.00792628,0.069018,0.0772532,0.99462,0.717773,0.688573,-0.103289
0.593813,-0.194492,-0.780742,0.308597,-0.841084,0.444235,-0.74307,-0.504728,-0.439427
-0.0696478,0.98865,0.13312,-0.889363,-0.00109182,-0.457201,-0.451866,-0.150235,0.879344
-0.131631,0.774161,0.61915,0.329838,-0.554793,0.763814,0.934816,0.304761,-0.18232
-0.637153,-0.63527,-0.436427,-0.768121,0.569998,0.291706,0.0634505,0.52109,-0.85114
0.107061,-0.134688,-0.985087,0.755311,0.655323,-0.0075118,0.646563,-0.743243,0.171891
0.700687,0.713283,-0.0162807,-0.145362,0.120381,-0.982028,-0.698503,0.690461,0.188034
0.456732,-0.886946,-0.0687241,0.851464,0.458221,-0.255033,0.257691,0.0579656,0.964487
-0.968995,0.18909,-0.159043,0.246495,0.784166,-0.569494,0.0170304,-0.59104,-0.806463
-0.852574,0.261458,-0.4525,0.42716,-0.150194,-0.891614,-0.301083,-0.953458,0.0163672
0.533863,0.112059,-0.838113,-0.188919,-0.950317,-0.247399,-0.824196,0.290413,-0.486169
0.930289,-0.345186,-0.124133,0.152952,0.672584,-0.724042,0.333419,0.654581,0.678494
0.634814,0.656601,-0.407291,0.734451,-0.676499,0.0541369,-0.239986,-0.333502,-0.911692
-0.00404191,-0.892472,-0.451085,0.901237,-0.198713,0.385078,-0.433308,-0.404978,0.805132
-0.211899,0.948287,0.236328,0.0588888,-0.228991,0.971646,0.975516,0.219808,-0.00732064
0.0113185,0.992193,-0.124201,-0.998004,0.00349268,-0.0630473,-0.0621212,0.124666,0.990252
-0.810593,-0.529739,0.24963,-0.106631,0.552663,0.826555,-0.57582,0.643382,-0.504471
0.174194,-0.108744,-0.978688,-0.561244,0.805684,-0.189415,0.809112,0.582278,0.079314
0.705664,0.264408,-0.657363,-0.598114,0.719682,-0.352587,0.379866,0.641986,0.666
-0.109495,-0.808904,-0.577655,-0.78878,0.424342,-0.444703,0.604845,0.40695,-0.684511
-0.220644,0.0491711,-0.974114,-0.0915974,-0.995359,-0.0294961,-0.971044,0.0827182,0.224124
0.0689866,0.793137,0.605124,-0.962688,0.212027,-0.168154,-0.261671,-0.570945,0.778171
0.059667,0.731162,0.679589,0.190648,-0.676617,0.711226,0.979844,0.0871254,-0.179766
-0.914685,-0.35651,-0.190401,-0.394433,0.890167,0.22809,0.0881728,0.283731,-0.954842
-0.817362,0.481736,0.31599,-0.126613,-0.685266,0.717202,0.56204,0.546205,0.621105
-0.0516947,0.630639,0.774353,0.797511,0.492769,-0.348074,-0.601086,0.599561,-0.528415
-0.592631,-0.750525,0.292406,-0.729414,0.654051,0.200433,-0.341678,-0.0945022,-0.935054
-0.646483,-0.565797,-0.511795,0.388262,0.333473,-0.859098,0.656744,-0.754102,0.00409285
0.535527,0.84451,-0.00366705,-0.714592,0.455447,0.530967,0.450078,-0.281727,0.847384
-0.393998,0.917579,-0.0530477,0.352108,0.0973746,-0.93088,-0.848991,-0.385444,-0.361452
0.53589,0.833714,-0.133202,-0.589469,0.256515,-0.765981,-0.60444,0.489,0.628912
-0.667111,-0.343533,-0.66102,0.258523,-0.93894,0.227063,-0.698662,-0.0194127,0.715189
-0.2232,-0.868765,-0.442073,0.399901,-0.495202,0.771268,-0.888966,-0.00463876,0.457949
0.477934,0.758857,0.442398,0.0232207,-0.514382,0.857247,0.878089,-0.399434,-0.263462
0.808564,-0.0133498,0.588256,-0.380415,-0.774564,0.505306,0.448897,-0.632354,-0.631364
0.505933,0.280213,-0.81579,0.0510984,-0.953839,-0.295941,-0.861058,0.108041,-0.496897
-0.230834,-0.648416,0.725446,-0.937589,0.347528,0.012289,-0.260081,-0.677334,-0.688169
0.744144,0.599082,0.295552,-0.218924,-0.199292,0.955173,0.631128,-0.775489,-0.0171484
0.413703,-0.722849,0.553479,-0.326271,-0.685279,-0.651107,0.849939,0.0887812,-0.519347
-0.448443,-0.811867,-0.373859,0.179604,0.327894,-0.927485,0.87558,-0.483071,-0.00122693
-0.814722,0.249574,-0.523393,-0.570728,-0.504638,0.647773,-0.102457,0.826471,0.553578
0.332051,-0.48362,-0.809848,-0.1064,-0.872286,0.477281,-0.937241,-0.0723141,-0.341101
-0.069018,-0.992527,-0.100632,0.9963,-0.0633978,-0.0580197,0.0512063,-0.104264,0.993231
0.883245,0.220102,-0.414045,0.112234,0.758094,0.642415,0.455282,-0.61388,0.64488
-0.5258,-0.273831,0.805327,0.831771,-0.363663,0.419411,0.17802,0.890374,0.418978
0.670837,-0.16907,0.722075,-0.24973,-0.968301,0.00528656,0.698292,-0.18387,-0.691794
0.767236,0.58478,-0.263401,0.293307,-0.685142,-0.666747,-0.570368,0.434295,-0.697186
0.904034,0.346313,-0.250578,-0.244728,0.899944,0.360846,0.350472,-0.264894,0.898332
0.765505,0.31011,-0.563767,0.373137,-0.927769,-0.00367628,-0.524185,-0.207548,-0.825926
-0.287343,0.951278,-0.111821,0.228125,-0.0454166,-0.972572,-0.930265,-0.304971,-0.20396
-0.739067,-0.628204,-0.243188,-0.555913,0.77267,-0.3065,0.380448,-0.0913325,-0.920281
0.973992,0.218713,-0.0592049,-0.110639,0.231045,-0.966632,-0.197736,0.948042,0.249234
0.439681,0.806589,0.395089,0.887121,-0.458742,-0.0507104,0.140341,0.372788,-0.917242
-0.0481533,-0.401654,-0.914525,0.967769,-0.245351,0.0567998,-0.247193,-0.882314,0.400523
0.286005,-0.701347,-0.652927,0.0698119,0.69483,-0.715777,0.955682,0.159134,0.247688
0.498355,0.287273,-0.817995,-0.854,5.20424e-05,-0.520273,-0.149418,0.957849,0.245357
0.963833,0.224022,-0.144364,-0.129671,0.867441,0.480346,0.232835,-0.444253,0.865117
0.796137,-0.22135,0.563179,0.586454,0.0528811,-0.808255,0.149126,0.97376,0.171912
0.126023,0.8775,0.462723,0.950013,0.0275547,-0.310992,-0.285645,0.478785,-0.830164
0.361791,-0.91966,-0.152748,-0.329974,0.0269147,-0.943606,0.871909,0.391791,-0.293726
-0.383304,0.29979,0.873616,-0.183364,-0.951731,0.246144,0.905238,-0.0658415,0.419772
-0.774658,0.559801,-0.294156,-0.531467,-0.828402,-0.176898,-0.342707,0.0192984,0.939244
0.194351,-0.979052,0.0607052,0.965151,0.179802,-0.190144,0.175246,0.0955443,0.979878
-0.0977142,-0.00236317,0.995212,0.99482,0.0279273,0.097742,-0.0280246,0.999607,-0.000377968
0.759128,0.311738,-0.57144,-0.10514,0.925061,0.364977,0.642394,-0.216983,0.735016
0.338584,0.576459,0.743678,0.293421,-0.815633,0.498645,0.894016,0.0493771,-0.445305
0.237935,-0.951622,-0.194427,0.941918,0.27492,-0.192898,0.237018,-0.137237,0.961763
-0.492422,0.541732,0.68121,0.748764,0.662684,0.0142553,-0.443704,0.517085,-0.731949
-0.526299,-0.368436,-0.766332,-0.819845,0.45892,0.342412,0.225528,0.808485,-0.54359
0.219226,0.962153,0.161871,0.028555,0.159509,-0.986783,-0.975256,0.220951,0.00749424
0.32582,-0.927549,-0.183013,-0.137156,0.145155,-0.979856,0.93543,0.344358,-0.0799243
0.705516,0.53212,-0.468076,-0.708678,0.525334,-0.470956,-0.00470881,0.663983,0.747733
-0.864524,0.24961,0.436226,0.125538,0.947688,-0.293476,-0.48666,-0.198954,-0.850635
0.933825,-0.209538,0.289939,-0.311686,-0.874346,0.371982,0.175563,-0.437736,-0.881797
-0.669227,-0.633347,-0.388596,0.490102,0.016852,-0.871502,0.558512,-0.773685,0.299127
-0.276649,-0.51517,-0.811212,0.544203,0.611764,-0.574098,0.792028,-0.600288,0.111114
-0.900829,-0.190132,0.39033,0.0596845,-0.94471,-0.322429,0.430053,-0.267157,0.86237
-0.967825,-0.251621,0.00112454,0.215878,-0.828032,0.517455,-0.129272,0.501048,0.85571
0.071578,0.127079,0.989307,-0.421313,-0.895173,0.14547,0.904086,-0.42722,-0.0105345
0.538249,0.815376,-0.21319,-0.478896,0.0877496,-0.873475,-0.693503,0.572243,0.437711
-0.455898,-0.886424,0.0800628,0.889911,-0.45547,0.0245901,0.014669,0.0824593,0.996486
0.664669,0.596814,-0.449476,-0.130244,-0.49983,-0.856275,-0.735698,0.627681,-0.25449
-0.78482,0.397233,-0.475672,-0.389334,0.281134,0.877145,0.482159,0.873596,-0.0659834
-0.00548394,-0.356327,0.934345,-0.997849,-0.0590921,-0.0283924,0.0653294,-0.932491,-0.355237
0.525693,0.68283,0.507336,-0.548782,-0.183476,0.815582,0.649988,-0.707163,0.278273
0.910999,-0.148453,-0.384764,-0.119482,-0.987959,0.0982892,-0.394722,-0.043569,-0.917767
-0.677516,0.187061,-0.711322,0.18375,0.979499,0.0825683,0.712185,-0.0747643,-0.697999
0.74014,0.321476,-0.590632,-0.451808,0.888274,-0.0826963,0.498058,0.328059,0.802693
0.426259,0.686013,-0.589652,-0.686009,0.670038,0.283621,0.589657,0.283611,0.756221
-0.638378,0.502956,0.582674,0.769379,0.439575,0.463497,-0.0230106,0.744183,-0.667579
0.987333,-0.0947885,-0.127238,0.00755437,-0.772939,0.634435,-0.158485,-0.62736,-0.762432
-0.0861874,0.070548,0.993778,0.445669,0.894852,-0.0248737,-0.891039,0.440752,-0.108566
-0.211656,-0.919027,0.332554,-0.835727,-0.00622686,-0.54911,0.506718,-0.394146,-0.766737
0.354497,-0.775698,-0.522134,-0.907296,-0.150296,-0.392716,0.226154,0.612946,-0.757067
0.143139,-0.979307,-0.143071,0.92748,0.0822823,0.364707,-0.345388,-0.184899,0.920065
0.0166121,0.742395,-0.669757,0.0154196,0.669579,0.742581,0.999743,-0.0226632,-0.000324339
-0.433343,0.88279,0.18137,0.86355,0.464313,-0.19671,-0.257866,0.0713787,-0.96354
0.256177,0.271681,-0.927665,0.651516,0.660418,0.373331,0.714073,-0.700027,-0.00782023
-0.223852,-0.871282,0.436758,-0.90164,0.355279,0.246623,-0.370049,-0.338592,-0.865113
0.553921,0.831105,0.0493533,-0.777901,0.495513,0.38644,0.296717,-0.252449,0.920993
0.795531,-0.333687,-0.505751,-0.263818,0.560661,-0.784894,0.545464,0.757834,0.357991
0.177021,-0.591721,0.786467,0.386074,0.776789,0.49754,-0.905323,0.215559,0.365956
-0.733698,0.524745,0.43166,-0.22175,-0.785419,0.577878,0.642273,0.328267,0.692622
-0.272673,0.960279,-0.059282,0.507913,0.0913444,-0.856552,-0.817113,-0.263669,-0.512645
0.329712,0.803688,0.495355,-0.930027,0.3667,0.0240806,-0.162293,-0.468633,0.868357
0.50652,0.572917,-0.644363,-0.552139,-0.358475,-0.752753,-0.662253,0.737063,0.134755
-0.217094,-0.966205,0.138987,0.419698,0.0361613,0.906943,-0.881319,0.255225,0.397664
-0.782488,-0.425526,-0.454577,0.0784948,0.656815,-0.749955,0.617698,-0.622513,-0.480548
0.65945,0.712713,0.239095,0.365443,-0.58187,0.726553,0.656945,-0.39175,-0.64417
0.535253,0.797935,0.277135,-0.719017,0.602583,-0.346277,-0.443304,-0.0139189,0.896263
-0.423341,0.735166,-0.529445,0.201324,0.646123,0.736203,0.883318,0.205075,-0.421537
-0.964482,0.224846,-0.138631,0.245098,0.566081,-0.78707,-0.0984931,-0.793093,-0.601085
-0.65047,-0.713292,-0.260966,-0.621433,0.697351,-0.357103,0.436704,-0.0701117,-0.896869
-0.244477,0.365115,-0.898288,0.44816,0.864063,0.229233,0.859874,-0.346534,-0.374874
-0.707826,-0.450895,0.54376,0.156105,0.650898,0.742942,-0.688922,0.610758,-0.390336
0.520534,-0.514761,0.681224,0.752463,-0.100511,-0.65092,0.403539,0.851422,0.335019
0.575939,0.265096,0.773316,-0.613618,-0.484852,0.623211,0.540154,-0.833452,-0.116578
-0.863206,-0.364562,-0.349242,-0.0275293,-0.656752,0.753604,-0.504101,0.66013,0.556876
0.142021,0.221047,0.964867,-0.922765,-0.323203,0.209868,0.358239,-0.920151,0.158073
0.861279,0.34487,-0.373179,-0.481935,0.321647,-0.815035,-0.161049,0.881821,0.443233
-0.253655,0.710602,-0.656281,0.110949,0.695366,0.71004,0.960911,0.107291,-0.255223
0.678331,-0.272979,-0.682165,0.730331,0.148759,0.666699,-0.0805169,-0.950449,0.300273
-0.919695,-0.392373,-0.0142953,-0.391396,0.919078,-0.0458826,0.0311416,-0.0366029,-0.998845
-0.870734,-0.255316,0.42028,0.426722,0.0324577,0.9038,-0.244396,0.966313,0.0806872
-0.534735,-0.0636768,-0.842617,-0.812856,0.311256,0.492326,0.23092,0.948191,-0.218199
0.945892,-0.249754,-0.207152,-0.193815,0.0771412,-0.978,0.26024,0.965232,0.024561
-0.275942,-0.226405,-0.934129,-0.949667,-0.0857172,0.301307,-0.148288,0.970254,-0.191356
-0.485059,0.674916,-0.556063,0.789998,0.610873,0.0523181,0.374994,-0.413911,-0.829492
0.716693,0.696832,-0.0278704,0.634799,-0.635303,0.439795,0.288757,-0.33289,-0.897665
-0.408909,-0.685882,0.601962,-0.572059,-0.321283,-0.754669,0.711014,-0.652949,-0.26099
-0.397904,0.915764,-0.0552128,0.917208,0.398403,-0.00212282,0.0200529,-0.0514863,-0.998472
-0.762483,-0.0568761,0.644503,-0.58389,-0.368647,-0.723306,0.278733,-0.927828,0.247878
0.136721,-0.837462,0.529116,0.972864,0.214162,0.0875827,-0.186664,0.502784,0.844017
-0.107888,-0.807438,0.580004,0.649057,0.384709,0.656296,-0.753051,0.447262,0.482568
-0.520755,-0.0766874,0.850255,-0.726169,0.563466,-0.393935,-0.44888,-0.822572,-0.349116
0.490388,-0.128797,-0.861935,0.862079,0.216749,0.458082,0.127824,-0.967694,0.217324
-0.480126,0.877012,0.0181167,0.60586,0.316605,0.729859,0.63436,0.361401,-0.683357
0.489323,-0.581316,-0.650104,-0.0237134,0.7363,-0.67624,0.87178,0.346316,0.346503
0.453327,-0.88422,0.112474,-0.206028,0.018822,0.978365,-0.867207,-0.466692,-0.173641
0.316537,-0.94774,-0.0399138,0.118917,-0.00209844,0.992902,-0.941097,-0.319037,0.112038
0.867919,0.286829,-0.40552,0.242144,-0.957163,-0.158759,-0.433685,0.039596,-0.900194
0.51166,-0.373954,-0.773539,-0.540345,-0.840034,0.0486869,-0.668006,0.393067,-0.631875
0.511781,-0.854009,0.0935363,-0.554443,-0.411488,-0.723375,0.656258,0.318349,-0.684091
-0.952434,0.105763,0.285803,0.137577,0.986061,0.0935752,-0.271922,0.128444,-0.953709
0.241241,0.959787,0.143568,0.819102,-0.122036,-0.560517,-0.520456,0.252817,-0.815603
-0.0218188,-0.795145,0.606026,0.442164,0.535989,0.719171,-0.896669,0.283654,0.33989
-0.206435,-0.0678418,0.976106,-0.880497,0.447969,-0.155079,-0.426744,-0.891472,-0.152211
0.63335,0.383028,-0.672427,-0.0676964,0.893011,0.444915,0.770899,-0.236266,0.591518
-0.710137,0.703674,0.0234409,-0.106599,-0.0745491,-0.991503,-0.695947,-0.706602,0.127951
-0.34932,-0.324816,0.878902,-0.169092,0.944446,0.281834,-0.92162,-0.0501649,-0.384838
-0.460739,0.227649,0.857844,-0.627012,-0.76756,-0.133071,0.628152,-0.599189,0.496383
-0.572804,-0.408068,0.710898,-0.819366,0.260563,-0.510634,0.0231397,-0.874979,-0.483608
0.695004,0.655578,0.295275,-0.197099,-0.221227,0.955097,0.691463,-0.721995,-0.0245404
0.179905,-0.469725,-0.864287,-0.531936,0.692623,-0.487153,0.827453,0.547386,-0.125257
0.962566,-0.202512,0.180154,-0.106453,0.328794,0.938383,-0.249267,-0.922433,0.294928
-0.0723629,-0.190202,-0.979075,0.428638,0.880439,-0.202721,0.900574,-0.434338,0.0178166
0.226685,0.970301,0.0844353,-0.0855882,-0.0665115,0.994108,0.9702,-0.232576,0.0679692
0.624626,-0.769363,0.133876,-0.528846,-0.542878,-0.652384,0.574598,0.336696,-0.745971
0.624414,-0.559117,-0.545431,-0.589063,0.12149,-0.798902,0.512944,0.820139,-0.253495
0.0218447,0.707693,0.706182,0.478396,-0.627633,0.614178,0.877872,0.324418,-0.352268
-0.0862074,-0.308355,0.947357,-0.830477,0.547515,0.102639,-0.550341,-0.777911,-0.303282
-0.722742,-0.10474,0.683135,-0.689669,0.0453427,-0.722704,0.0447206,-0.993465,-0.105007
-0.0270382,-0.551614,-0.833661,-0.905821,0.366247,-0.212958,0.422797,0.74939,-0.509566
-0.405818,-0.177002,0.89665,0.849289,-0.435496,0.298415,0.337667,0.882617,0.327058
0.239232,-0.120311,-0.96348,-0.96988,0.0172244,-0.242972,0.0458274,0.992587,-0.112566
-0.776166,-0.352952,0.522486,0.273817,-0.93511,-0.224929,0.567971,-0.0315166,0.822445
0.867695,-0.0413808,-0.495372,-0.433855,0.423386,-0.795308,0.242644,0.905004,0.349416
-0.789582,-0.112333,0.603275,0.033126,-0.989471,-0.140889,0.61275,-0.0912595,0.78499
0.169695,-0.521345,-0.836303,-0.833732,-0.528409,0.160233,-0.525447,0.670062,-0.52433
-0.333217,0.757511,-0.561376,0.737731,0.580241,0.34507,0.587127,-0.299162,-0.752186
-0.224305,0.7751,0.590683,0.973,0.144294,0.180142,0.0543963,0.615141,-0.786538
-0.326453,-0.538292,0.776962,-0.936384,0.0720875,-0.343493,0.12889,-0.83967,-0.527581
0.243059,-0.466814,-0.850298,0.400645,0.846634,-0.350277,0.883406,-0.25553,0.392809
-0.721344,-0.633879,-0.279034,0.399499,-0.0517203,-0.915273,0.565741,-0.771701,0.290542
-0.153358,0.845301,-0.511809,0.866239,0.364231,0.342003,0.475512,-0.3909,-0.78809
0.643966,-0.22505,-0.731205,-0.139066,-0.974266,0.177385,-0.752309,-0.0125448,-0.658691
-0.055615,0.0226182,0.998196,0.762133,-0.644899,0.0570754,0.645027,0.763933,0.018628
0.0696154,-0.150027,0.986228,0.157161,0.97793,0.137671,-0.985116,0.145412,0.0916573
-0.596129,0.669049,0.443851,0.611261,0.736623,-0.28939,-0.520567,0.098795,-0.848086
0.468353,-0.302374,-0.83019,0.883049,0.128832,0.45125,-0.029491,-0.944443,0.32735
-0.524713,-0.401227,-0.750795,0.772415,0.146342,-0.618028,0.357843,-0.904213,0.233126
-0.251067,-0.391211,-0.885392,0.36666,-0.884965,0.28705,-0.895838,-0.252569,0.365627
-0.92193,-0.143833,0.359661,-0.332179,0.771184,-0.543077,-0.199253,-0.620151,-0.758757
0.141733,0.100933,0.984746,0.809168,-0.584853,-0.0565176,0.570227,0.804835,-0.164565
-0.954636,0.210724,-0.210393,0.208457,0.977469,0.0331545,0.21264,-0.0122075,-0.977054
0.0433044,-0.131979,-0.990306,0.457937,0.883596,-0.0977332,0.887929,-0.449266,0.0987019
-0.488931,-0.622511,-0.611087,0.455495,0.415252,-0.787457,0.743956,-0.663359,0.0805212
0.500118,0.306036,0.810077,-0.722022,-0.369096,0.585195,0.478087,-0.877559,0.0363726
-0.635285,-0.576404,-0.513976,0.540441,0.1436,-0.829037,0.551667,-0.804449,0.220285
0.563126,0.271292,0.78057,0.509112,-0.857921,-0.0691123,0.650918,0.436317,-0.621235
0.716393,-0.582125,0.384594,-0.18499,0.373021,0.909194,-0.672726,-0.722486,0.159542
-0.723363,0.678937,-0.125661,0.449974,0.601578,0.660021,0.523707,0.420891,-0.740663
-0.800241,0.118364,0.587881,0.571208,0.448925,0.68716,-0.182579,0.885696,-0.426858
-0.802184,-0.530891,-0.273232,-0.440704,0.217711,0.870851,-0.402841,0.818998,-0.40861
0.660109,0.688247,0.300952,-0.330998,0.626159,-0.70595,-0.674311,0.36639,0.641142
0.921829,0.357331,0.15015,0.0139996,-0.41783,0.908417,0.387343,-0.835304,-0.390171
-0.297994,-0.246998,-0.922058,0.127805,-0.96757,0.217885,-0.945973,-0.0529149,0.319898
0.901139,-0.257749,0.348589,-0.296924,0.21894,0.929463,-0.315888,-0.94108,0.120764
-0.901508,-0.029936,-0.431726,-0.172334,-0.89026,0.421591,-0.396969,0.454469,0.797417
0.604443,-0.564793,-0.561834,0.707793,0.704401,0.0533596,0.36562,-0.429915,0.825527
-0.0145304,-0.593079,0.805013,0.750463,-0.538496,-0.383181,0.660752,0.598565,0.452908
0.745473,0.665061,0.0443114,0.104162,-0.0505769,-0.993273,-0.658347,0.745074,-0.106978
0.165868,0.63463,0.754806,0.718234,0.446741,-0.533444,-0.675743,0.630609,-0.381713
0.946568,0.2644,0.184667,0.284493,-0.954255,-0.0919836,0.151899,0.139605,-0.978487
0.624772,-0.0689272,-0.777759,-0.307702,-0.937222,-0.164117,-0.717621,0.341853,-0.606759
-0.878544,-0.420975,0.225702,0.468481,-0.851595,0.235183,0.0932001,0.312356,0.945382
0.293893,0.838449,0.458945,-0.172219,-0.425842,0.888256,0.940196,-0.340091,0.019245
-0.914336,-0.0751115,-0.397929,0.330852,0.428063,-0.841011,0.233508,-0.900622,-0.366543
0.938214,0.252333,-0.236817,-0.332237,0.848253,-0.412415,0.0968153,0.465613,0.879677
0.229992,-0.173317,0.957635,-0.914789,0.297253,0.2735,-0.332063,-0.938936,-0.0901824
0.174494,0.978279,0.111905,-0.0703762,-0.100967,0.992398,0.98214,-0.181043,0.0512294
-0.847565,-0.276544,0.452943,-0.156865,-0.684807,-0.711641,0.506978,-0.674213,0.537039
0.831989,0.47638,-0.284352,-0.220747,0.754472,0.618096,0.508984,-0.451479,0.732872
0.0294693,-0.880033,-0.473997,0.998249,0.050241,-0.0312154,0.0512847,-0.472248,0.879973
0.542283,-0.191125,-0.818169,0.622394,-0.562765,0.543986,-0.564406,-0.804218,-0.186223
0.453379,-0.0227956,-0.891026,0.147309,-0.984009,0.100129,-0.879061,-0.176653,-0.442771
-0.870784,-0.491544,-0.0109614,-0.394682,0.685549,0.611759,-0.293192,0.537036,-0.790968
0.230053,0.726882,-0.647084,0.37936,0.545337,0.747458,0.896193,-0.417433,-0.150294
0.215168,-0.643649,0.734451,0.871973,-0.212017,-0.441262,0.439734,0.735367,0.515625
-0.00262547,-0.559722,-0.828676,0.765505,0.532069,-0.361807,0.643424,-0.635306,0.427073
-0.802079,0.494535,-0.33482,-0.264069,0.209176,0.941548,0.535665,0.843611,-0.0371845
0.658214,-0.643441,-0.390816,0.48045,-0.0406358,0.87608,-0.579587,-0.764416,0.282394
-0.0155278,0.721547,0.692191,0.478599,0.613182,-0.628451,-0.877896,0.321524,-0.354853
0.460391,0.733404,0.500158,-0.794835,0.0896608,0.600165,0.395319,-0.673854,0.624215
-0.599478,0.309096,-0.738299,-0.501487,0.573866,0.647448,0.623808,0.758379,-0.189012
0.54938,-0.67814,-0.488168,0.828388,0.518486,0.212004,0.10934,-0.520863,0.846609
-0.332027,-0.102767,-0.937655,0.464535,-0.882962,-0.0677209,-0.820954,-0.458059,0.340906
0.199519,0.547951,0.812368,0.414092,-0.798522,0.43691,0.888099,0.249223,-0.386223
0.575778,0.67286,-0.464477,0.476651,0.185324,0.859336,0.664292,-0.71618,-0.214014
-0.00701729,0.875024,-0.484029,-0.745872,-0.326984,-0.580307,-0.666052,0.356951,0.654951
-0.0301279,-0.0472671,-0.998428,0.391068,-0.919814,0.0317448,-0.919868,-0.389497,0.0461967
0.239651,0.898813,0.367018,0.683438,0.112314,-0.721317,-0.689551,0.423698,-0.587367
-0.436564,-0.556176,-0.707163,-0.770833,-0.174088,0.612789,-0.463927,0.812626,-0.352718
0.316207,-0.665439,0.676169,-0.923703,-0.0534509,0.379363,-0.216301,-0.744536,-0.63157
-0.501367,0.759646,0.414208,-0.72007,-0.100909,-0.686525,-0.479718,-0.64246,0.597591
0.402283,-0.830754,0.384727,-0.425446,0.202463,0.882045,-0.810656,-0.518513,-0.271994
0.994738,-0.100842,-0.0181066,0.0838954,0.700281,0.70892,-0.0588092,-0.706709,0.705056
-0.295746,0.941511,0.161527,-0.4895,-0.294569,0.820743,0.82032,0.163663,0.547987
0.993534,0.0978373,0.0575977,0.0677458,-0.103786,-0.99229,-0.0911051,0.989776,-0.109743
-0.547897,-0.339908,-0.764376,0.705837,-0.678268,-0.204319,-0.449002,-0.651471,0.611541
-0.621097,-0.327908,-0.711839,0.278853,0.756372,-0.591728,0.732448,-0.566019,-0.378342
0.246574,0.914012,0.322154,-0.0551494,-0.318645,0.946268,0.967554,-0.251092,-0.0281624
0.592412,-0.715615,0.370058,-0.783649,-0.405277,0.470792,-0.186929,-0.568898,-0.800882
0.102998,-0.994244,0.0294992,-0.95811,-0.107135,-0.265609,0.267241,-0.000906392,-0.963629
0.0501767,0.733386,-0.677959,0.840597,-0.397579,-0.367869,-0.539332,-0.551432,-0.636431
-0.00670469,-0.994515,0.104381,0.999922,-0.00776625,-0.00976697,0.010524,0.104307,0.994489
-0.446774,0.260055,-0.856017,-0.723998,-0.667188,0.17518,-0.525567,0.69802,0.486361
-0.910934,-0.367206,-0.188041,-0.15584,-0.115751,0.980977,-0.381986,0.922909,0.0482161
0.152417,-0.970322,0.187737,0.557349,-0.07248,-0.827109,0.816169,0.230701,0.52976
-0.687863,-0.285422,0.667367,-0.697297,0.515156,-0.498388,-0.201547,-0.808176,-0.553381
-0.882619,0.248431,0.39908,0.305574,-0.341914,0.888662,0.357222,0.906298,0.225866
-0.365059,0.0915615,0.926471,-0.692441,0.638488,-0.335944,-0.6223,-0.764166,-0.169684
0.110748,0.444035,-0.889139,0.969925,-0.243404,-0.000745186,-0.216751,-0.862315,-0.457637
-0.827938,-0.549334,-0.112919,0.0980703,0.0564272,-0.993578,0.552178,-0.833696,0.0071551
-0.814853,-0.571353,0.0978337,0.447904,-0.727732,-0.51941,0.367963,-0.379423,0.848906
-0.737197,0.485499,0.469928,-0.509671,-0.856162,0.0849876,0.443595,-0.176856,0.878604
-0.435522,-0.284862,0.853917,-0.770412,-0.372699,-0.517263,0.465602,-0.883147,-0.0571423
0.656759,0.139016,0.741176,0.475097,-0.839548,-0.263519,0.585619,0.525199,-0.617427
0.805151,0.522709,0.280192,-0.123526,-0.314278,0.94126,0.580063,-0.792467,-0.188473
0.0512405,0.0957999,0.994081,-0.591404,-0.799178,0.107501,0.804746,-0.593411,0.0157061
-0.00101265,-0.378415,0.925635,-0.923799,0.354759,0.144021,-0.382877,-0.854955,-0.349939
-0.982751,-0.0598208,-0.174994,0.154675,0.252825,-0.955068,0.101376,-0.965661,-0.239211
0.481591,0.647451,0.590659,-0.638417,0.720899,-0.269682,-0.600411,-0.24721,0.760522
-0.707553,0.173548,0.685018,0.403046,0.895352,0.189468,-0.580451,0.410152,-0.703457
0.212884,0.74338,0.634088,0.16244,-0.666859,0.727263,0.96348,-0.0518219,-0.262718
0.342806,0.246548,0.906476,-0.0387886,-0.960408,0.275885,0.938605,-0.129736,-0.31967
0.0645787,-0.273966,0.959569,-0.317842,-0.917145,-0.240463,0.945942,-0.289462,-0.146306
0.586205,-0.445744,0.676517,-0.568695,0.368339,0.735468,-0.577018,-0.815867,-0.0375702
0.676148,-0.719604,0.158095,-0.23217,-0.411752,-0.881225,0.699229,0.559134,-0.445475
-0.199407,0.859733,-0.470209,0.618723,-0.261634,-0.740763,-0.759881,-0.438642,-0.479765
0.926665,0.127401,-0.353641,0.365976,-0.520438,0.771496,-0.0857585,-0.844342,-0.528897
-0.231632,-0.718511,-0.655811,-0.164783,-0.635424,0.754376,-0.958746,0.282804,0.0287862
0.0119569,0.16853,0.985624,-0.960096,0.277372,-0.0357803,-0.279415,-0.945866,0.165122
-0.707664,0.368402,-0.602902,-0.577989,0.188937,0.793871,0.406375,0.910265,0.0792284
0.652051,0.715658,0.250327,-0.0182343,-0.315272,0.948826,0.757956,-0.623247,-0.192524
-0.399203,-0.684149,0.610391,-0.0256873,0.673823,0.738446,-0.916503,0.27911,-0.286566
-0.338748,0.669533,0.661042,0.534521,-0.441245,0.720826,0.774298,0.597519,-0.208409
0.687319,-0.519098,-0.508065,-0.669277,-0.180804,-0.720679,0.282242,0.835373,-0.471691
0.0601469,-0.10395,0.992762,0.280093,-0.952848,-0.11674,0.958087,0.285087,-0.0281953
-0.335144,0.70374,0.626441,-0.902705,-0.0494342,-0.42741,-0.269818,-0.708736,0.651837
0.743638,0.514607,-0.426828,0.341479,0.256515,0.904208,0.5748,-0.818156,0.0150266
0.686592,0.419599,-0.593741,0.697021,-0.612142,0.373421,-0.206767,-0.670238,-0.712761
0.819177,0.247171,0.517547,-0.047222,-0.870243,0.490355,0.571593,-0.426127,-0.701211
-0.102566,-0.633091,0.767252,0.864062,-0.438845,-0.2466,0.492825,0.637661,0.592041
0.690377,0.285206,-0.664859,-0.686572,-0.0313822,-0.726384,-0.228034,0.957952,0.174149
0.353091,-0.0181225,0.935414,0.875861,-0.345105,-0.337298,0.328928,0.938389,-0.10598
-0.334525,-0.485859,0.807486,-0.873071,-0.162758,-0.459626,0.354739,-0.85875,-0.369743
0.361548,0.146733,-0.920735,0.15582,0.96414,0.214837,0.919241,-0.221143,0.325719
-0.146536,-0.370419,-0.917233,0.98631,0.0161744,-0.164104,0.0756228,-0.928724,0.362978
-0.157117,0.929565,-0.333502,-0.623957,0.168322,0.763116,0.765501,0.327989,0.553562
-0.825747,-0.130243,0.548798,-0.555346,0.0175528,-0.831434,0.0986558,-0.991327,-0.0868243
-0.34159,-0.897879,0.277724,-0.851316,0.420799,0.313352,-0.398218,-0.129393,-0.908119
0.188011,-0.874296,0.447503,0.958838,0.0646707,-0.276492,0.212795,0.481066,0.850467
-0.713349,-0.656224,0.245976,0.699603,-0.687404,0.195018,0.0411094,0.311201,0.949454
0.544877,-0.835538,0.0706111,-0.227586,-0.228411,-0.94659,0.80704,0.499705,-0.314613
0.0865899,-0.202365,0.975475,-0.996117,-0.0332039,0.0815341,0.0158899,-0.978747,-0.204454
0.530292,-0.136305,0.836787,0.790237,-0.278057,-0.546085,0.307109,0.950844,-0.0397385
0.233766,-0.948648,-0.213122,-0.953397,-0.266653,0.141176,-0.190756,0.170188,-0.966772
-0.226313,-0.743497,-0.629281,0.154699,0.610408,-0.776834,0.961692,-0.273156,-0.0231252
-0.592703,0.554454,-0.584195,0.298269,0.824859,0.480253,0.748157,0.1104,-0.654273
-0.870096,0.331294,-0.364935,-0.187559,0.462153,0.866739,0.455801,0.822593,-0.33998
0.659372,-0.744434,-0.105101,-0.513615,-0.343949,-0.786065,0.549025,0.57229,-0.609143
-0.26679,0.341036,0.901398,0.792294,0.610128,0.00366139,-0.54872,0.715149,-0.432976
-0.217363,-0.809024,0.546108,-0.655005,0.535705,0.532906,-0.723686,-0.241869,-0.646357
0.0463611,0.348601,-0.936124,0.587374,0.748492,0.307818,0.807987,-0.564125,-0.170058
-0.904826,-0.214016,0.368085,0.301433,0.288578,0.908769,-0.300712,0.933231,-0.196602
-0.115816,0.0291279,-0.992844,-0.93188,0.342778,0.11876,0.343784,0.938965,-0.0125553
0.530201,0.650429,-0.543902,0.823107,-0.548762,0.146132,-0.203424,-0.525169,-0.826327
-0.053658,-0.988654,0.140298,-0.118096,-0.133231,-0.984024,0.991551,-0.0693694,-0.109607
-0.91001,-0.173049,-0.376744,-0.281405,0.925149,0.254775,0.304455,0.337865,-0.890592
0.925762,0.372867,-0.0627292,-0.129707,0.469012,0.873615,0.355163,-0.800623,0.482557
-0.947189,-0.298285,-0.117729,-0.273724,0.943304,-0.187757,0.167059,-0.145616,-0.975134
0.910924,0.352146,0.214966,0.356506,-0.93409,0.0194756,0.207656,0.0588957,-0.976427
-0.0536266,0.806681,-0.588549,-0.970251,0.0972571,0.221709,0.236089,0.58293,0.777467
0.0363203,0.613397,0.788939,0.242954,0.760355,-0.602357,-0.969358,0.213554,-0.121411
0.225664,0.446625,0.865796,0.859823,-0.509135,0.0385329,0.458017,0.735736,-0.498912
0.0683105,0.985239,-0.156965,-0.553539,-0.0934655,-0.827562,-0.830017,0.143417,0.538983
0.367469,0.282325,0.886148,0.903888,-0.332757,-0.26881,0.21898,0.899758,-0.377469
-0.71363,-0.50718,0.48322,0.443583,0.206724,0.872066,-0.542187,0.83668,0.077452
-0.839339,0.0147132,0.543409,-0.249192,0.878005,-0.40867,-0.483129,-0.478426,-0.733277
0.296385,0.710137,-0.63864,-0.829229,0.523103,0.196831,0.473851,0.471241,0.743906
-0.367284,0.857914,-0.359286,0.680235,-0.0156832,-0.732826,-0.634336,-0.513555,-0.577823
-0.56962,0.794117,-0.211923,0.601197,0.226751,-0.766254,-0.560442,-0.563882,-0.606583
-0.53325,0.190401,-0.824252,-0.644338,-0.722757,0.249899,-0.548154,0.664356,0.508093
-0.721141,-0.0417216,0.691531,0.150951,-0.983665,0.0980671,0.676144,0.175107,0.715659
0.884908,0.341562,0.316659,-0.465152,0.613197,0.638454,0.0238969,-0.712267,0.701501
0.398173,0.686407,0.608526,0.916776,-0.275136,-0.28952,-0.0313013,0.673161,-0.738833
0.920432,-0.26289,0.289297,-0.390597,-0.589287,0.70723,-0.0154449,-0.763956,-0.645083
0.971647,-0.207299,-0.113706,-0.191322,-0.971917,0.137018,-0.138917,-0.111379,-0.984021
0.687292,-0.490556,0.535709,-0.704338,-0.630378,0.326391,0.177586,-0.601647,-0.778771
0.870295,0.48945,0.0550018,-0.109858,0.301762,-0.947033,-0.480122,0.818156,0.316392
0.30048,0.948423,-0.10102,-0.92914,0.267145,-0.255602,-0.215431,0.170665,0.96149
0.0893834,-0.716056,-0.692297,-0.689192,0.457335,-0.562013,0.719044,0.52736,-0.452622
0.148988,-0.627793,-0.763989,0.946746,0.313584,-0.073054,0.285438,-0.712419,0.64108
0.613754,0.079105,-0.785524,-0.331748,0.928705,-0.165681,0.716414,0.362284,0.596239
