0.188652,0.114513,0.975345,0.712569,0.667463,-0.216191,-0.675763,0.735785,0.0443199
-0.744411,-0.65683,-0.120108,0.135116,-0.324333,0.936244,-0.653908,0.680722,0.330185
0.156254,0.945937,-0.284234,0.943702,-0.227923,-0.239745,-0.291567,-0.230771,-0.928296
0.0302859,-0.158601,0.986878,0.688511,-0.712431,-0.135624,0.724593,0.683584,0.0876221
-0.476905,0.155969,0.865006,-0.573699,0.690353,-0.440775,-0.665907,-0.706461,-0.239753
0.174675,-0.526526,0.832021,-0.98334,-0.0501017,0.174737,-0.0503181,-0.848681,-0.526506
-0.290946,0.956688,-0.00995033,0.597353,0.189771,0.779202,0.747341,0.220762,-0.626694
-0.266342,-0.205595,0.941697,-0.865779,0.480452,-0.139976,-0.423662,-0.852582,-0.305964
-0.70812,-0.704438,-0.0482967,-0.492085,0.541396,-0.68172,0.506377,-0.458974,-0.730017
-0.829667,-0.409164,-0.379786,-0.188166,-0.435536,0.880285,-0.525591,0.801806,0.284359
0.971074,0.147123,-0.188071,-0.227425,0.329875,-0.916221,-0.0727576,0.93249,0.353792
-0.717348,-0.560203,0.414226,-0.445854,-0.0877506,-0.890794,0.535375,-0.823694,-0.186821
0.700712,-0.638943,0.31742,0.60291,0.292439,-0.742279,0.381448,0.711499,0.590141
0.37277,-0.553427,0.744823,0.918043,0.336784,-0.209222,-0.135056,0.761771,0.633613
-0.0668798,0.9419,-0.329167,-0.814777,-0.241977,-0.526863,-0.575904,0.232962,0.783622
0.780349,-0.409439,-0.472668,0.621265,0.593785,0.511321,0.0713088,-0.692661,0.71773
-0.714065,-0.47876,0.510784,0.549344,0.0690958,0.832735,-0.433973,0.875222,0.213665
-0.738011,-0.249194,0.627091,-0.452847,-0.506066,-0.734048,0.50027,-0.825711,0.260636
0.552892,0.555242,0.621302,-0.722613,0.690774,0.0257209,-0.414898,-0.463182,0.783149
0.182896,-0.185128,0.965545,-0.128375,0.969205,0.210147,-0.974715,-0.162387,0.153498
-0.363957,0.701547,-0.612672,-0.688382,-0.645707,-0.330443,-0.627428,0.301486,0.717942
-0.699379,0.641984,-0.314207,0.712286,0.662489,-0.231855,0.0593113,-0.38596,-0.920607
-0.337291,-0.483964,0.807474,-0.932309,0.29064,-0.21524,-0.130516,-0.825413,-0.549234
-0.981379,-0.095861,-0.166453,-0.191905,0.452089,0.871084,-0.00825162,0.886807,-0.462067
-0.392296,-0.112902,0.912884,0.890954,-0.293393,0.346586,0.228703,0.949302,0.215688
0.371199,0.436291,-0.819672,0.912927,-0.332742,0.23632,-0.169636,-0.836022,-0.521815
-0.542009,-0.740916,-0.396573,-0.653902,0.668244,-0.354771,0.527863,0.0670307,-0.846681
0.715739,0.0954449,-0.691815,-0.314206,-0.840682,-0.441054,-0.623693,0.533052,-0.571719
-0.7395,-0.652736,0.164544,-0.293068,0.532242,0.794248,-0.606011,0.539124,-0.584889
-0.254898,-0.948134,-0.189919,-0.605586,0.309646,-0.733066,0.753852,-0.071845,-0.653104
0.356563,0.19473,-0.913752,-0.93293,0.0218241,-0.359396,-0.0500431,0.980614,0.189451
-0.531933,0.846609,-0.0173405,-0.834467,-0.527565,-0.159187,-0.143918,-0.070207,0.987096
0.277434,-0.887639,-0.367597,-0.954255,-0.298989,0.00177351,-0.111482,0.350289,-0.929983
0.430066,0.316097,-0.845651,-0.364516,0.917752,0.157669,0.825937,0.240445,0.509916
-0.0461648,-0.759721,-0.648609,0.550897,0.522274,-0.650954,0.833295,-0.387368,0.394417
-0.669692,0.353068,0.653342,-0.104728,0.826066,-0.553757,-0.735218,-0.43927,-0.516234
0.96553,-0.0622094,-0.252747,0.260267,0.243666,0.934285,0.00346452,-0.967862,0.251458
-0.870352,-0.380094,0.313075,-0.332237,0.922525,0.196386,-0.363464,0.0669098,-0.929202
-0.482151,-0.875611,-0.0289089,0.546439,-0.326359,0.771294,-0.684788,0.356084,0.635822
0.777933,0.152669,-0.609518,0.0990421,-0.987701,-0.120986,-0.620492,0.0337511,-0.783486
-0.114214,0.985325,0.126846,-0.0828372,-0.136682,0.987145,0.989997,0.102238,0.0972326
-0.37985,-0.601128,0.703106,0.923454,-0.201806,0.326355,-0.05429,0.773252,0.63177
0.528693,-0.566106,0.632462,0.0342623,-0.730273,-0.682295,0.848122,0.382394,-0.366694
-0.291375,-0.676114,-0.676736,0.77171,-0.584184,0.251381,-0.5653,-0.448998,0.69198
0.83298,-0.553271,-0.00598482,-0.3132,-0.462568,-0.829419,0.456125,0.692764,-0.558594
-0.449256,-0.0835913,-0.889484,-0.729196,0.609543,0.311015,0.516181,0.788334,-0.334795
-0.136171,0.935417,0.326269,0.950923,0.215782,-0.221775,-0.277855,0.280058,-0.918893
-0.570303,0.815484,-0.0986897,-0.767236,-0.485898,0.418632,0.293434,0.314465,0.902778
-0.310875,0.35115,-0.883205,-0.947558,-0.186949,0.259198,-0.0740967,0.917466,0.390853
0.191024,-0.746679,-0.637166,-0.76659,-0.518901,0.378262,-0.613066,0.416187,-0.671519
-0.70389,0.694607,0.148525,-0.566917,-0.675355,0.4717,0.427953,0.247824,0.86916
0.531268,-0.65674,-0.535207,0.841441,0.335471,0.4236,-0.0986481,-0.67539,0.730833
0.989298,0.106507,-0.0997294,-0.113286,0.991437,-0.0649617,0.0919565,0.0755644,0.992892
-0.27465,-0.960969,0.0332514,0.0929887,-0.0609641,-0.993799,0.957037,-0.269855,0.106103
0.412161,-0.814088,0.409126,0.457134,0.573204,0.680048,-0.788132,-0.0932636,0.6084
0.24227,-0.693816,0.678177,-0.159392,-0.717967,-0.677582,0.957026,0.0560619,-0.28453
-0.690624,0.461594,-0.556748,-0.396656,0.401949,0.825288,0.604733,0.790802,-0.0945019
0.530905,0.799112,0.282063,0.468113,-0.554,0.688444,0.706407,-0.233461,-0.668196
-0.167204,0.38874,0.906049,-0.935016,-0.354003,-0.0206647,0.312711,-0.850625,0.422668
0.375889,0.173179,0.910339,0.563429,-0.822647,-0.0761489,0.7357,0.541535,-0.406798
-0.435999,-0.806906,0.398507,-0.865677,0.255001,-0.430788,0.245986,-0.532802,-0.8097
-0.959812,0.0756649,0.270251,0.211695,-0.436994,0.874197,0.184244,0.896276,0.403414
-0.816808,-0.564781,-0.117675,-0.387061,0.687745,-0.614158,0.427796,-0.456102,-0.78036
0.443361,-0.310881,0.840705,0.271957,-0.847059,-0.456652,0.85409,0.431097,-0.291007
0.621161,0.773394,-0.126574,0.548177,-0.313367,0.775437,0.560054,-0.551057,-0.618608
-0.600169,-0.154502,-0.78481,-0.759188,0.418968,0.498095,0.251854,0.894759,-0.368748
0.918433,-0.387424,0.079892,0.343432,0.88116,0.324979,-0.196302,-0.271034,0.942341
-0.582925,-0.0212563,0.812248,-0.16028,-0.977007,-0.140596,0.79656,-0.212144,0.566115
-0.494559,0.853196,0.165735,-0.57064,-0.174915,-0.802355,-0.655577,-0.491387,0.573374
-0.457503,-0.620078,0.637333,0.38901,-0.784086,-0.483612,0.799601,0.0266749,0.599938
-0.42252,0.859,0.289129,-0.863721,-0.284924,-0.415697,-0.274704,-0.425367,0.862323
-0.102182,0.811027,0.576016,-0.615255,0.403484,-0.677246,-0.781678,-0.423599,0.457759
0.951547,0.243012,0.188421,0.244726,-0.969484,0.0144799,0.18619,0.0323332,-0.981982
0.00173823,0.958146,0.286274,0.859302,-0.147851,0.489633,0.511466,0.245145,-0.823594
0.933667,0.349098,0.0799759,-0.161194,0.609029,-0.776595,-0.319816,0.71219,0.624903
-0.338239,-0.255446,-0.905727,0.36428,0.851881,-0.376297,0.867695,-0.457216,-0.195086
0.590649,0.183128,0.785874,0.288499,-0.95746,0.00628146,0.753593,0.223014,-0.618355
0.551842,0.133387,0.823212,0.327379,-0.942533,-0.0667385,0.767003,0.306331,-0.563797
0.574753,-0.740613,0.348069,0.102977,-0.356504,-0.928602,0.811822,0.56956,-0.128636
0.3042,0.409029,0.860324,0.384612,0.773507,-0.503747,-0.871514,0.484131,0.0779832
0.365257,0.921944,-0.128864,-0.404262,0.0323971,-0.914069,-0.838546,0.385965,0.38454
-0.2064,0.67746,-0.706008,-0.96621,-0.0272632,0.256309,0.154391,0.735054,0.660196
-0.610173,-0.263129,-0.747297,0.179357,-0.964626,0.193206,-0.7717,-0.0161437,0.635782
-0.604603,-0.48701,-0.630299,-0.205821,-0.668914,0.714277,-0.769475,0.561583,0.304191
-0.815829,0.180342,0.549455,-0.405236,-0.856117,-0.320699,0.412562,-0.484294,0.771526
-0.480003,-0.863916,-0.152471,-0.382085,0.0494272,0.922805,-0.789689,0.501205,-0.353814
-0.434996,0.806256,-0.400912,0.166969,0.509748,0.843966,0.884816,0.300182,-0.356358
0.00878044,0.670539,-0.741822,0.501415,0.638894,0.583436,0.865162,-0.377084,-0.330609
0.0611317,-0.914033,-0.401006,0.0334529,0.403408,-0.914409,0.997569,0.0424845,0.0552381
-0.494243,0.786131,0.371109,-0.012385,-0.433218,0.901204,0.869236,0.440817,0.223851
0.588969,-0.637413,0.49681,0.80702,0.431308,-0.403351,0.0428225,0.638497,0.768432
0.803073,0.30652,-0.510998,-0.422594,-0.311618,-0.851063,-0.420104,0.899411,-0.120718
-0.446467,0.891736,-0.0739921,-0.85162,-0.448844,-0.270706,-0.274609,-0.057848,0.959814
-0.998792,-0.00972547,-0.0481602,0.0491064,-0.229469,-0.972076,-0.00159737,-0.973267,0.229669
0.3972,-0.850115,-0.34574,0.251579,0.463164,-0.849816,0.882576,0.250566,0.39784
0.849054,0.300799,0.434312,0.460527,-0.0185571,-0.887451,-0.258885,0.953507,-0.154282
-0.0871335,0.815899,-0.571591,0.978833,-0.036541,-0.201373,-0.185186,-0.577039,-0.795445
-0.0304369,0.657016,0.753262,-0.605891,-0.6115,0.508885,0.794965,-0.440906,0.416692
-0.415529,0.869762,-0.266175,0.872746,0.463682,0.152686,0.256221,-0.168858,-0.951755
-0.961135,0.124915,-0.246202,-0.265231,-0.665313,0.697862,-0.0766282,0.73604,0.672587
0.527051,-0.807764,-0.264075,0.716767,0.589464,-0.372527,0.456577,0.00706028,0.889656
0.90193,0.292744,-0.317527,0.410503,-0.352635,0.840914,0.134201,-0.888791,-0.438224
-0.678345,0.315486,0.663564,0.507297,-0.452204,0.733594,0.531505,0.834254,0.146705
-0.874947,-0.0922275,0.475355,0.390017,-0.716035,0.578949,0.286975,0.691946,0.662462
-0.632036,0.333764,-0.69938,0.45204,0.891834,0.0170965,0.629437,-0.305342,-0.714546
-0.31267,-0.266188,0.911801,-0.903157,0.380618,-0.198589,-0.294186,-0.885592,-0.359417
0.0552444,-0.76355,0.643382,0.660772,0.511036,0.549748,-0.748551,0.394758,0.532764
0.109407,-0.485532,0.867346,0.811484,-0.460296,-0.360029,0.574042,0.743227,0.343642
-0.200839,0.589224,-0.78261,0.590494,0.710257,0.383213,0.781652,-0.385163,-0.490581
0.937736,-0.0966504,-0.333631,0.195129,0.941204,0.275789,0.28736,-0.323719,0.90146
0.701214,0.710928,-0.0536646,0.252306,-0.317849,-0.913955,-0.666813,0.627339,-0.402252
0.34625,0.936852,0.0491948,-0.926031,0.332911,0.177868,0.150259,-0.107143,0.982824
0.838511,-0.540261,0.070833,0.347854,0.630821,0.693587,-0.419401,-0.55694,0.716882
-0.614815,0.769636,-0.172231,-0.441995,-0.155381,0.883457,0.653179,0.619288,0.435706
-0.934056,0.300356,-0.193199,0.325109,0.491262,-0.808063,-0.147795,-0.817587,-0.556514
-0.134942,-0.552577,-0.822465,-0.933966,-0.206273,0.291821,-0.330906,0.807533,-0.488253
0.938225,0.345028,0.0262483,0.263545,-0.663373,-0.700343,-0.224225,0.663997,-0.713324
-0.248378,-0.563217,0.788096,-0.968082,0.172497,-0.181828,-0.0335358,-0.808103,-0.588085
-0.390671,-0.439419,-0.80888,0.535263,-0.823327,0.188748,-0.748913,-0.359225,0.556855
-0.307116,-0.297356,0.904024,-0.917157,-0.161032,-0.364544,0.253976,-0.941089,-0.223267
-0.200583,0.50013,-0.842399,-0.246552,-0.857969,-0.450667,-0.948145,0.117299,0.295402
0.684162,0.715734,-0.140168,0.18282,0.01775,0.982986,0.706045,-0.698147,-0.118707
0.946892,0.0540246,-0.31698,-0.213537,-0.631379,-0.745495,-0.240409,0.77359,-0.586312
0.00496905,0.856662,-0.515853,-0.995292,-0.0456957,-0.0854727,-0.0967936,0.51385,0.852402
0.411106,0.437273,-0.799865,0.532135,-0.827542,-0.178902,-0.740151,-0.352088,-0.572896
-0.473011,0.551824,-0.686842,-0.861679,-0.127141,0.491268,0.183768,0.824212,0.535634
-0.932714,0.296961,0.204595,0.288506,0.954865,-0.0706938,-0.216354,-0.00691006,-0.976291
0.683156,-0.727571,-0.0627604,-0.678601,-0.600717,-0.422657,0.269812,0.33133,-0.904114
0.14795,-0.854761,0.497488,0.275027,-0.447623,-0.850878,0.949985,0.26271,0.168856
0.703867,-0.607566,-0.368015,-0.0602001,0.465203,-0.883155,0.707776,0.643778,0.290865
0.105717,0.899491,-0.423958,0.934525,-0.235573,-0.266773,-0.339833,-0.367997,-0.865501
0.663724,-0.691798,0.284403,0.288351,0.587492,0.756113,-0.690162,-0.419842,0.589414
-0.926583,-0.312205,0.209695,-0.374696,0.718373,-0.586125,0.0323522,-0.621665,-0.782614
0.284222,0.266058,-0.921103,-0.898818,-0.260426,-0.352568,-0.333683,0.928112,0.165119
0.930808,0.0920156,-0.353737,0.00612746,-0.971586,-0.236609,-0.365458,0.21807,-0.904923
0.193218,0.568092,-0.799962,-0.236969,0.818208,0.523813,0.952109,0.088356,0.292713
-0.332653,0.294213,0.89598,-0.890522,-0.41066,-0.195778,0.310342,-0.863016,0.398611
-0.477392,0.845864,-0.237932,-0.874536,-0.431083,0.222159,0.085348,0.314137,0.945534
0.80584,-0.0897521,-0.585291,-0.362167,-0.85671,-0.367265,-0.468462,0.50793,-0.722876
-0.0977861,0.121143,0.987807,0.97048,-0.208277,0.121614,0.22047,0.970539,-0.0972
0.755971,0.141998,0.639019,-0.385812,0.88527,0.259704,-0.528827,-0.442869,0.724023
0.405555,0.130557,-0.904699,0.279356,0.924689,0.258671,0.870336,-0.357639,0.338541
0.195231,0.793716,-0.576108,-0.804101,0.465855,0.369324,0.561521,0.391145,0.729177
0.80649,-0.293343,0.513346,-0.584753,-0.267396,0.765875,-0.0873975,-0.91785,-0.387185
-0.439346,-0.0732542,0.895326,-0.106279,-0.985431,-0.132778,0.892009,-0.15349,0.42516
0.229637,0.559092,-0.79667,0.366221,-0.808023,-0.461498,-0.901748,-0.185781,-0.390303
0.505155,0.208662,-0.837424,0.850387,-0.285818,0.441757,-0.147173,-0.93529,-0.321826
0.797351,0.603516,-0.000168759,-0.553531,0.731423,0.398276,0.240489,-0.317472,0.917266
0.0174062,-0.315304,0.948831,-0.855024,0.48723,0.177595,-0.518295,-0.814365,-0.261112
0.954763,-0.255131,0.152764,-0.219011,-0.255799,0.941595,-0.201153,-0.932457,-0.300104
-0.884212,-0.446943,0.135688,-0.302099,0.325665,-0.895923,0.356238,-0.833177,-0.422978
-0.423092,-0.905621,-0.0290312,0.594185,-0.301498,0.745683,-0.68406,0.298243,0.665668
-0.0361656,0.372869,0.927179,0.324453,0.881908,-0.342007,-0.94521,0.288457,-0.152873
-0.105997,-0.469731,-0.876423,-0.891527,0.435249,-0.125454,0.440392,0.768057,-0.464912
-0.351472,0.250725,-0.902,0.745761,0.657426,-0.10785,0.565957,-0.710583,-0.418048
0.227169,0.392531,-0.891243,-0.611198,0.769954,0.183323,0.758176,0.503081,0.414824
0.581506,-0.805537,0.113846,-0.29142,-0.336905,-0.895304,0.759556,0.487448,-0.430662
-0.166954,-0.952257,-0.255602,-0.960244,0.0982135,0.261314,-0.223734,0.289068,-0.930797
0.971974,0.186471,0.14316,0.187952,-0.982173,0.00322625,0.141209,0.0237713,-0.989694
0.309668,0.46901,-0.827125,-0.814223,0.580053,0.0240739,0.491068,0.666009,0.561502
-0.700328,0.695528,-0.160569,0.708419,0.704838,-0.0366888,0.087657,-0.139444,-0.986343
-0.980987,0.016073,-0.193405,0.157864,-0.513573,-0.843399,-0.112884,-0.857895,0.501271
-0.466707,-0.874477,0.132194,0.595137,-0.199961,0.778349,-0.654214,0.441934,0.613757
-0.730717,0.310215,0.608128,-0.257445,0.69981,-0.666325,-0.632278,-0.643454,-0.4315
0.956381,-0.177299,0.232163,-0.0918763,0.571854,0.815195,-0.277296,-0.800967,0.530621
0.365707,-0.816151,0.447388,-0.249929,-0.549144,-0.797481,0.896546,0.179829,-0.404806
0.663916,-0.476339,0.57647,-0.428135,0.389917,0.81527,-0.61312,-0.788077,0.0549347
-0.875807,-0.0183084,0.482314,0.279494,0.795455,0.537712,-0.393504,0.605736,-0.691548
-0.916059,-0.0623358,0.39617,0.204766,0.77668,0.595684,-0.34483,0.626803,-0.69872
-0.23918,-0.905502,0.350512,0.236132,-0.404396,-0.883575,0.941825,-0.128567,0.310542
-0.569944,-0.659419,0.490235,-0.504235,0.751759,0.424978,-0.648777,-0.00498003,-0.760962
-0.0874751,-0.729937,0.677894,-0.177599,0.681028,0.710394,-0.980207,-0.0582516,-0.189209
0.114472,0.950631,-0.28844,0.684902,0.134793,0.716059,0.719587,-0.279522,-0.635659
0.52695,0.121343,0.841189,-0.44216,-0.806122,0.393269,0.725822,-0.579174,-0.371133
-0.370449,-0.72749,-0.577518,-0.780121,0.581156,-0.231664,0.504161,0.364714,-0.782819
-0.244223,0.967799,0.060999,0.419462,0.162146,-0.893174,-0.874303,-0.192547,-0.445555
0.993719,-0.110909,-0.0148764,-0.0733775,-0.746194,0.661673,-0.0844864,-0.656425,-0.749645
-0.934385,0.308691,-0.177858,-0.320887,-0.946108,0.0437251,-0.154775,0.0979285,0.983084
-0.0780333,0.867837,-0.490684,-0.737627,-0.381368,-0.557194,-0.670685,0.318462,0.669899
0.0123407,0.994659,0.10248,0.955645,0.0184284,-0.293945,-0.294263,0.101562,-0.950313
-0.969712,0.130716,0.206328,-0.00146196,-0.847833,0.530261,0.244246,0.513899,0.822345
-0.314857,0.590709,-0.742919,-0.557246,-0.748673,-0.359118,-0.768337,0.300918,0.564895
0.813707,-0.499038,0.298062,-0.284848,0.104649,0.952843,-0.506697,-0.860238,-0.0569962
-0.213644,0.127673,0.968533,0.915917,0.371007,0.153131,-0.339782,0.919811,-0.196201
-0.691598,0.262608,-0.672851,-0.0844747,-0.954578,-0.285736,-0.717325,-0.140775,0.682368
-0.949974,-0.1295,-0.284216,-0.254357,0.848863,0.463395,0.18125,0.512505,-0.839337
0.766517,0.5707,0.294538,-0.236012,0.676848,-0.697262,-0.597285,0.464949,0.653508
0.981252,-0.178081,0.0737066,0.021517,-0.278819,-0.960103,0.191527,0.943688,-0.26976
0.473249,-0.28828,-0.832424,0.0356365,0.950431,-0.308887,0.880208,0.116516,0.460064
0.708739,0.687017,0.160301,-0.659542,0.564619,0.496196,0.250386,-0.457399,0.853284
0.845059,0.419683,0.331271,-0.47924,0.319828,0.817337,0.237073,-0.849456,0.471402
0.358522,-0.625938,0.692577,-0.933508,-0.24435,0.262405,0.00498172,-0.740605,-0.671923
-0.779554,0.499697,-0.377623,-0.521498,-0.851755,-0.0505348,-0.346894,0.157535,0.924579
0.930607,-0.330588,0.157109,0.365213,0.81015,-0.458559,0.0243119,0.484116,0.874666
-0.918632,-0.377082,0.118004,-0.202369,0.192518,-0.9602,0.339356,-0.90595,-0.253163
-0.932466,0.25258,-0.258284,0.320265,0.908767,-0.267533,0.167147,-0.332185,-0.928286
-0.925908,-0.31246,0.212281,-0.0162892,0.594465,0.803957,-0.377398,0.740932,-0.55551
-0.283411,-0.81326,-0.508218,0.0789169,0.508371,-0.857514,0.955746,-0.283136,-0.0798982
-0.763318,0.502264,0.406296,-0.326272,-0.842539,0.428574,0.557577,0.194575,0.807
-0.312719,-0.948536,0.0498712,0.372243,-0.17069,-0.912305,0.873866,-0.266731,0.406464
0.541664,-0.529384,-0.652956,0.493425,-0.428634,0.756839,-0.680538,-0.732138,0.0290361
0.115602,-0.338974,0.933666,-0.520424,0.779955,0.347604,-0.846047,-0.526086,-0.0862461
0.609856,-0.630239,0.480494,0.751717,0.652034,-0.0988599,-0.250993,0.421486,0.871408
0.273558,0.776816,-0.567206,0.925846,-0.052816,0.374193,0.260721,-0.627509,-0.73366
-0.0419657,0.423826,-0.904771,0.568405,0.754869,0.327243,0.821678,-0.500544,-0.272583
-0.798483,-0.228326,-0.557038,0.59694,-0.420199,-0.683444,-0.078019,-0.878237,0.471818
-0.915018,-0.40086,0.0453271,-0.0197697,-0.0676665,-0.997512,0.402929,-0.913637,0.0539911
-0.321835,0.678616,0.660229,-0.796462,-0.571091,0.198753,0.511928,-0.461882,0.724289
0.412624,-0.269995,0.869968,0.756119,0.63411,-0.161829,-0.507962,0.724574,0.465798
0.968718,-0.188359,0.161575,0.139593,0.951898,0.27277,-0.205182,-0.241682,0.948414
-0.333929,0.314858,-0.888457,-0.897478,0.181926,0.401792,0.288141,0.93154,0.221827
0.198763,-0.14611,0.969095,0.961649,-0.161628,-0.221605,0.189011,0.975976,0.108381
-0.577876,0.656165,-0.485291,-0.46286,0.226245,0.857073,0.672175,0.719904,0.172971
-0.54646,0.835314,-0.0602627,0.563002,0.313136,-0.764836,-0.620008,-0.451881,-0.6414
0.262077,0.933958,0.242979,-0.523039,-0.0741281,0.849079,0.811016,-0.349612,0.469069
0.948901,-0.258418,-0.181128,-0.119019,-0.824637,0.552999,-0.29227,-0.503183,-0.813256
-0.154884,0.785769,-0.598814,0.295792,0.615207,0.730772,0.942612,-0.0639401,-0.32771
-0.941087,-0.151134,0.302512,0.198001,0.478925,0.855234,-0.274136,0.864748,-0.420786
-0.531466,0.129606,-0.837106,0.766303,0.494719,-0.409919,0.361004,-0.859335,-0.362244
-0.533628,-0.485463,0.692507,-0.500794,0.841227,0.20382,-0.681503,-0.238039,-0.692019
0.847877,0.39096,0.358125,0.0874944,0.563026,-0.821794,-0.522923,0.728115,0.44317
-0.4469,0.448475,0.774048,-0.257747,-0.893119,0.368652,0.856648,-0.0347579,0.514729
0.738039,0.0452994,0.673235,0.670504,-0.161095,-0.724205,0.0756488,0.985899,-0.149268
-0.130134,0.985934,-0.104876,-0.361889,-0.14571,-0.920763,-0.923093,-0.0818697,0.375761
-0.125882,0.206479,-0.97032,-0.374205,0.895964,0.239204,0.918762,0.39321,-0.0355203
-0.932596,0.0155381,0.360588,-0.25226,0.686464,-0.682006,-0.258128,-0.726998,-0.636274
-0.193938,0.647745,-0.736759,-0.97734,-0.0626351,0.202198,0.0848259,0.759278,0.645215
0.23338,-0.37141,-0.898659,0.0989526,0.928454,-0.358026,0.967338,-0.00536849,0.253435
-0.0232095,-0.989431,0.143132,-0.901996,-0.0410153,-0.429791,0.431119,-0.139079,-0.891512
-0.944007,0.32298,-0.0673373,0.307769,0.935609,0.172958,0.118863,0.142549,-0.982625
-0.435339,0.788273,0.434863,0.442423,0.608011,-0.659231,-0.784055,-0.0945953,-0.61344
-0.991652,0.111802,0.0642312,0.0430084,0.756429,-0.652661,-0.121555,-0.64445,-0.754923
-0.811777,-0.0804193,0.578403,0.398792,0.647208,0.649682,-0.426594,0.75806,-0.493318
-0.450528,0.223801,0.864255,-0.809048,0.306936,-0.501231,-0.377446,-0.925043,0.0427822
0.623551,0.623968,-0.471008,0.684329,-0.726938,-0.0570519,-0.377992,-0.28675,-0.880282
-0.362476,0.675312,-0.642312,0.397657,0.735363,0.548734,0.8429,-0.0565172,-0.535094
0.671874,-0.598186,0.436759,0.14859,0.686557,0.711731,-0.725607,-0.413295,0.550165
0.417261,-0.623841,-0.660845,-0.870566,-0.065715,-0.487644,0.260785,0.778784,-0.570515
-0.98354,0.180677,0.00215134,0.0291449,0.170382,-0.984947,-0.178324,-0.968672,-0.172843
0.70045,0.472468,-0.534924,0.367714,-0.881276,-0.296881,-0.611683,0.0112512,-0.791023
-0.869533,0.492385,-0.0383246,0.205725,0.431661,0.878263,0.448987,0.755795,-0.476639
0.436441,0.867522,0.238587,-0.0999873,-0.216767,0.971089,0.89416,-0.447679,-0.00786496
-0.235555,0.5397,-0.808231,0.144561,0.841839,0.52001,0.961049,0.00565261,-0.276319
0.0659052,-0.906232,0.417613,-0.149751,0.4048,0.902059,-0.986525,-0.121988,-0.109031
-0.421908,0.905286,-0.049504,-0.784635,-0.337231,0.520214,0.454248,0.258325,0.8526
-0.485313,0.56354,0.668501,-0.512957,0.435656,-0.739648,-0.708058,-0.701873,0.0776425
0.879021,0.421391,-0.223052,0.304166,-0.135363,0.942953,0.367159,-0.89672,-0.247159
-0.222267,0.749137,0.624012,-0.801347,0.224205,-0.554595,-0.555374,-0.623318,0.550485
0.0540634,0.98009,0.191051,0.969211,-0.00547659,-0.246171,-0.240224,0.198478,-0.95021
-0.605617,-0.784447,0.13368,-0.170222,-0.0363952,-0.984733,0.777337,-0.619127,-0.111489
-0.762463,0.553131,-0.335702,0.593052,0.389966,-0.704426,-0.258728,-0.736188,-0.62537
-0.0560251,0.968665,-0.24197,-0.981565,-0.00908218,0.190911,0.182731,0.248205,0.951317
0.0859312,-0.135602,0.98703,0.995787,-0.0201456,-0.0894613,0.0320155,0.990559,0.1333
-0.897339,0.0573663,-0.437597,-0.406119,0.280815,0.869604,0.17277,0.958046,-0.228689
0.0307415,-0.911258,0.410686,-0.839521,0.19945,0.505395,-0.542457,-0.360316,-0.758889
-0.0805181,0.709732,0.699855,0.628445,0.581142,-0.517041,-0.773676,0.398189,-0.49282
-0.946483,0.0512602,-0.318657,-0.108926,-0.980113,0.16587,-0.303817,0.191704,0.933244
0.948029,-0.191192,0.254334,-0.29636,-0.821515,0.487118,0.115806,-0.537177,-0.835482
-0.125953,0.968194,-0.216186,0.577237,-0.105704,-0.809706,-0.806804,-0.226776,-0.545564
-0.70312,0.524964,0.479619,-0.32201,0.366304,-0.873001,-0.633981,-0.768267,-0.0885125
0.724961,-0.497185,0.476696,0.661402,0.309269,-0.683301,0.1923,0.810654,0.553047
-0.624155,0.0683614,-0.778304,0.758413,0.292363,-0.582523,0.187726,-0.953861,-0.234326
0.423232,-0.650259,0.630903,0.109812,-0.654394,-0.748137,0.899342,0.385916,-0.205554
0.57284,0.81915,0.0291015,0.708779,-0.477199,-0.519532,-0.411688,0.318235,-0.853955
-0.0279212,-0.992014,0.122997,0.87122,0.0361774,0.489557,-0.490097,0.120827,0.863253
-0.793914,-0.607272,-0.0303484,-0.559272,0.748924,-0.355426,0.238569,-0.265204,-0.934212
-0.608111,0.776875,-0.163297,-0.0762903,-0.26194,-0.962064,-0.790177,-0.572584,0.218557
-0.867025,-0.0292617,-0.497404,-0.496644,0.131189,0.857983,0.0401479,0.990925,-0.128277
-0.202584,0.877267,0.435158,-0.407647,-0.479587,0.777058,0.890384,-0.0199713,0.454772
0.628778,0.492769,0.601513,-0.566417,0.82024,-0.0798622,-0.532738,-0.290492,0.794861
0.450626,-0.858129,-0.246071,-0.77846,-0.512651,0.3622,-0.436962,0.0283397,-0.899033
-0.172684,-0.0507689,-0.983668,0.60964,0.778887,-0.147223,0.77364,-0.625106,-0.10355
-0.967208,0.209261,-0.143939,0.101443,-0.201273,-0.974268,-0.232847,-0.956922,0.173445
0.636552,0.593716,-0.492243,-0.276958,0.771656,0.572574,0.719789,-0.228142,0.655633
0.596298,-0.324097,-0.734431,-0.44108,0.632128,-0.637073,0.670729,0.703828,0.233984
0.869848,0.492688,-0.0249738,-0.389307,0.654472,-0.648156,-0.302994,0.57352,0.761098
0.366427,-0.765108,-0.529472,-0.863438,-0.0675719,-0.499908,0.346706,0.640347,-0.685384
-0.592026,0.299166,-0.748335,-0.294631,-0.944616,-0.144545,-0.750132,0.134908,0.64738
0.715925,0.361984,-0.597008,0.317137,0.593183,0.739972,0.621993,-0.719098,0.309876
-0.228197,0.360516,0.904408,-0.970413,-0.00894988,-0.241284,-0.0788922,-0.93271,0.351892
0.3292,0.573657,0.75003,0.122451,-0.813533,0.568481,0.936287,-0.0953018,-0.33806
-0.361874,0.516428,-0.776112,-0.897768,-0.417322,0.14091,-0.251118,0.74776,0.61465
-0.199609,0.827562,-0.524688,0.936576,0.318548,0.146123,0.288064,-0.462243,-0.83866
0.0107079,0.5022,0.864685,-0.875607,-0.412901,0.250651,0.482906,-0.759808,0.435308
0.662511,0.48894,-0.567465,0.446642,-0.866028,-0.224738,-0.601324,-0.104563,-0.792134
-0.203576,-0.777103,0.595539,-0.195559,0.628295,0.752996,-0.95933,0.0368285,-0.279875
0.889857,-0.341964,-0.30202,-0.0633609,0.562935,-0.824069,0.451819,0.75244,0.479264
-0.604656,-0.588709,-0.536481,-0.202076,0.764909,-0.61162,0.770426,-0.26141,-0.581471
0.868286,-0.207147,0.450744,-0.0879389,0.829973,0.550829,-0.488208,-0.517915,0.702437
-0.499804,0.676917,0.540352,-0.866069,-0.398492,-0.301875,0.010982,-0.61886,0.785425
-0.422192,-0.871422,0.249754,0.450816,-0.440862,-0.776148,0.78646,-0.21509,0.57898
0.435968,0.633817,-0.638912,0.0706648,-0.731848,-0.677794,-0.897184,0.250348,-0.363851
-0.72105,-0.0692193,0.689417,0.143113,-0.98842,0.0504397,0.677942,0.135034,0.722606
-0.930807,0.245675,0.270632,-0.364945,-0.583515,-0.725483,-0.0203147,-0.774051,0.632798
0.0462102,-0.990127,0.132338,-0.485649,-0.138037,-0.863187,0.872932,-0.0243818,-0.487233
-0.676948,0.583495,0.448637,0.735346,0.509877,0.44642,0.031734,0.632107,-0.774231
0.529044,0.225773,-0.818009,-0.610924,-0.567703,-0.551801,-0.588968,0.791669,-0.16241
-0.672183,-0.275718,0.687131,-0.10167,-0.884907,-0.454536,0.733371,-0.375392,0.566787
-0.519745,0.389367,-0.760433,-0.810019,0.0583171,0.583497,0.271541,0.919235,0.285085
-0.93705,0.330222,0.113534,-0.0540055,-0.458268,0.887172,0.344993,0.825193,0.447254
-0.808524,-0.428563,-0.403265,0.300323,-0.889831,0.343522,-0.506058,0.156636,0.848157
-0.153187,-0.967637,0.200529,-0.386144,0.245404,0.889196,-0.90963,0.0587801,-0.41124
-0.912951,0.398394,0.0883315,0.247309,0.367994,0.896336,0.324589,0.840156,-0.434487
-0.882631,-0.0835169,0.462588,0.454737,0.0975691,0.885265,-0.119069,0.991718,-0.0481393
0.399205,-0.565154,-0.721967,0.81464,-0.142685,0.562141,-0.42071,-0.812553,0.403437
-0.166666,0.0407028,-0.985173,0.205999,-0.975662,-0.0751595,-0.964255,-0.215471,0.154225
-0.846098,0.532075,-0.0318515,-0.521136,-0.813192,0.259106,0.111962,0.235828,0.965324
0.922569,0.365884,-0.122458,0.374256,-0.771452,0.514582,0.0938066,-0.520568,-0.848651
0.436073,0.466383,0.769628,-0.845777,-0.0797461,0.527543,0.307412,-0.880981,0.359681
-0.150889,0.304109,0.940612,0.662947,-0.674695,0.324482,0.733304,0.672536,-0.0998041
-0.797643,-0.485381,0.358009,-0.380711,0.865581,0.325313,-0.467786,0.123185,-0.875215
0.781348,-0.274222,-0.560623,0.565308,0.691585,0.449597,0.264429,-0.668216,0.695388
-0.269784,-0.776526,-0.569407,0.0808216,-0.607507,0.790192,-0.959523,0.167161,0.226656
-0.305232,-0.184969,-0.934141,-0.926688,-0.168187,0.336099,-0.219278,0.968246,-0.120072
0.398268,-0.914828,-0.0668738,-0.84674,-0.338632,-0.410317,0.352724,0.220041,-0.909488
0.53515,0.844569,-0.0178167,-0.0655068,0.0204617,-0.997642,-0.842213,0.535056,0.0662751
-0.821946,0.297872,-0.485467,0.568169,0.369146,-0.73547,-0.0398675,-0.880343,-0.472659
-0.798063,-0.574847,0.180682,0.602569,-0.760077,0.243299,-0.0025275,0.303041,0.952974
-0.8757,-0.269337,0.400758,0.0315499,-0.860118,-0.509118,0.481824,-0.433191,0.761703
0.539058,-0.517446,0.66458,0.837525,0.412926,-0.357832,-0.0892638,0.749495,0.655965
-0.824466,0.561038,-0.0741081,-0.293141,-0.311379,0.903942,0.48407,0.766994,0.421184
0.0644893,0.917012,-0.393611,0.369258,-0.388363,-0.844288,-0.927087,-0.0908962,-0.363659
-0.991542,0.0597723,0.115204,-0.0947808,-0.939868,-0.328123,0.0886638,-0.336267,0.937584
0.118511,-0.778459,-0.616406,-0.0329423,0.617357,-0.785993,0.992406,0.113455,0.0475196
-0.540508,0.261675,0.799611,-0.382555,-0.922911,0.0434331,0.749335,-0.282419,0.598946
0.06959,0.974986,-0.211091,0.907658,-0.14968,-0.392113,-0.413901,-0.164311,-0.89537
0.656632,-0.752966,0.0433236,-0.130323,-0.169853,-0.976814,0.742866,0.635761,-0.20966
0.0793637,-0.831476,0.549863,-0.561907,-0.492933,-0.664287,0.823385,-0.256251,-0.506333
0.177554,-0.647075,0.741463,-0.128678,-0.762231,-0.634386,0.975662,0.0172273,-0.218602
-0.195737,-0.976049,0.094945,-0.0418242,0.105039,0.993588,-0.979764,0.190511,-0.0613824
-0.206009,-0.812246,0.545726,-0.583815,0.549581,0.597596,-0.785315,-0.195492,-0.58742
-0.148842,0.149175,0.977544,-0.842374,0.498644,-0.204355,-0.517931,-0.853874,0.0514415
0.455808,-0.230683,0.859665,0.771893,0.583359,-0.252731,-0.443192,0.778767,0.443963
0.90954,0.32931,-0.253557,0.413489,-0.77861,0.47201,-0.041985,-0.534155,-0.844343
-0.838556,0.543369,-0.0396808,0.45205,0.73458,0.506007,0.304097,0.406377,-0.861616
-0.801038,0.184745,0.569392,0.593283,0.118363,0.796245,0.0797074,0.975633,-0.204419
-0.282952,-0.0291003,-0.958692,0.238744,-0.970216,-0.0410136,-0.928945,-0.240487,0.281472
0.616481,0.408128,-0.673337,-0.784506,0.391258,-0.48111,0.0670944,0.824832,0.561382
0.739037,-0.659431,-0.13775,0.466329,0.64834,-0.601824,0.48617,0.380534,0.786659
-0.384255,-0.206885,0.899748,-0.200186,-0.932712,-0.299958,0.901262,-0.295377,0.316984
0.538912,0.576654,-0.614039,0.369685,0.493091,0.787524,0.756906,-0.651407,0.0525527
-0.142162,-0.305204,0.941616,0.690402,0.651111,0.315277,-0.70932,0.694914,0.11815
-0.400958,0.244364,-0.882904,-0.906812,0.0309919,0.420394,0.130092,0.969188,0.209166
-0.225031,-0.852845,0.471186,-0.594403,-0.263018,-0.759939,0.772041,-0.451084,-0.447746
-0.94571,0.322747,-0.0382985,0.322692,0.918367,-0.229067,-0.0387586,-0.22899,-0.972657
-0.912464,0.322813,0.251399,-0.406841,-0.650559,-0.64129,-0.0434666,-0.687433,0.724946
0.474304,0.704427,0.528033,0.559311,0.222073,-0.798658,-0.679858,0.674141,-0.288664
-0.440635,0.282815,-0.851972,-0.667702,-0.737617,0.100477,-0.600012,0.613137,0.513856
0.563084,-0.776754,0.282117,-0.721743,-0.62851,-0.289935,0.402522,-0.0403582,-0.91452
0.865688,-0.288534,0.409064,-0.104424,-0.903283,-0.416144,0.489572,0.317534,-0.812091
0.508992,0.460402,-0.727294,-0.0786022,0.866263,0.493365,0.857175,-0.193952,0.47711
-0.984896,-0.130128,-0.114223,0.154242,-0.359627,-0.92026,0.0786741,-0.923978,0.374266
-0.471045,-0.198073,-0.859583,-0.11451,0.979949,-0.163058,0.874645,0.021623,-0.484281
0.214858,0.59968,-0.770857,-0.01371,-0.787361,-0.61634,-0.976549,0.142994,-0.160949
0.686875,0.100781,-0.719754,-0.669818,0.472106,-0.573115,0.282042,0.875762,0.391782
0.713556,0.331827,-0.617032,-0.519485,0.841531,-0.148191,0.470078,0.426281,0.772859
0.607734,-0.703352,0.368721,-0.788429,-0.589972,0.174106,0.0950776,-0.396521,-0.913089
0.264601,-0.00281211,0.964354,0.856323,0.460581,-0.233616,-0.443506,0.887613,0.124278
0.548597,0.110606,0.828739,-0.731949,0.542603,0.412108,-0.404095,-0.832675,0.378628
0.868013,0.454752,-0.199386,-0.163927,0.64148,0.74942,0.468703,-0.617822,0.631359
0.68745,0.433758,0.582466,0.597976,0.11705,-0.792921,-0.412114,0.893394,-0.178912
-0.231955,0.679707,0.695841,-0.669307,0.407564,-0.621224,-0.70585,-0.609828,0.360396
-0.0998737,-0.887896,-0.449072,-0.808972,-0.190309,0.556189,-0.579301,0.418836,-0.699276
-0.0867614,0.986394,0.139637,-0.0743623,-0.146187,0.986458,0.99345,0.0752027,0.086034
0.6824,-0.699793,0.211234,0.705337,0.554504,-0.441616,0.19191,0.45035,0.871984
-0.39699,0.459055,-0.794775,-0.236869,0.785357,0.571932,0.886731,0.415309,-0.203043
0.600515,0.399303,0.692776,-0.243541,-0.733891,0.634108,0.761623,-0.549511,-0.343466
-0.177689,-0.235377,-0.955523,-0.965849,0.227778,0.1235,0.188578,0.944836,-0.267813
-0.528488,0.3218,0.785586,0.846545,0.269225,0.459215,-0.0637244,0.907724,-0.4147
0.187455,-0.981324,-0.0431764,-0.981128,-0.184933,-0.0564625,0.0474232,0.0529457,-0.997471
0.758375,-0.366343,0.53913,-0.631764,-0.61671,0.46962,0.160444,-0.696751,-0.699139
0.714358,-0.499761,0.489828,0.0317121,-0.676135,-0.736095,0.699061,0.541369,-0.467154
0.737445,0.51698,0.434634,-0.370454,0.847682,-0.379734,-0.564746,0.119021,0.816637
0.659698,-0.602967,-0.448586,-0.0300297,0.57527,-0.817412,0.750931,0.552716,0.361397
-0.519524,0.520157,0.677888,-0.593616,-0.790356,0.151517,0.614585,-0.323688,0.719382
-0.782555,0.553962,-0.284138,0.280515,-0.0937047,-0.955265,-0.555805,-0.827252,-0.0820655
-0.327907,0.00313533,-0.944705,-0.221339,0.971906,0.0800522,0.918415,0.23535,-0.318
-0.195959,-0.974942,0.105302,0.72695,-0.0723589,0.682867,-0.658136,0.210363,0.722914
-0.606034,0.41076,-0.681175,-0.793114,-0.377461,0.47801,-0.0607697,0.82994,0.554533
-0.376962,0.765846,0.520942,0.659591,0.616818,-0.429505,-0.650261,0.181702,-0.737662
-0.348554,-0.906082,-0.239843,-0.9197,0.379967,-0.0988792,0.180725,0.186119,-0.965763
0.913726,0.225104,0.338279,0.402526,-0.615118,-0.67794,0.0554748,0.755617,-0.65266
0.515624,-0.416678,-0.748673,0.0454988,-0.859238,0.509549,-0.855606,-0.2968,-0.424086
0.285464,-0.818432,0.498678,0.414775,-0.363573,-0.834132,0.863986,0.444954,0.235678
0.959755,0.228846,-0.16279,-0.19505,0.126122,-0.97265,-0.202056,0.965258,0.165682
0.389085,0.872835,-0.29457,-0.797278,0.158876,-0.582328,-0.461477,0.461429,0.757709
-0.217291,-0.967489,0.12942,-0.184247,0.170857,0.967916,-0.95856,0.186475,-0.215383
0.159953,-0.681241,-0.714371,-0.877879,-0.42909,0.212627,-0.45138,0.593121,-0.666681
-0.863528,-0.383643,-0.327318,-0.0211412,-0.620943,0.783571,-0.503857,0.683555,0.528091
0.184803,-0.85629,0.482302,0.887211,-0.0657336,-0.456657,0.422734,0.512295,0.747562
0.470047,-0.146476,-0.870403,0.306889,-0.897485,0.316764,-0.827572,-0.416011,-0.376908
-0.121854,-0.76451,0.63299,-0.130496,-0.619867,-0.77378,0.983932,-0.176891,-0.0242326
0.801437,-0.232231,0.551151,-0.294405,-0.955339,0.0255603,0.5206,-0.182746,-0.834014
0.60344,0.797275,0.0145905,0.395534,-0.315159,0.862686,0.692397,-0.514808,-0.505529
-0.80151,-0.486682,0.347452,-0.270456,-0.223182,-0.936506,0.533325,-0.844589,0.0472563
0.659448,-0.225279,-0.717201,0.296303,0.9547,-0.0274363,0.690893,-0.194416,0.696326
0.907662,0.419207,-0.0203716,-0.118039,0.208396,-0.970895,-0.402761,0.88365,0.238636
-0.892614,-0.000910169,-0.45082,0.297529,0.7501,-0.590615,0.338698,-0.661324,-0.669279
-0.958116,0.0337412,-0.284384,0.166803,-0.74145,-0.649945,-0.232787,-0.670159,0.704767
0.00749636,-0.952343,0.304937,0.993633,-0.0271869,-0.109334,0.112413,0.303815,0.946076
-0.0930397,-0.446652,0.889857,0.302721,0.838734,0.452642,-0.948527,0.311492,0.0571751
-0.923347,-0.1328,0.36027,0.383955,-0.31184,0.8691,-0.00306995,0.940808,0.338926
0.748421,0.00298911,0.663217,-0.5995,0.43075,0.674577,-0.283664,-0.902466,0.324175
0.974419,0.149135,0.168127,0.189847,-0.145861,-0.970918,-0.120274,0.978,-0.170442
0.241122,-0.900612,0.361606,0.315249,-0.27971,-0.906852,0.917866,0.332657,0.216472
0.0599643,0.997379,-0.0404825,0.796385,-0.0233507,0.604339,0.601809,-0.0684784,-0.795698
-0.875377,0.10476,0.471953,-0.403759,0.378486,-0.832903,-0.265882,-0.91966,-0.289021
-0.0303986,-0.422208,0.905989,0.995884,0.0646345,0.0635357,-0.0853835,0.904192,0.418506
0.620764,0.720874,0.308208,0.747153,-0.663059,0.0459969,0.237518,0.201725,-0.950206
0.165686,-0.983359,-0.0745217,-0.824589,-0.17959,0.53647,-0.540925,-0.0274358,-0.840623
-0.933379,-0.349017,-0.0836095,-0.339455,0.934166,-0.110022,0.116505,-0.0743103,-0.990406
0.18347,0.963717,-0.193878,-0.66319,-0.0242363,-0.748059,-0.725616,0.265825,0.63468
-0.839012,-0.505798,-0.20057,0.0431246,-0.429273,0.902145,-0.542402,0.74826,0.381977
0.832093,-0.546469,0.094833,0.500328,0.665774,-0.55355,0.239361,0.508052,0.827399
0.775541,0.187054,0.602949,0.171675,-0.981591,0.0837048,0.607507,0.0385951,-0.793376
0.719065,-0.694262,-0.0307534,0.460146,0.508815,-0.72758,0.520779,0.509027,0.685333
-0.985334,-0.0764822,-0.152536,-0.0555683,0.989019,-0.136945,0.161334,-0.12646,-0.978764
-0.882888,0.468531,0.0314229,-0.469428,-0.882341,-0.0333451,0.0121025,-0.0441908,0.99895
-0.208314,-0.932037,0.296499,0.967289,-0.241196,-0.0785969,0.14477,0.270428,0.951793
-0.528228,-0.790468,0.310056,0.512301,-0.00549012,0.858789,-0.677143,0.612478,0.407858
0.887167,0.107021,-0.448868,0.17926,-0.976266,0.121534,-0.425207,-0.188285,-0.885295
-0.927127,-0.163282,0.337304,0.25821,0.373987,0.890764,-0.271593,0.912947,-0.304573
0.309879,-0.950508,-0.0225611,-0.827973,-0.281443,0.485025,-0.46737,-0.131619,-0.874209
0.852953,-0.198722,-0.48268,-0.521011,-0.380654,-0.76397,-0.0319165,0.903112,-0.428217
0.839343,0.140937,-0.525015,-0.338937,-0.619407,-0.708136,-0.425,0.772316,-0.472126
0.142001,-0.113702,0.983315,-0.605536,0.775849,0.177159,-0.783047,-0.620589,0.0413205
0.0263041,0.978767,-0.203283,-0.822309,0.136818,0.552348,0.568433,0.152632,0.808448
0.40677,0.912215,0.0490203,0.845158,-0.396152,0.358847,0.346765,-0.104538,-0.932108
-0.707162,-0.507752,-0.492046,-0.656352,0.73019,0.189803,0.262913,0.457177,-0.849627
0.121511,0.886852,-0.445791,-0.873803,-0.117474,-0.471877,-0.470853,0.446872,0.760659
-0.977385,-0.197828,-0.074716,0.041469,0.167158,-0.985058,0.207361,-0.965879,-0.155174
-0.59389,-0.661428,0.458048,-0.695062,0.135072,-0.706148,0.405196,-0.737746,-0.539951
0.63873,0.735322,0.226551,-0.768498,0.595181,0.234884,0.0378768,-0.324132,0.945253
0.955606,0.25029,-0.155473,-0.0428344,-0.404044,-0.913736,-0.291516,0.879832,-0.375386
0.442758,-0.441029,-0.780678,0.841016,-0.0976247,0.53213,-0.310898,-0.892167,0.327688
-0.261452,-0.1245,0.957153,0.0972858,-0.989996,-0.102197,0.960301,0.0663976,0.270949
0.959504,-0.213565,-0.183692,-0.243585,-0.301491,-0.92183,0.141489,0.929243,-0.341303
-0.816891,0.114877,-0.565236,-0.00689384,0.977951,0.20872,0.576751,0.174398,-0.798088
0.882995,0.0905727,0.46056,-0.464209,0.313768,0.828287,-0.0694886,-0.94517,0.3191
-0.446004,0.84399,0.297928,0.846292,0.506014,-0.166555,-0.291327,0.17785,-0.939946
-0.461758,0.00342906,0.886999,-0.378924,0.903391,-0.200754,-0.801995,-0.428805,-0.415848
0.287751,-0.105455,0.951882,0.734649,-0.61333,-0.29003,0.614402,0.782755,-0.0990139
0.091039,0.621662,-0.777977,0.465647,-0.717131,-0.518552,-0.880275,-0.315054,-0.354762
-0.793345,0.392884,0.465023,0.306372,-0.402414,0.86267,0.526061,0.826864,0.198885
-0.556849,-0.309568,-0.77077,-0.65778,0.730982,0.181631,0.507192,0.608139,-0.610674
0.576986,-0.0435443,-0.815592,-0.0107284,-0.998896,0.0457411,-0.816684,-0.0176419,-0.576816
-0.00269079,0.01742,0.999845,0.7062,0.707935,-0.0104337,-0.708007,0.706062,-0.0142069
-0.0486507,0.93633,-0.347735,0.965279,-0.0453829,-0.25725,-0.256652,-0.348176,-0.901611
-0.858862,0.406593,0.31151,-0.173143,-0.802832,0.57051,0.482055,0.436054,0.759921
0.192506,-0.961068,-0.198218,0.909336,0.250639,-0.332097,0.368849,-0.116316,0.922183
0.0451429,-0.998769,-0.0205719,0.992337,0.0424622,0.116036,-0.115019,-0.0256524,0.993032
0.741983,-0.53752,-0.400668,-0.556578,-0.827048,0.0788271,-0.373742,0.164514,-0.912826
0.0596181,0.429984,-0.900866,0.348498,0.836721,0.422431,0.935412,-0.339134,-0.099965
0.609505,-0.128463,-0.782304,0.392101,-0.808793,0.438305,-0.689028,-0.573891,-0.442593
0.719074,0.266481,0.64181,-0.627882,0.644931,0.435693,-0.29782,-0.716276,0.631072
-0.254668,-0.632399,0.731584,-0.243452,0.774089,0.584395,-0.935882,-0.0292785,-0.351095
0.253399,0.255778,-0.932934,0.856158,-0.508238,0.093205,-0.450313,-0.822358,-0.347773
0.264506,0.40408,-0.875646,-0.954124,0.241742,-0.176657,0.140297,0.882202,0.449484
-0.0172919,0.172671,-0.984828,-0.69908,0.702112,0.135377,0.714835,0.690814,0.10857
-0.108987,0.99223,0.0600178,-0.780685,-0.0480624,-0.623074,-0.615348,-0.114762,0.779857
0.0232191,0.261024,0.965053,-0.895812,-0.423116,0.135996,0.443827,-0.867663,0.224004
0.115519,-0.706995,0.69772,-0.975039,-0.214796,-0.0562187,0.189614,-0.67381,-0.714161
-0.0284853,0.424556,-0.904954,-0.996197,-0.0866312,-0.00928529,-0.0823393,0.901248,0.425409
-0.106184,-0.942456,-0.317019,-0.39974,0.332384,-0.854242,0.910458,0.0360185,-0.412031
-0.824987,-0.53633,-0.178177,-0.451565,0.435983,0.778465,-0.339832,0.722682,-0.601868
-0.797847,-0.555479,-0.234273,-0.375451,0.761873,-0.527813,0.471675,-0.333156,-0.816413
-0.740542,0.0832483,0.666833,-0.666677,-0.215765,-0.713433,0.0844869,-0.97289,0.215283
-0.250789,-0.835403,-0.489087,-0.898392,0.389031,-0.20383,0.360551,0.388274,-0.848084
