-0.6641534005,-0.2223203678,0.7137744144,-0.5398527854,-0.5178508843,-0.6636184384,0.517164607,-0.8260775482,0.2239121559
-0.4599419006,-0.8520897423,-0.2497929523,-0.04076671026,-0.2607542232,0.9645440946,-0.8870126963,0.453817481,0.08519489736
0.7492289465,-0.6570622481,0.08321771328,0.4814760899,0.4540666404,-0.7496694345,0.4547930965,0.6017413798,0.6565596327
-0.9440037732,-0.1313475739,-0.3026626685,0.07903709143,-0.9806577197,0.1790630475,-0.3203279792,0.1451146155,0.9361259179
-0.8174099447,-0.5201342434,0.2475910968,-0.4682478586,0.3495822027,-0.8115024501,0.3355367719,-0.7792641737,-0.5293037146
-0.9498288555,0.08435940954,-0.3011787431,-0.2454508197,0.3957797062,0.8849363363,0.1938531413,0.9144626368,-0.3552168992
0.1722704268,0.2918547402,0.9408207644,-0.7811889431,-0.5413334122,0.3109694068,0.6000556101,-0.788529611,0.1347379581
-0.5188028468,0.7780942383,-0.3541369261,0.4416681709,-0.1107273103,-0.8903194312,-0.731965049,-0.6183112639,-0.2862138152
0.4979695878,-0.8265309239,-0.2624365095,-0.6004299523,-0.1102631248,-0.7920390872,0.6257077289,0.5519861187,-0.551181606
0.3865914592,0.4842047251,0.7849158095,0.07717130694,0.831118119,-0.5507152274,-0.9190166664,0.2734747822,0.2839364549
-0.3418890515,-0.9397197018,-0.006225630628,-0.3649423486,0.1266626994,0.922373917,-0.8659843871,0.3176215399,-0.3862481051
0.6785989226,0.2443111897,-0.6926871912,-0.5463163154,-0.4624779702,-0.6983212803,-0.490960269,0.8523063825,-0.1803658633
-0.9142373122,0.404619994,-0.02127903777,-0.3390082243,-0.7926379943,-0.506752833,-0.2219089021,-0.4560785792,0.8618287352
0.3676884522,-0.4790350142,-0.7970763184,0.3022646729,0.8721413937,-0.3847147734,0.8794550981,-0.09947283313,0.465471681
-0.9198088961,0.3886023349,-0.05422010642,-0.10594212,-0.3790278255,-0.9193009163,-0.3777934116,-0.839836968,0.3898025209
0.9149250337,0.1212732889,-0.3849739888,0.0177897052,-0.9649833553,-0.2617071843,-0.4032315824,0.2325938806,-0.885044845
-0.09005273769,0.7233594256,0.6845740616,-0.9450544004,0.1548321772,-0.2879221721,-0.3142653095,-0.6728879092,0.6696709468
-0.1520273985,-0.9696076959,0.1916992073,0.1495235522,-0.214283664,-0.9652591459,0.9770007049,-0.1180822904,0.1775561749
-0.5184433473,0.5552670415,0.6503037815,0.793135896,0.5964972273,0.1229898708,-0.3196121809,0.5795425527,-0.7496522417
-0.07869810045,-0.9930701366,-0.08728294686,-0.8032484179,0.1150222425,-0.5844329413,0.5904223811,0.02411612665,-0.8067340481
0.874253091,0.3546460963,0.331523271,-0.2105574767,0.8923162052,-0.3992960543,-0.437432374,0.2792811063,0.8547835877
0.3447570285,-0.4468114886,-0.8255313955,0.5786522832,-0.591315837,0.5617002013,-0.7391238912,-0.6713457191,0.05468819717
0.2999891012,-0.9450551101,-0.129912963,0.6473198844,0.1016354556,0.7554119415,-0.7007021524,-0.3107105936,0.6422424936
-0.7021102857,-0.6276367914,0.3363230661,-0.1323398734,0.579106468,0.8044388458,-0.699662279,0.5202958358,-0.4896579812
-0.6440837894,0.1195551211,-0.7555545283,-0.3851501456,-0.9040649981,0.1852723525,-0.6609201446,0.4103328555,0.6283402821
0.1488156685,0.2384663684,-0.9596810345,-0.9677551955,0.2345773717,-0.09177874658,0.2032333104,0.9423944226,0.2656858554
0.2436153396,0.1829977051,0.9524512619,0.9025728707,0.3166608247,-0.2916987061,-0.3549841959,0.930718949,-0.08802532965
-0.1726515104,0.9824147314,-0.07108270869,-0.9616369777,-0.1837388386,-0.2037016505,-0.2131801566,0.03318636353,0.9764491211
0.5153811375,-0.83075154,-0.2103191906,-0.8333530971,-0.5430645638,0.1029732736,-0.1997621051,0.122199666,-0.9721946014
0.1703934361,0.4384040097,0.882478329,0.3146735294,-0.8728912884,0.3728825129,0.9337808345,0.2141558377,-0.286689083
-0.151213003,0.529295787,-0.8348536384,0.5382694794,-0.6642819219,-0.518647757,-0.8290962521,-0.5278025182,-0.1844557034
0.9063069639,0.3478255036,0.2400522988,0.07137141965,-0.685819568,0.724263516,0.4165498861,-0.6392721949,-0.6463878505
0.02412773155,0.9165995148,0.3990779147,0.9247508123,-0.1721243095,0.3394247445,0.3798075667,0.3608580767,-0.851779115
-0.6770817327,-0.02303836505,-0.7355471168,0.690470228,-0.3656590623,-0.6241348527,-0.2545804224,-0.9304636929,0.2634883766
-0.405537129,-0.5561662216,0.7254093816,-0.1113799985,0.8177488793,0.564695729,-0.9072673988,0.1482089888,-0.3935733257
-0.3059317528,0.8265445476,-0.4724720875,0.6483755077,-0.182512719,-0.7391199554,-0.6971477344,-0.5324595931,-0.4800748047
0.9794612341,-0.0553700104,-0.1938810278,0.1601054312,0.798063004,0.5809145312,0.1225640318,-0.6000246692,0.7905368141
-0.1398031797,-0.5856069979,0.7984481918,0.8182960329,-0.5223671086,-0.2398420448,0.5575362531,0.6198363073,0.552228466
-0.3617157963,-0.2482647737,0.898624663,-0.8845928858,-0.2129589597,-0.4149022872,0.2943757958,-0.944993695,-0.1425826329
0.8786783715,-0.4040539272,-0.2542926333,-0.02068143215,-0.5643607901,0.8252691543,-0.4769660342,-0.7198870207,-0.5042480339
-0.6038565266,-0.7840796133,-0.1434449556,0.5538275433,-0.283288929,-0.7829574925,0.5732646401,-0.5522377592,0.6053107546
0.903916279,0.3469125629,0.2501740079,0.4272506964,-0.7052915354,-0.5657037144,-0.01980411522,0.6182358156,-0.7857431344
-0.39210953,-0.6219531032,-0.6778085673,-0.7691621975,-0.1825183172,0.612434958,-0.5046183017,0.7614863107,-0.406815644
-0.694591086,-0.2179906164,0.6855824636,0.6246914006,-0.6554057193,0.4245044136,0.3567966889,0.7231344511,0.5914158338
0.3449183813,0.7594265587,-0.5516363043,-0.02620980654,0.5952652956,0.8031016585,0.9382666765,-0.2625462433,0.2252223654
0.1696376735,-0.9657326002,-0.1964270975,-0.4377277722,-0.2524113878,0.8629501079,-0.8829594879,-0.06040725282,-0.4655464602
0.632349684,0.4407733239,0.6370657376,0.4725647564,0.432154552,-0.7680657486,-0.6138537514,0.7867409486,0.06497885597
0.8739376929,-0.1156204012,0.4720856191,0.4610951692,-0.1099292159,-0.8805150836,0.1537015092,0.9871917191,-0.04275927687
0.9501937104,-0.1940820066,-0.2438525938,-0.298513656,-0.3419103307,-0.8910594385,0.08956288284,0.9194724033,-0.3828171751
0.9735019829,-0.2235469279,0.04817323193,-0.02301426547,-0.3053645049,-0.9519573849,0.227517544,0.9256237303,-0.3024177194
0.4267400713,0.08622239995,-0.9002547469,-0.8821157642,-0.1798077884,-0.4353629954,-0.1994108573,0.9799157397,-0.0006730502172
0.2753547682,0.343043918,0.8980537968,-0.874598593,0.4771799578,0.08588707134,-0.3990702354,-0.8090860017,0.4314195047
0.797478412,-0.5080182105,0.3254929804,-0.4920787413,-0.2354779378,0.838098236,-0.3491227503,-0.8285334264,-0.4377735335
-0.6570106675,-0.1663281487,-0.735303971,-0.7331418948,-0.08623703,0.6745859002,-0.1756130545,0.9822922791,-0.06528348544
-0.205013583,0.9219535089,0.3285896501,-0.6426744408,-0.3800107105,0.6652529015,0.7381998333,-0.07479028866,0.6704233132
0.05857360919,0.8951778611,-0.4418435575,0.4576419256,0.3692769211,0.8088253356,0.8872051624,-0.2495819556,-0.3880410381
-0.2833648571,0.6495112038,-0.7055774613,0.6679616888,0.6615940124,0.3407646475,0.6881362801,-0.374737987,-0.6213210934
0.088555156,-0.4760679051,0.8749384745,0.8995506665,0.415432701,0.1349972936,-0.4277459324,0.7750967815,0.465035909
0.3625522724,0.6369344209,0.6803457895,0.880914302,-0.4725002691,-0.02708298773,0.3042134815,0.609145335,-0.7323906871
0.2515835869,0.9419420108,-0.2223756889,0.9559606136,-0.277730708,-0.09489446236,-0.1511456382,-0.1887085108,-0.9703319504
0.7126455545,-0.1502585843,0.6852435126,-0.6961404402,-0.03068585728,0.7172495142,-0.08674561195,-0.9881703983,-0.1264692168
-0.574063489,0.8082063639,0.1313528985,0.4434232829,0.4417150253,-0.7799125775,-0.6883508573,-0.3894744019,-0.6119499877
-0.6654466326,-0.6905322106,-0.2834537798,0.4425849993,-0.05921662575,-0.8947691935,0.6010817727,-0.7208735377,0.3450247022
0.7755545326,-0.4896334246,0.3984648999,0.4498325595,0.8714870345,0.1953484505,-0.4429061247,0.02773910954,0.8961387763
0.1813865464,0.2610012362,0.9481441217,-0.6529480052,-0.6889859571,0.3145747185,0.7353623755,-0.6761484346,0.04544745323
0.6930514123,-0.2519910803,0.6754111602,-0.7192034011,-0.1776772245,0.6716973066,-0.04925654963,-0.9512787706,-0.3043722934
-0.5539965848,0.6702155849,0.4938611685,-0.2930895341,0.3982237045,-0.8692044674,-0.7792216046,-0.6262818462,-0.02418139871
-0.3414182318,0.8159693139,0.4665058089,-0.875547203,-0.4566088306,0.1578780261,0.3418342965,-0.3545454196,0.8703142301
0.5114369143,-0.1951103832,0.836877662,-0.3705097142,0.8286396519,0.419617539,-0.7753417533,-0.5246792027,0.3515066142
-0.1918807289,-0.6217652016,0.759335117,0.7647813305,0.3901547756,0.5127267963,-0.615053902,0.6791077125,0.4006512354
-0.3071945312,-0.8998142191,-0.3097836198,-0.4090170385,-0.1690826651,0.8967252169,-0.8592651408,0.4021758614,-0.3160980771
-0.3343569924,-0.6120935127,0.7166218901,-0.7270145624,-0.3163435279,-0.6094067594,0.5997126209,-0.7247539611,-0.3392292267
0.4687545699,-0.8192448955,0.3303134183,-0.7913807764,-0.2233736156,0.5690524533,-0.3924100151,-0.5281496275,-0.7530420646
-0.3737895988,-0.2152521041,0.9021905938,0.9183495632,-0.2222851226,0.3274498498,0.1300592776,0.9509236857,0.2807645425
-0.290249729,0.7493885662,0.5951234087,0.8297332752,-0.1127533469,0.5466528833,0.4767575766,0.6524595463,-0.5890660011
0.7746105643,0.1706002869,-0.6089942658,-0.5476361307,0.6625875605,-0.5109524372,0.3163433926,0.729296419,0.6066742051
0.6262529381,-0.6345975781,0.4528721358,-0.7154146274,-0.2369331614,0.6573009873,-0.3098211877,-0.7356280248,-0.6023804784
-0.1493760194,0.6054602566,0.7817318482,-0.2357260559,0.7460005752,-0.6228293252,-0.9602708115,-0.2773103307,0.03128816189
0.1222815751,-0.669934815,-0.7322803835,0.2598893636,-0.6904594882,0.6750727471,-0.9578646747,-0.2728608416,0.08967845896
0.8953628154,-0.4314134365,0.110489256,-0.3564669948,-0.8429933007,-0.4028567694,0.2669395259,0.3213171982,-0.9085695062
0.4095144682,-0.5638769806,-0.7171754675,-0.6432058874,0.3790377568,-0.6652943448,0.6469807468,0.7337391428,-0.2074675483
-0.07326727339,0.6357787556,0.7683861533,0.6560102006,-0.5495941561,0.5172976709,0.7511874089,0.5419701444,-0.3768100838
-0.155182876,-0.5668216685,0.8090929929,0.05116498118,-0.8225270903,-0.5664197476,0.9865598916,-0.04650141773,0.1566435395
-0.8478051129,-0.369299667,-0.3805840858,0.1050814585,0.5864469342,-0.8031425032,0.5197926294,-0.7209006514,-0.4583861617
0.5362912981,-0.8223236382,0.1901985216,-0.444539475,-0.4667483239,-0.7645460466,0.7174791278,0.3254686408,-0.6158683829
0.2726988051,-0.1335714508,0.952782257,0.9305330003,-0.2149762022,-0.2964684937,0.244425238,0.9674419362,0.06566888945
-0.1365318634,0.1107850774,0.9844215138,-0.5920172352,0.7876300567,-0.1707468506,-0.7942761758,-0.6061068886,-0.04194992413
0.709618919,0.699120915,-0.08758387971,-0.3264140537,0.2160344329,-0.9202081229,-0.6244156111,0.6815857026,0.3815050126
0.09556466868,0.6724159914,-0.733978289,0.3013132315,-0.7223016596,-0.622487469,-0.9487242648,-0.1616695614,-0.2716343541
-0.9594027966,0.23031027,0.1627988125,-0.2559564473,-0.4685475083,-0.8455468819,-0.1184591527,-0.8528894489,0.5084751883
-0.01207459947,0.852436716,0.5226909692,0.6876673238,0.3865691163,-0.6145550993,-0.7259255167,0.3520169933,-0.5908605424
-0.174879586,-0.9659781779,-0.1905342232,-0.8377026623,0.04429091082,0.5443276263,-0.5173696743,0.2548028159,-0.8169480675
0.889784702,0.2889197575,0.3532825466,-0.2742374493,-0.2802747485,0.9199129778,0.3647972114,-0.9154077993,-0.1701515663
0.9060647682,0.3399081973,0.2520100261,-0.2466334983,0.9081785691,-0.3382064519,-0.3438292503,0.2442828361,0.9067013525
0.2198469786,0.05107967505,0.9741961675,0.5225334308,-0.8494551433,-0.07338101467,0.8237876667,0.52518266,-0.2134409845
-0.7276860365,-0.4718780006,0.4977993419,0.5470050734,0.03863380109,0.8362373342,-0.413833882,0.8808169969,0.2300063827
0.2681748175,-0.8197198118,0.5061044332,-0.2023010022,-0.5615516389,-0.8023303942,0.9418898936,0.112779373,-0.3164241478
0.04424037749,0.5945215708,0.8028616885,-0.1181612291,-0.7948934725,0.595132163,0.9920084238,-0.1211959954,0.03508301223
-0.756037019,0.6528862641,-0.04634168663,-0.6369015913,-0.7501506035,-0.177849473,-0.1508787222,-0.1049456914,0.9829659267
0.6336211648,0.4885969002,0.5998310501,-0.6681452774,0.7364560581,0.1058978887,-0.3900078305,-0.467873427,0.7930878567
-0.8120154054,0.3407766163,0.4738167147,0.5755717093,0.3330829256,0.7468419994,0.09668603189,0.8791627054,-0.4666098464
0.4681545845,0.8795650245,-0.0848330871,0.3916226694,-0.120462573,0.9122063655,0.7921256023,-0.460276152,-0.4008527086
0.2947105646,-0.8941794986,-0.3370292383,0.106474946,0.3812248858,-0.9183303721,0.9496361245,0.2347564925,0.2075587152
-0.09506423858,-0.8131418861,-0.574250001,-0.6296622901,-0.3976849419,0.6673620362,-0.7710306031,0.4250258345,-0.474199166
-0.443940563,-0.5068362513,0.7389409929,0.8403127315,-0.5218085613,0.1469365119,0.3111129855,0.6861726019,0.6575529413
-0.6219923612,-0.765942693,0.1626569816,-0.1224764504,-0.1100059803,-0.9863560226,0.773385429,-0.6334275612,-0.02538706277
0.9253282342,-0.2544643568,0.2810970475,-0.327239551,-0.1614802085,0.9310415772,-0.1915252862,-0.9535051302,-0.2326929981
-0.3248749554,0.8724036758,-0.3651959608,0.7713082386,0.02094366968,-0.6361170991,-0.5473023519,-0.4883371674,-0.6796962163
0.6960296284,-0.4192540567,0.5828968968,0.2423913068,0.901362206,0.3588768981,-0.6758618282,-0.1084998135,0.72899834
0.7577690895,0.02464404072,0.6520572661,-0.5772184271,-0.4407111167,0.6874537068,0.3043105231,-0.897310639,-0.3197322672
-0.2884141201,-0.8401185406,-0.4593671006,-0.777380051,-0.0746410769,0.6245870363,-0.5590148045,0.5372425406,-0.6315638534
0.758113549,0.5858633173,0.2864053424,-0.1146387936,-0.3126197788,0.9429352157,0.6419671283,-0.7476851258,-0.1698386261
-0.5838074548,0.4052577807,0.7035161596,-0.3148576717,-0.9117117679,0.2639058524,0.7483538617,-0.06743725597,0.659862648
-0.4304632075,-0.8992400993,0.07790167426,-0.1033401309,-0.03663969273,-0.9939710007,0.8966728748,-0.4359183143,-0.0771555499
0.9352498825,0.2040471404,0.2892618567,0.0120428093,-0.8350184554,0.5500901288,0.3537833065,-0.510988203,-0.7834082132
0.5994382948,-0.008688551716,-0.8003738125,0.7806832535,-0.2143445874,0.5870179345,-0.1766561303,-0.9767194617,-0.1217033472
-0.9688099638,0.08107658507,0.2341662688,0.1100498447,0.9874332483,0.1134222723,-0.2220276689,0.135654589,-0.9655576351
-0.2666547834,0.4583381252,0.8478333501,0.9484952171,-0.03130993977,0.3152404016,0.1710323058,0.8882262384,-0.4263825744
-0.07299562466,0.7940667337,0.6034315713,-0.9964572382,-0.08340692709,-0.01078225385,0.04176854397,-0.6020808143,0.7973418851
-0.2268316634,-0.9153725907,-0.3326265424,0.02045651696,0.3369755975,-0.9412911226,0.9737191214,-0.2203190116,-0.05771140039
-0.9285400304,-0.286908544,-0.2355777989,0.2808274603,-0.9578982119,0.05972397542,-0.2427948712,-0.01070061304,0.9700186325
-0.3051748258,0.9266035952,-0.2197136843,-0.2515524954,0.1440867378,0.957058177,0.9184713756,0.347339588,0.1891178015
0.225337905,-0.4413784195,0.8685665889,0.5917755025,0.7702082568,0.2378676013,-0.7739667843,0.4603958426,0.434754051
-0.957685378,0.02404714101,0.2868108292,-0.2147897379,0.6036016703,-0.7678088252,-0.1915831026,-0.7969233079,-0.5728954147
0.6232455501,-0.1757767405,0.762015434,0.02635539663,0.9785792656,0.2041764287,-0.7815819709,-0.1071688317,0.6145278384
-0.05183639182,-0.2918814398,0.9550488017,0.9975779465,-0.0595498936,0.03594510831,0.04638134455,0.9545988871,0.294261339
0.1769321872,0.05916794995,0.9824429525,-0.9782020959,0.1208140176,0.16889237,-0.1086998649,-0.9909102517,0.07925410103
0.3708370998,-0.1553233507,0.9156170062,-0.59902282,-0.7934125489,0.1080193891,0.7096840892,-0.5885330781,-0.3872690402
0.1715448178,0.7345529175,0.6565092435,0.9614610632,-0.2701605369,0.05104809712,0.2148604184,0.6224510388,-0.7525886691
0.6441413869,0.153294463,0.7493882047,-0.4046452937,-0.7631060495,0.5039160083,0.6491102063,-0.6278295667,-0.4295183061
-0.5939210383,0.7375202399,-0.3214369237,0.5000318236,0.6513891944,0.5706665338,0.6302586577,0.1782021692,-0.7556573372
0.04747788808,-0.4925127279,-0.8690092422,-0.6778601536,0.6231079036,-0.3901822045,0.733656229,0.6075917654,-0.3042709061
-0.7820061677,0.6012771778,-0.1641100521,0.02539365397,0.2938226525,0.9555225854,0.6227531743,0.7430572013,-0.245039751
0.8373647589,-0.06046585701,-0.5432901073,-0.4164803635,-0.7143057624,-0.5624156689,-0.3540683089,0.6972167224,-0.6233173146
-0.2810224707,0.7622281952,-0.5831248146,-0.8498351769,0.08464974247,0.5202062988,0.4458772736,0.6417496394,0.6239798533
0.4800480831,0.8571222608,-0.1868027513,0.5987387424,-0.1644972633,0.7838702499,0.6411440994,-0.4881414553,-0.5921589005
0.3857497637,-0.8817035757,0.2716540528,-0.3633369076,-0.4158289392,-0.8337101324,0.8480468214,0.2229015431,-0.4807613657
-0.5931824316,-0.3569913719,0.7215897472,-0.0932801017,-0.8597953708,-0.5020465546,0.7996458125,-0.3651151611,0.4767153172
0.3285557243,-0.9424945617,-0.06127917365,0.9444695241,0.328224663,0.01568083715,0.00533423238,-0.06302834078,0.9979974821
-0.6837322419,-0.5547758671,0.4740611338,0.3998282978,0.2586388846,0.8793425155,-0.6104486495,0.7907778858,0.04497534618
-0.9919732203,0.1208708413,-0.03713986989,-0.06102416547,-0.7148614651,-0.6965982608,-0.1107482797,-0.6887403905,0.7164994718
0.8696435272,-0.3625092841,-0.3351225964,-0.159231639,-0.8485133531,0.5046487638,-0.46729586,-0.3855024106,-0.7956270927
-0.3342093719,0.5211543005,-0.785303948,0.9385206211,0.1075461355,-0.3280440101,-0.0865051418,-0.8466593316,-0.5250569842
-0.2909883538,0.017184671,-0.9565722477,0.823260756,-0.5048750499,-0.2595051282,-0.4874089716,-0.8630213619,0.1327652944
-0.09988272768,-0.1642150293,0.9813546071,-0.3599186165,0.9254622374,0.1182295925,-0.9276217064,-0.3413986983,-0.1515417388
0.2365635664,-0.7442690066,0.6245809194,-0.8913862057,0.08953712464,0.4443126552,-0.3866113181,-0.6618510022,-0.6422499043
0.4261851627,-0.9046225382,-0.00492651376,0.5492691816,0.2630907686,-0.7931498053,0.7187973103,0.3353226966,0.6090066632
0.7666577712,0.5332524335,-0.3575999217,0.4488290883,-0.04684478259,0.8923889376,0.459116882,-0.8446581607,-0.2752531202
0.1908158336,0.9795497766,-0.06380871996,-0.9794271435,0.1856374993,-0.07912767844,-0.06566420853,0.07759480624,0.9948202138
-0.5230175832,-0.8171833853,-0.2422063633,0.6540167393,-0.2025599288,-0.7288563507,0.5465479964,-0.539611703,0.6403940175
0.9936089925,-0.06124849665,-0.09481451199,-0.09723928888,-0.8910134897,-0.4434405054,-0.0573209449,0.4498261695,-0.8912747761
-0.6679834757,-0.3290215582,0.6674899928,-0.4666061466,0.8839129873,-0.03124955801,-0.5797212952,-0.3323291218,-0.7439627509
-0.5957936811,0.2514792074,0.7627503509,0.5165728474,0.847190204,0.124182332,-0.6149653509,0.4680031694,-0.6346579004
0.00297225153,-0.5333702787,-0.8458766527,-0.8367821471,-0.4644717323,0.2899338686,-0.5475279025,0.7069527252,-0.4476952538
-0.8938340215,0.3329495163,-0.3003420744,-0.01894060998,0.6411784822,0.7671580067,0.4479977627,0.6914005884,-0.5668008743
0.9308561667,0.04029459221,0.3631571874,0.1074153293,-0.9801604881,-0.1665754021,0.3492402381,0.1940663891,-0.9167166916
0.8723718612,0.4788499884,0.09833628191,0.4402567817,-0.6821759879,-0.5837892494,-0.2124648251,0.5525745291,-0.805928091
0.2326918062,-0.03577074062,-0.9718924722,-0.9671683375,0.09647760705,-0.2351116295,0.1021759771,0.9946921762,-0.01214677909
0.896776054,0.1810211697,0.4037623621,-0.2120888459,-0.6249933233,0.7512667085,0.3883439588,-0.7593514878,-0.5220864752
0.1540929023,0.3124745679,0.9373446655,0.6798672164,-0.721918818,0.1288944852,0.7169630015,0.6174081832,-0.3236837806
-0.7444853774,0.1545312491,0.6495087497,-0.03859134588,-0.9811784568,0.189207674,0.6665224909,0.1157969298,0.7364365826
-0.7661128067,0.5260565234,0.3692366471,0.01428095202,0.5882946427,-0.8085205426,-0.6425474471,-0.6141448913,-0.4582126479
-0.5610644399,-0.7193198481,-0.4096164675,-0.6739558075,0.1096467867,0.7305895918,-0.4806144647,0.6859712373,-0.546308702
-0.683714892,0.6560062982,0.3196712111,-0.1365014085,-0.545291436,0.8270578065,0.7168691038,0.5218361682,0.462369659
-0.8938416644,-0.2883527487,-0.3433653614,0.004103110798,0.7604940705,-0.649331913,0.4483639632,-0.581808784,-0.6785781424
0.2221848297,-0.4870717868,-0.8446271224,0.9701849751,0.1964732354,0.1419132899,0.09682466371,-0.8509755239,0.5162031017
0.0333967879,-0.2687137836,-0.9626409284,-0.8641294914,0.4761762207,-0.1629000582,0.5021602102,0.8372867545,-0.2163007489
-0.7373827406,-0.2123651179,0.6412236354,-0.6445025187,-0.06296174412,-0.7620054607,0.202195938,-0.975159923,-0.09044294996
-0.2270824563,-0.9263785384,0.3004269657,-0.1149735273,-0.2808273321,-0.9528468385,0.9670649647,-0.2509159485,-0.04273804784
0.9603143422,0.2464254722,0.1306554663,-0.2457191688,0.9690968861,-0.02175581241,-0.1319789919,-0.01121213391,0.9911891009
0.7057886093,-0.03934192621,0.7073292387,-0.6651099367,0.3069670648,0.680734892,-0.2439082022,-0.9509066379,0.1904871517
0.7186694813,0.6775537871,0.1563171207,0.5690492513,-0.4438827981,-0.6922073469,-0.3996212285,0.5864204355,-0.7045664955
0.8915138889,0.08013400853,-0.4458492196,0.4140617452,0.2550354061,0.8737904856,0.183727671,-0.9636054599,0.1941871793
0.7290021376,-0.3254993772,-0.6021677829,-0.03750332721,0.8593904513,-0.5099426955,0.6834832725,0.3943326105,0.6142901664
-0.7975660715,-0.2995768132,-0.5235858044,-0.5747538268,0.1138507789,0.8103678416,-0.1831567639,0.9472548406,-0.2629864383
-0.09343716611,0.6728784683,-0.7338283607,-0.6579281475,-0.5949209528,-0.4617354358,-0.7472617003,0.4396630833,0.498293412
0.4724746813,0.1117229585,-0.8742343256,-0.8504128078,-0.2026925867,-0.4855036268,-0.2314427183,0.9728482389,-0.0007564804681
0.2294278776,-0.9666602832,0.1137134373,-0.596155517,-0.2319118618,-0.7686452289,0.7693903096,0.1085577505,-0.6294869072
-0.6426439808,0.5814596218,-0.498912239,-0.4947341575,-0.8121532501,-0.3092656005,-0.5850186555,0.04808124956,0.8095933338
0.9450013188,-0.2055157907,-0.2544322449,0.2540152836,0.9512154685,0.1751152999,0.2060309277,-0.2301138682,0.951104024
-0.883622774,-0.4307048922,-0.1835867345,0.1463316226,0.1184168113,-0.9821224542,0.4447447015,-0.8946903121,-0.04161004551
0.3636688002,-0.8968255761,-0.2518906306,-0.4508425121,0.06717416809,-0.8900722782,0.8151601273,0.4372545221,-0.3798979465
0.7573753224,-0.2254621259,-0.6128208962,0.3846791943,0.9124123184,0.1397343145,0.5276405391,-0.3415707701,0.7777691627
0.1857508962,0.5222311056,-0.8323288274,0.8724265849,0.3020645768,0.3842249931,0.452071298,-0.7975159332,-0.3994995342
0.6285420363,0.7758883138,0.05415009727,-0.3579700163,0.3503930336,-0.8654953434,-0.6905015395,0.5246160944,0.4979815031
0.5394014362,0.4468672933,-0.713691609,-0.840384411,0.2324264671,-0.4896243246,-0.05291627742,0.8638793663,0.5009114772
0.9978226679,-0.03646532394,-0.05495637958,0.05711086692,0.8944953583,0.4434144821,0.03298897371,-0.4455876279,0.894630311
-0.2568325616,-0.9388916349,-0.2291714056,-0.8559651964,0.3310813944,-0.3971255378,0.448732234,0.09416797813,-0.8886910454
-0.8348138152,0.1470975452,-0.5305169235,-0.1919362546,0.8254168005,0.5308931904,0.5159906667,0.5450224011,-0.6608359965
0.3013977526,-0.6399915758,-0.7068027855,-0.9510054816,-0.1482014797,-0.2713390782,0.06890550558,0.7539543118,-0.6533030897
0.4147183748,0.2327310056,0.8796845734,-0.790146041,0.5715772042,0.221288801,-0.4513068838,-0.7868518149,0.420935052
0.05386712491,0.189045017,0.9804898339,0.5719010339,-0.81075841,0.1248999926,0.8185520999,0.5540151462,-0.1517882652
0.03900977918,0.9591306409,-0.2802617542,-0.8407531495,0.1830803424,0.5095250041,0.5400114616,0.2157544947,0.8135340308
-0.5541694089,0.06377394077,-0.8299573186,-0.6215801208,-0.6948775429,0.3616398122,-0.5536555063,0.7162946913,0.424720491
0.3875756761,-0.6929753568,-0.6079228982,0.2058536138,-0.5777539813,0.7898256939,-0.8985596168,-0.4312603528,-0.08127190848
-0.7218728094,0.178636062,-0.6685722132,0.6196823102,0.5969138451,-0.50959562,0.3080478558,-0.7821655955,-0.541593482
-0.3792089678,0.9161102315,-0.1301637528,-0.5099084555,-0.08950784222,0.8555592985,0.7721359503,0.3908073566,0.5010745297
-0.3864681525,0.9135551359,-0.1267256122,-0.2496297255,-0.235881911,-0.9391723613,-0.8878780137,-0.3313257276,0.3192113641
-0.9687067049,-0.02208880785,-0.2472233896,-0.1915812622,-0.5667330515,0.8013178323,-0.1578098216,0.8236053259,0.5447663052
-0.684451644,0.7208775728,0.108910385,0.5689639132,0.6215646281,-0.5384584279,-0.4558574475,-0.3065826774,-0.8355842563
-0.3231496735,0.7123808839,-0.622966905,0.5091849801,-0.4239910649,-0.7489741203,-0.7976872473,-0.5592361336,-0.225721072
-0.9449186515,-0.02386933355,-0.326433756,-0.0547725103,0.9948050901,0.08580678787,0.3226898112,0.09896003054,-0.9413172675
-0.3157387673,-0.3694908353,-0.8739482556,0.4277610825,-0.8775840682,0.2164870887,-0.8469530608,-0.3054876853,0.4351411115
-0.4312185342,0.1485749038,0.8899303758,0.2170828048,-0.9402881312,0.2621703381,0.8757429027,0.3062412909,0.3732166128
0.1995639801,0.9755557471,0.09200653335,0.9379106945,-0.1629846657,-0.3062017763,-0.2837212486,0.1474007568,-0.9475100369
-0.2745334753,0.9584325409,0.07770737072,0.9239524823,0.2405440469,0.2974060724,0.2663516123,0.1534458407,-0.9515835185
0.3674394617,0.9249629237,-0.09711761803,-0.7423989698,0.2288026274,-0.6296770024,-0.5602071149,0.3034681983,0.7707626359
0.22349422,-0.3564910969,-0.9071738706,-0.1077639752,0.9159728691,-0.3864979027,0.9687297142,0.1841407098,0.1662977442
-0.5198415842,-0.5153660341,-0.6812947807,0.7392579405,-0.6710521766,-0.05645063049,-0.428091608,-0.5329979616,0.7298292595
0.7100470444,-0.7039280257,-0.01784738998,-0.6146914606,-0.6072725049,-0.5033632019,0.3434932357,0.368382192,-0.8638905935
-0.397535462,-0.7512660662,0.526844241,0.9075262818,-0.4066997734,0.1048396025,0.1355049976,0.5198024549,0.8434712819
0.4928977211,0.3073251383,0.8140043587,0.8033770416,-0.5200063809,-0.2901356455,0.3341214832,0.796959612,-0.5032079205
0.5471491025,-0.365746038,0.7528995254,-0.7607681992,-0.5924232901,0.2650780874,0.3490839537,-0.7178192537,-0.6023918262
0.1567757138,0.4890540238,0.85804868,-0.6177735298,0.726405943,-0.3011482556,-0.7705694268,-0.4828670291,0.4160074408
0.08869619713,-0.8664041769,-0.4914028763,0.1680295773,0.4992917508,-0.8499845932,0.9817836044,-0.007179816529,0.1898668071
-0.5864513472,0.3147747829,-0.7463187345,-0.3433961222,0.7378744066,0.5810511711,0.7335897495,0.5970412014,-0.3246349999
-0.6862804427,-0.01949813824,0.7270756334,0.6552409984,-0.4504929189,0.6063953859,0.3157188433,0.8925670578,0.3219404594
0.7846954359,0.3698762441,-0.4974380734,-0.3518488706,-0.3949116539,-0.8486737641,-0.5103483566,0.8409734536,-0.1797448337
0.3462089264,-0.8290127862,0.4391778451,-0.5238358146,0.2175346166,0.8235743621,-0.7782900607,-0.51518588,-0.3589541621
0.9175919931,-0.1939204145,0.3470155717,-0.3327261631,-0.852338151,0.4035009006,0.2175275489,-0.4857103553,-0.8466210582
-0.5426200488,-0.6464927017,-0.5362934545,-0.8299917896,0.5108228046,0.2239948472,0.1291398926,0.5666632589,-0.8137663296
0.4779620663,-0.4072013881,-0.7782925496,0.878139584,0.2007639235,0.434240392,-0.02057022451,-0.8909999307,0.4535371972
-0.4743655626,0.004338966882,-0.8803172646,0.8237072095,-0.350651912,-0.4455891264,-0.3106183285,-0.9364958142,0.1627631532
-0.1316400154,0.9222695859,0.3634414909,-0.9047566213,0.03803615209,-0.4242271884,-0.4050757492,-0.384671369,0.8294224348
0.03490098887,-0.614898844,-0.7878333153,0.3181088651,-0.7404775533,0.5920301876,-0.9474115636,-0.2712792008,0.1697613746
-0.5817898721,0.2291881102,-0.780380263,-0.1345615317,-0.9733777031,-0.1855506435,-0.8021307492,-0.00294232168,0.5971411926
0.2543802318,-0.5733058119,0.7788524531,0.580140369,-0.5538922725,-0.5971938569,0.7737750642,0.6037580613,0.1916986006
0.2727441964,0.6361351804,-0.7217635593,0.3839383205,0.6159124008,0.6879267989,0.8821575649,-0.4647407307,-0.07625013998
-0.2021953286,-0.9345192239,0.2929007839,-0.1213449519,-0.2728673995,-0.9543682648,0.9717985654,-0.2285108364,-0.05822667673
-0.6801386837,-0.6971006486,-0.2268524998,-0.2068985893,-0.1143356231,0.9716585506,-0.7032811278,0.7077980299,-0.0664650606
0.3247728674,-0.1185081831,0.9383381028,0.1602245501,-0.9708848807,-0.178074821,0.9321216005,0.2081786706,-0.2963291464
0.9475851468,-0.273194107,0.1656724765,0.2409495719,0.9515611859,0.1909832799,-0.2098230048,-0.141054207,0.9675112492
-0.479340593,0.8733361154,0.08669847391,0.1180083938,0.1620282209,-0.9797044833,-0.8696589072,-0.4593809803,-0.1807276957
-0.03002146474,0.3173165849,-0.947844342,0.1373879203,0.9405814425,0.3105335882,0.9900622561,-0.1208996898,-0.0718330983
0.4012998867,-0.08493674298,-0.9120000826,-0.2970695907,-0.9539371954,-0.04187463954,-0.8664341055,0.2877317794,-0.4080470119
-0.7962940356,0.4323710853,-0.4230497057,0.2754171029,-0.3635226626,-0.8899419606,-0.5385733268,-0.8251705995,0.1703885363
0.7173324562,-0.6510122078,-0.248228227,0.248226392,-0.09410132062,0.9641206355,-0.6510129074,-0.7532118207,0.09409648003
0.852975423,-0.4220843843,0.3070467396,-0.1817700202,0.3112284289,0.9327896466,-0.489277618,-0.8514585355,0.1887479137
-0.4843246077,0.3359345087,0.8078228025,0.2083470763,0.9410664152,-0.266431038,-0.8497182887,0.03926841115,-0.525772595
0.4767200212,0.610425089,-0.6325497862,0.7873322581,-0.616526872,-0.001591052538,-0.3909551595,-0.4972683649,-0.7745180673
-0.07469699398,0.1966549747,-0.9776232301,0.926333254,0.376671985,0.004991810787,0.3692249471,-0.9052320347,-0.2103043076
-0.6383230048,0.5587172298,-0.5295080724,0.1446694708,-0.5885478912,-0.7954131782,-0.7560519068,-0.5843341825,0.2948543324
-0.3759797839,0.9240849021,0.06860244813,-0.7264043927,-0.3398951158,0.597334051,0.5753050151,0.1747524077,0.7990530243
0.7268225719,0.5939840104,0.3448361124,0.6714169335,-0.5087216322,-0.5388892302,-0.1446659962,0.6232056614,-0.7685612879
-0.5001223301,0.7260532679,-0.4719367618,0.16825478,0.6160782824,0.7695049571,0.8494515783,0.3054409961,-0.430276439
-0.4571041699,0.8721225276,0.1745224188,-0.6046029657,-0.4486011887,0.6581885956,0.6523120662,0.1953439796,0.7323453406
0.4548315205,0.8858834429,0.09131710481,-0.3751541222,0.09759164353,0.9218108568,0.8077051892,-0.4535266219,0.376730581
0.9024021935,0.3531378729,-0.246908736,-0.146016354,0.7897240556,0.5958314697,0.4054004262,-0.5016269118,0.7642126247
0.01778432801,-0.0260058724,-0.9995035829,0.4241968317,-0.9050359677,0.03109574195,-0.9053953643,-0.42453927,-0.005063847828
-0.8829800242,0.4638219132,-0.07221848615,0.2043334196,0.5182917137,0.8304345568,0.4226039879,0.7185004748,-0.5524155475
0.01760759153,-0.9977756803,-0.06429358087,0.9107119901,0.04254477407,-0.410844999,0.4126665043,-0.05131894407,0.9094353865
-0.7168635047,0.6963445406,0.03479937453,-0.4411968682,-0.4144182985,-0.7959917068,-0.5398629818,-0.5859707797,0.6043063844
0.01959696279,0.7203249855,-0.6933598448,-0.9995657789,0.02937860358,0.002269656716,0.02200483446,0.6930142949,0.7205879366
-0.4329058882,-0.7842476168,-0.4444639103,0.8087262733,-0.1200926705,-0.575794725,0.3981887829,-0.6087145686,0.6862304767
0.1097739629,-0.56940166,-0.814697138,-0.4106356247,-0.7724120983,0.4845182495,-0.9051674214,0.2813561799,-0.3186073434
0.2696355421,0.8300606345,0.4881557308,-0.2156712193,0.5461083426,-0.8094761289,-0.9385001863,0.1129823932,0.3262704081
0.5489234532,-0.8358316416,0.008277037357,0.2693392239,0.1674941837,-0.9483681147,0.7912897225,0.5228108313,0.3170637314
-0.5180107431,0.8395664696,-0.1636857144,-0.5016058601,-0.4531611264,-0.7369101402,-0.6928610475,-0.2996216558,0.6558737929
-0.6881419743,-0.4330818623,0.5821518047,-0.6071508744,-0.09560240072,-0.788814298,0.3972762753,-0.8962702056,-0.1971580066
-0.3904319135,0.1085926925,-0.914204872,-0.7013329199,-0.6783785939,0.2189397607,-0.5964017575,0.726643042,0.3410202826
-0.816008283,-0.5034879714,0.2839548286,-0.3878079335,0.1125774469,-0.9148395078,0.4286437783,-0.8566365513,-0.2871207589
0.1420126183,0.1197168573,0.9825987433,-0.8175560296,0.5738243864,0.04824636764,-0.5580632175,-0.8101811202,0.1793655421
-0.7272766701,-0.6849376093,-0.04392170813,0.2093118822,-0.1603950006,-0.9646045717,0.6536491269,-0.7107277363,0.2600171222
0.5661012415,0.5603709957,-0.6045773165,-0.8239454992,0.3620809137,-0.4359027716,-0.02536136302,0.744903859,0.6666896145
0.3326793578,-0.9266111701,0.1752603331,0.9004853423,0.256935316,-0.3508709046,0.2800903304,0.2745468682,0.9198768526
-0.5018886964,-0.8544476354,-0.1342645701,0.6769070119,-0.291390371,-0.6759353142,0.538427928,-0.4301289226,0.7246271291
0.02498356206,-0.1593348324,0.9869084217,-0.9591114808,-0.2822270471,-0.02128523537,0.281923729,-0.9460234168,-0.159870904
-0.2439598466,-0.9437392593,-0.2232483005,-0.3661162484,-0.1235419444,0.9223319796,-0.8980214284,0.3067467985,-0.3153790033
-0.3382494567,0.09218734076,-0.9365301913,-0.7075273071,0.6312575086,0.3176776158,0.6204775699,0.7700749652,-0.1482974484
-0.5104053813,0.313192163,0.8008726589,-0.7619566,-0.5964370232,-0.2523589053,0.3986332733,-0.7390355515,0.5430635019
-0.7853381497,0.4354373079,0.4400435677,0.4015198002,0.8993038066,-0.1733046841,-0.4711961806,0.04058342542,-0.8810942884
0.6099676179,0.70742417,-0.3570581867,0.5139768493,-0.01024152771,0.8577429157,0.603131249,-0.7067150449,-0.3698466463
0.5597147159,0.130587223,-0.8183314817,0.8248063964,0.007646326667,0.5653635486,0.08008648563,-0.9914073385,-0.1034294153
0.6565801648,0.4406004956,-0.6121876269,0.5241706171,-0.8501621638,-0.04969365472,-0.5423538064,-0.2882628982,-0.7891494473
-0.9137751033,-0.1469988202,0.3786903848,0.04720346897,0.887489409,0.4584041682,-0.4034685777,0.4367538159,-0.8040268721
0.6344646686,-0.4924027328,-0.595813841,-0.4626994018,-0.8594114126,0.2175345663,-0.6191638296,0.1376647113,-0.7731006269
0.2107958673,0.6546976434,-0.7259036424,-0.9693535408,0.04415293745,-0.2416696735,-0.1261697876,0.7546002344,0.6439407355
-0.07778823181,-0.8122572416,0.5780892357,-0.6880563115,0.4633554186,0.5584624144,-0.7214759201,-0.3543161434,-0.5949223203
0.5125675475,-0.4483714147,-0.7322824481,0.05054798671,0.8671106065,-0.4955442434,0.8571577511,0.2169844941,0.4671170293
0.7840532794,0.5420600593,-0.3023761682,0.5178150394,-0.3026220396,0.8001796586,0.3422397405,-0.7839584129,-0.5179586536
-0.5156976505,0.6526686413,-0.5550491672,-0.8018810116,-0.5958312767,0.04440645153,-0.3017329555,0.4679836904,0.8306313798
-0.6305887855,-0.3345985078,0.7002868142,-0.1404068258,-0.8382254635,-0.5269383223,0.7633110158,-0.4306064454,0.4815956626
0.3706122015,-0.7329409623,0.5704771178,-0.9256310154,-0.3420669116,0.1618562675,0.0765102574,-0.5880372214,-0.8052070583
0.1448905514,-0.2692164981,-0.9521182727,0.9117855649,-0.3373752261,0.2341474758,-0.384257481,-0.902053454,0.1965852343
-0.9198685882,0.01220053541,-0.3920368954,0.364163325,-0.3447087563,-0.8651941667,-0.1456943827,-0.938630396,0.3126437694
-0.8765693618,0.4727716336,-0.09007295033,-0.06303355441,-0.298319856,-0.9523822943,-0.4771298827,-0.8291515217,0.2912985223
0.96199538,0.07463651716,0.262667621,0.1696593926,-0.9170931406,-0.3607712044,0.2139639673,0.3916242609,-0.8949021505
0.349826555,0.8576915298,-0.3768111214,-0.249679181,0.4730381987,0.8449231735,0.9029295033,-0.2014946709,0.3796290421
0.1566290184,-0.9649794201,-0.2104330519,0.06978562945,0.2233431866,-0.9722385443,0.985188975,0.1375955659,0.1023237203
-0.1998324023,0.3888056157,-0.899387127,-0.971956116,0.03747559532,0.2321570336,0.1239690264,0.9205573165,0.3704131579
0.831443473,-0.01512506605,0.5554034422,0.2861584099,0.8685086068,-0.4047297423,-0.4762511058,0.4954432684,0.7264439772
-0.4814423263,0.1434179357,-0.8646644333,0.6929145587,-0.5418420396,-0.4756854197,-0.5367333611,-0.8281536692,0.1614893164
0.9069664723,-0.4209567214,-0.01439641857,0.3850758204,0.8425399293,-0.3766206049,0.1706705326,0.3360385487,0.9262557223
0.6995368494,0.001646650526,0.7145946297,-0.5821136671,0.5813281412,0.5685079338,-0.4144778339,-0.8136675493,0.4076189941
0.7874361958,-0.0315198082,-0.6155897492,0.4555165157,-0.6430678858,0.6156040921,-0.4152697214,-0.765160242,-0.4920171364
-0.3627945932,-0.5469501645,-0.7544704107,0.5267448166,-0.7882419761,0.3181422407,-0.7687131983,-0.2819930934,0.5740730912
0.03397409951,0.1516128869,0.987855907,0.3535311631,-0.9263434465,0.1300135985,0.9348055826,0.3448207529,-0.08507156467
-0.5370382866,-0.7912178182,0.2925136626,-0.3260007841,-0.1251546298,-0.9370484552,0.7780188735,-0.5985905802,-0.1907248012
0.7316796104,0.05546964984,0.6793880082,0.6526698406,0.2305096371,-0.7217252846,-0.196639332,0.971487738,0.132455834
-0.2974330474,0.3844124632,0.8739340023,-0.954741371,-0.1182417497,-0.2729245373,-0.001580108079,-0.9155577244,0.4021834862
0.7085390682,-0.6055456107,0.3623353449,0.5748811924,0.7930949576,0.2012759369,-0.4092480952,0.06568791033,0.910055545
-0.3026921711,-0.3792872162,0.8743675756,-0.9157383112,-0.1385691584,-0.3771232341,0.2641984007,-0.9148441375,-0.3053840354
-0.3965363411,0.7726828489,-0.4957016695,-0.869070535,-0.1419986059,0.4738700256,0.2957622954,0.6187064012,0.7278235045
-0.8345705038,0.2180193974,-0.5059245166,0.5199146843,0.6153603036,-0.5924697611,0.1821559638,-0.7574953723,-0.6269130448
-0.2170697032,0.4525763776,0.8649019403,-0.6511357784,-0.7272411528,0.2171232456,0.7272571361,-0.5160377197,0.4525506931
-0.8822270885,-0.2541464271,-0.3963394479,-0.2032327863,0.9648973523,-0.1663416186,0.424702012,-0.06620191158,-0.9029094683
0.8890305728,-0.07639417757,0.4514294744,-0.388172383,0.3970860446,0.8316518949,-0.2427897069,-0.9145964152,0.3233675237
0.6298927546,0.6529377187,-0.4206036772,-0.3126624644,-0.2825502604,-0.9068668776,-0.7109692687,0.7027358578,0.02617275438
-0.3081083129,-0.3099482278,-0.8994450309,-0.8952279444,0.4143844918,0.1638670821,0.3219257603,0.8556971363,-0.4051496214
-0.1140353332,0.7190047501,-0.6855859625,-0.9106748847,-0.3514663684,-0.2171235739,-0.3970732895,0.5995861583,0.6948591524
-0.761318665,-0.576253504,-0.2971965501,0.6482645156,-0.6850841576,-0.3322842381,-0.01212469162,-0.4456361701,0.8951320549
0.4329082789,-0.3534698212,0.8292463492,-0.8973222478,-0.08117046575,0.43384806,-0.08604188382,-0.9319176149,-0.3523157011
-0.5635984736,0.6565702682,-0.5012706291,-0.5745680927,-0.7475745381,-0.3331723529,-0.5934882201,0.1002386798,0.7985761953
-0.1005080871,0.6799070632,-0.7263776633,-0.1483999038,-0.7321523925,-0.6647784162,-0.9838066848,0.04097876839,0.1744853792
-0.7069302428,-0.5183266811,0.4812349566,-0.516056395,0.8432831696,0.1501975135,-0.4836687182,-0.1421652121,-0.8636281743
-0.9759156179,-0.2158824909,-0.03136011702,0.1904806096,-0.7732203424,-0.6048532379,0.1063289432,-0.5962592156,0.7957192367
0.6993620066,-0.673568557,0.2391614155,-0.0728619182,-0.4000394849,-0.91359704,0.7110442494,0.6215092996,-0.328849914
-0.3725703927,0.917979395,-0.1360335728,0.146041152,0.2027592478,0.9682771656,0.9164405515,0.3408849042,-0.2096048609
0.8724233273,-0.3654027862,0.3245894974,0.487684967,0.6946629639,-0.5287785355,-0.03226315216,0.6196161476,0.7842416201
-0.5839900004,-0.6595944684,0.4731710226,-0.7769794884,0.6229839356,-0.09052011194,-0.2350713807,-0.4205070193,-0.8763077614
-0.045666395,0.8813216155,-0.4703049972,-0.931396307,0.1326325405,0.33898308,0.3611308623,0.4535204728,0.814802848
-0.3497311893,0.4814746894,-0.8036605121,0.8768510173,0.4702821839,-0.09983466834,0.3298793548,-0.7396058349,-0.5866539187
-0.4603402153,-0.7125886593,0.52943771,0.7647744958,-0.6211673767,-0.1710878739,0.4507847121,0.326141829,0.8309179566
-0.8907661771,-0.4317493551,0.1418735777,0.1415360386,-0.560206346,-0.8161717955,0.4318601249,-0.7069380059,0.5601209586
-0.6297548465,-0.7193541875,0.2931524966,-0.0546224753,0.4174620608,0.9070511634,-0.774871098,0.5552071511,-0.3021916624
0.3142662857,0.9408487317,0.1266505658,0.9381670227,-0.2873899789,-0.1930016518,-0.1451872559,0.1794732964,-0.9729902346
-0.8371640027,0.2755162757,-0.4724904385,-0.4379217998,0.1799154278,0.8808262803,0.3276902957,0.9443099177,-0.02996413638
-0.03148652426,-0.7868729165,0.6163112948,0.8982977368,-0.2926494065,-0.3277460923,0.4382576581,0.5433114559,0.7160606727
-0.9447339523,-0.2487528976,0.2135409919,0.2378509357,-0.968344494,-0.07573554898,0.225620681,-0.02075901979,0.9739940305
