0.4897619398,-0.57194477,0.6580367941,0.6956341955,0.7113289268,0.100519769,-0.5255723627,0.4085221388,0.746246175
0.4418106348,0.01183516641,-0.8970302625,0.8781066527,0.1990047181,0.4351158795,0.1836629233,-0.9799270641,0.07752986245
0.9956380895,-0.08466684437,0.03919592034,0.08774509434,0.9925151323,-0.08493827465,-0.03171108838,0.08800703122,0.9956149704
0.4657845928,-0.4196649705,-0.7790545716,0.400549377,-0.6850422371,0.6085041742,-0.7890531729,-0.5954816923,-0.150985577
0.7893111909,0.5059965096,-0.3477863945,-0.5854462337,0.7909425158,-0.1779400017,0.1850420261,0.3440602694,0.9205335299
-0.5935198998,-0.2659705431,-0.7596010787,0.7509445454,-0.522522748,-0.40379731,-0.2895106532,-0.8100800257,0.5098567776
0.3360413413,0.282125056,0.8985998385,-0.6606594404,0.7505991558,0.01140224514,-0.6712714211,-0.5975000922,0.4386209287
0.9817943209,0.1337354701,-0.1348878625,-0.1552677287,0.1559839079,-0.9754798578,-0.1094159215,0.9786643166,0.1739089176
0.9161444603,0.1171539163,0.3833461723,-0.2370555877,0.9295277865,0.2824583908,-0.3232398123,-0.3496470421,0.8793537227
0.8831495137,-0.3742240583,0.2828485294,0.4402020072,0.4528193843,-0.775355917,0.1620775409,0.8092656915,0.5646414007
0.9742480421,-0.2059377207,0.09181725137,0.05089278937,-0.1958618871,-0.9793099842,0.2196603661,0.9587636708,-0.180337315
0.2838190784,-0.9552635752,0.08317591321,0.8907622139,0.230553844,-0.3916472946,0.3549498683,0.1852469348,0.9163482767
0.9047000039,0.1811898342,-0.3856010203,-0.3730490072,0.7740645731,-0.5115256347,0.2057968443,0.6066253215,0.7678889101
0.1035329535,-0.9945329825,-0.01360419663,0.7818473884,0.07292204432,0.6191906304,-0.6148134586,-0.07474304035,0.7851228497
0.8199955063,0.4100570851,-0.3993251265,-0.376160943,0.9119242317,0.1640034775,0.4314050471,0.01572840161,0.9020212319
0.5639304256,0.2541159929,-0.7857528474,0.655913167,0.4402787924,0.6131333479,0.5017573043,-0.8611501885,0.08160858107
0.7626285725,0.0106427885,0.6467490947,0.06016587642,0.9943627145,-0.08730898732,-0.6440323965,0.1054965545,0.7576890848
0.7437266114,-0.4444840775,-0.4993041482,0.3332931536,0.8940179113,-0.2994121708,0.5794707942,0.05626614505,0.8130484116
0.9780110111,0.1732155026,0.1161501264,-0.2078704316,0.764604214,0.6100576035,0.0168625583,-0.6207872305,0.7837977217
-0.5926720525,0.3423350357,-0.729072398,0.6939205099,-0.2425314774,-0.6779769969,-0.4089182852,-0.9077363085,-0.09381167401
0.8194544023,0.5723391095,-0.03037147071,-0.407905106,0.6196092304,0.6705951283,0.4026262622,-0.5371334521,0.7412015567
-0.6363368397,-0.7406929748,0.2155210978,0.5812950064,-0.2767492332,0.7651836233,-0.5071208357,0.6121958666,0.60666686
0.2990572196,-0.07203242675,-0.9515125374,0.1263549949,-0.9853770151,0.1143090257,-0.9458325405,-0.1544133012,-0.2855824535
-0.4758586975,0.8092357348,-0.3445228956,0.6141511423,0.5861286563,0.5284615148,0.6295846841,0.03988387822,-0.7759074699
0.4951648351,-0.7536532592,0.4322251161,-0.6204660111,0.04147533873,0.7831358282,-0.6081395524,-0.6559623169,-0.4470791022
0.7995575192,-0.5597478459,0.217692725,0.3971953605,0.7647021004,0.5074116112,-0.4504926404,-0.3192382287,0.8337525618
0.38330475,-0.7651460725,0.5173286735,-0.2602002453,0.44796722,0.8553485852,-0.8862128982,-0.4624682233,-0.02738323248
0.9388513963,0.01631945455,0.3439356495,0.1002966006,0.9425991461,-0.3185081501,-0.3293913288,0.333527398,0.8833237387
0.1082399207,0.6530788054,-0.7495146386,0.7167359935,0.471190343,0.5140711782,0.6888930506,-0.5928471428,-0.4170834811
0.5972432262,-0.7402769472,-0.3086917074,-0.7816152069,-0.4508407941,-0.4310687262,0.1799394262,0.4987310095,-0.8478733296
-0.2759168648,-0.460006531,0.8439572709,-0.1148166366,0.8875283478,0.4462180764,-0.9542992317,0.02621875733,-0.2977004418
-0.7397474836,0.3212239094,0.5912604,0.423513368,-0.4605497145,0.7800835773,0.5228863047,0.8274715467,0.2046478726
0.996681754,0.02859427587,0.07620924257,-0.02119990951,0.9951431989,-0.09612792249,-0.07858781778,0.09419331734,0.992447265
0.9822341092,0.001822747044,-0.1876508256,-0.01957457788,0.9954931883,-0.09279088302,0.1866359843,0.09481555602,0.9778430445
0.9832560284,-0.07696930508,-0.1651765986,0.08512041144,0.9954492827,0.04283971343,0.1611275836,-0.05618230652,0.9853331671
0.9854480533,-0.06690878197,-0.156254117,0.1675711606,0.2283029205,0.9590608336,-0.02849632096,-0.9712883153,0.2361926508
-0.9293912135,-0.07144560512,-0.3621153102,0.3234094409,0.3151635041,-0.8922322003,0.1778715995,-0.9463442773,-0.2698040083
0.1417608311,-0.9894499134,-0.02987868183,0.43261647,0.08907397903,-0.897167106,0.8903633285,0.1142571447,0.4406795301
0.537757401,-0.8321284532,0.1355699634,0.6146410306,0.2768721514,-0.7386191274,0.5770904446,0.4805247643,0.6603503386
0.9998634596,-0.003424117856,0.01616593756,0.003347988207,0.9999831901,0.004733980007,-0.01618187552,-0.004679210259,0.9998581159
0.5844220095,-0.6499923932,0.4857579682,0.7770223106,0.6207954525,-0.1041601406,-0.2338530386,0.4383182575,0.8678651171
0.8895999367,-0.1457752635,0.4328527753,0.3239650461,-0.4666520476,-0.8229717585,0.3219605589,0.8723447937,-0.3679075421
-0.4024083147,-0.591245933,0.698924742,-0.6489971334,0.7227043612,0.2376996573,-0.6456549148,-0.3579478356,-0.6745391597
0.9823855742,0.1566838245,-0.101827122,-0.1798862196,0.6454206469,-0.7423430047,-0.05059181412,0.7475843549,0.6622371937
0.684679449,0.5955160686,-0.4202078821,0.3736455202,-0.7818088557,-0.4991632383,-0.6257819727,0.1847580183,-0.7578003677
0.2544854709,-0.7655309803,-0.590931014,-0.02972833876,0.6045674165,-0.7959990357,0.9666195585,0.2201375868,0.1310956594
0.01144039254,0.6975862102,-0.7164095175,-0.9896151236,0.1105640736,0.09185582548,0.1432865118,0.7079188266,0.69160676
0.9635679787,-0.08934077011,-0.2521011251,0.1025746866,0.9939278487,0.03982292424,0.2470125182,-0.06423128852,0.9668811496
0.9218316615,-0.1582597669,-0.3538081882,0.2739515933,0.9117909506,0.3059212103,0.2741840849,-0.3789341744,0.8838732822
0.9229210104,-0.08597619834,0.3752664413,0.05292042062,0.9938235332,0.0975408326,-0.3813348105,-0.07016322586,0.9217705159
0.9624133146,-0.0005077875611,0.2715885748,-0.02670881633,0.9949739034,0.09650684253,-0.2702725494,-0.1001332796,0.95756257
0.273803022,0.008995321073,0.9617437233,0.9509334789,0.1472603498,-0.2721027526,-0.1440743688,0.9890568606,0.03176637685
0.8992306222,-0.3060851727,-0.3125638417,0.4252055489,0.4434906577,0.7889970074,-0.1028811415,-0.8423941498,0.528949494
0.7022142807,-0.6511167437,-0.2879966842,0.6766426698,0.7361682576,-0.0145256291,0.2214718975,-0.1846707411,0.9575212353
0.6786936872,0.2304139882,-0.6973408585,0.2916405975,0.786881147,0.5438417255,0.6740331156,-0.5724748506,0.4668531939
0.2910731058,-0.1547082811,0.9441089952,0.5666636214,-0.7672257768,-0.3004279408,0.7708234476,0.622438716,-0.1356512349
0.3986468109,-0.6872965886,-0.6072101114,0.8293233725,0.5528269719,-0.08127166084,0.3915398625,-0.471174849,0.7903738342
-0.006798619614,0.9698605061,0.2435659613,0.5304128423,0.2099809354,-0.8213222409,-0.8477122126,0.1236066563,-0.5158540482
-0.2214127093,-0.08391636148,-0.9715628937,0.6985673003,-0.7088047149,-0.09797756434,-0.6804264392,-0.7003955457,0.2155595984
0.3688463959,-0.4562329418,-0.809817164,-0.9294800605,-0.176941076,-0.3236644448,0.004376461421,0.8720913705,-0.4893235005
0.5733696105,-0.7355347506,-0.360882142,-0.2638619513,-0.582789034,0.7685920977,-0.7756443518,-0.3454642855,-0.5282331559
0.9809804558,0.008697601648,0.19391157,0.02435572705,0.9855847361,-0.1674202093,-0.1925724378,0.1689588106,0.9666275273
0.9979868048,-0.007456607333,0.06298203308,0.0138164236,0.9947747079,-0.1011552621,-0.06189865849,0.1018218033,0.9928750558
-0.5142233394,0.7586714913,0.3999899068,0.4615104772,0.6378684368,-0.6165484059,-0.7228986351,-0.1324440475,-0.6781416796
0.2866818294,0.5588305168,0.7781529298,-0.9073101892,0.4191446479,0.03325634803,-0.3075739736,-0.7155600727,0.6271937764
0.8346922084,0.1870697742,-0.5179708649,-0.3026137621,0.941618675,-0.1475777146,0.4601237097,0.2799270806,0.8425716594
0.9221699629,0.3517826959,0.1607839991,-0.3624446781,0.9310732086,0.04167175875,-0.1350422703,-0.09670374901,0.9861095123
0.5641996302,-0.3539354672,-0.7459279203,-0.8163168447,-0.1037548689,-0.5682092363,0.123715748,0.9294969673,-0.3474619425
0.6039786358,0.1963100107,-0.7724455885,-0.3746187117,0.9253793789,-0.0577392937,0.7034704175,0.324245871,0.6324507781
-0.4317952731,-0.3111986249,-0.8465862378,-0.8981680646,0.06224370325,0.4352239068,-0.08274641876,0.9483043484,-0.3063852035
-0.695657148,-0.2448458698,-0.6753603723,-0.5729945185,0.7561564273,0.3160771096,0.4332879115,0.606859092,-0.6663209649
0.352922991,0.9356117962,0.008713739175,-0.4458738886,0.1599863463,0.8806820337,0.8225824201,-0.3146981662,0.4736277297
0.35385631,-0.6831656936,-0.6388038408,0.9214850779,0.1376929198,0.3631885339,-0.1601591807,-0.7171647614,0.6782505009
0.9934322926,-0.04624024658,-0.1046619297,-0.104132579,0.01371872767,-0.9944688042,0.04742031124,0.9988361408,0.008813510947
0.4646531859,-0.8836219159,0.05753022241,0.7578823175,0.3632508384,-0.5419070227,0.4579430201,0.2953999629,0.8384670848
0.9390743537,0.340403257,-0.04759181393,-0.3401328285,0.940274381,0.01391932023,0.04948754532,0.00311626164,0.9987698793
0.6818735118,0.5843953189,0.4399211579,-0.1393914028,0.6942128545,-0.7061434341,-0.7180658401,0.4201792759,0.5548250403
0.4891155199,-0.8554888224,0.170014361,0.1705374884,-0.09736133343,-0.9805293141,0.8553846931,0.5085859274,0.09827197591
0.9972251006,0.05023927159,-0.05493736796,-0.07107607765,0.4230259201,-0.9033256678,-0.02214249293,0.9047237625,0.4254228761
-0.100571129,0.8349932043,0.5409914941,-0.01746493735,-0.5451462118,0.8381590444,0.9947765699,0.0748462188,0.06940907398
0.8837096609,0.4622689294,-0.07324392283,-0.4650140971,0.8849401046,-0.02535548666,0.05309543105,0.05646634516,0.9969916886
0.5973431274,0.7569892762,0.2648554775,-0.7959156648,0.6001162752,0.07986683067,-0.09848574828,-0.2585105258,0.9609749557
-0.2189000234,0.9747294824,0.04455576155,-0.6890272336,-0.186747996,0.7002618491,0.6908865689,0.122587202,0.7124942995
-0.9941839624,0.09866633257,-0.04316484446,0.1065758192,0.8437306227,-0.5260800615,-0.01548688921,-0.5276206887,-0.8493388989
-0.3513540356,-0.9353370692,-0.04116926871,0.1503024386,-0.01294856306,-0.9885552649,0.9240993013,-0.3535207232,0.1451329723
-0.9493536503,-0.2224763507,0.221882672,-0.3058478639,0.8161282259,-0.4902976678,-0.07200507557,-0.5333282219,-0.8428382269
-0.4886900709,0.8174891789,0.3047842796,-0.7975958631,-0.2770313225,-0.5358119871,-0.3535857093,-0.5049406785,0.7874084438
0.5526698576,-0.8310196312,0.06294760512,0.7779236726,0.5415036943,0.3187608959,-0.2989829229,-0.1272011068,0.9457426131
0.9917598345,-0.06584225625,0.1098964423,0.05464756385,0.993288199,0.1019421286,-0.115870939,-0.0950965357,0.9887014587
0.9849782271,0.1523569618,0.08127267824,-0.1556581065,0.9871576026,0.0359224367,-0.0747559089,-0.04803356922,0.9960443415
0.8431018964,-0.1192900368,-0.524355871,0.4666878198,0.6467632901,0.6032410176,0.2671734852,-0.7533041442,0.6009585636
0.8394522203,-0.4832407127,-0.2485928063,0.3458873533,0.8279427996,-0.441443835,0.4191442575,0.2845858996,0.8621652725
0.9962068474,-0.003603032146,0.08694213785,0.007354089194,0.9990539076,-0.04286265278,-0.08670544704,0.04333944844,0.9952908407
0.6634146618,-0.4042063777,-0.6296810231,-0.03565828375,0.8235013375,-0.5661925767,0.7474018152,0.3980738013,0.5319095556
-0.9148174508,0.2234827558,0.3363993007,-0.3653149329,-0.1027412511,-0.9251968629,-0.1722034595,-0.9692779236,0.1756310774
0.5717136635,-0.7610948335,-0.3063954004,0.7826979982,0.3939631627,0.4818473515,-0.2460230288,-0.5152937811,0.8209415256
-0.7052852939,0.01580623196,0.7087473578,-0.6853353261,0.2405461398,-0.687352199,-0.1813508893,-0.9705089993,-0.1588210858
-0.4726280555,-0.3417239575,0.8123099519,-0.8203678748,0.5072970186,-0.2639058258,-0.3218994736,-0.7911222862,-0.5201021603
0.8657850183,0.4995477092,0.02946842881,0.4832724774,-0.819391452,-0.3082942766,-0.129861521,0.2811578465,-0.9508345023
-0.02535992656,0.9714814653,-0.2357554597,0.110908157,-0.2316412745,-0.9664583285,-0.9935070482,-0.05065651576,-0.1018708131
-0.4780967614,0.7593295844,-0.4414091854,0.8782273906,0.4065214002,-0.2519067319,-0.01183795394,-0.5080934298,-0.8612206044
-0.5299847978,0.3573761487,-0.7690243185,0.3289724522,0.9224872743,0.2019761236,0.7815965966,-0.1459435408,-0.6064711395
0.7848961351,0.4123178487,-0.4625278897,0.09641250654,-0.8186373082,-0.5661603891,-0.6120806203,0.3997836281,-0.6822978565
-0.7851319971,-0.4397692451,0.4360857233,0.6013424092,-0.3728514407,0.7066605339,-0.1481723793,0.8170586357,0.5571894936
0.8757621001,-0.1052368372,0.471132627,0.2029096139,0.9657962402,-0.1614475489,-0.4380278903,0.2369869839,0.8671613095
0.7527213941,0.4020639541,-0.521301333,-0.4598422525,0.8877587946,0.02072258244,0.4711216464,0.2241180481,0.8531210318
0.6359407302,-0.2552630346,-0.7282995063,-0.353644398,-0.9351873948,0.01897831259,-0.6859409796,0.2454899585,-0.6849960969
-0.6368850186,-0.1105853648,0.7629864679,0.4871774779,0.7092986696,0.5094639362,-0.5975245419,0.6961797716,-0.3978669973
0.9466193138,-0.22749829,-0.2283777632,-0.03132930402,-0.7700447098,0.6372202285,-0.3208276008,-0.5960500591,-0.7360665579
0.993936052,-0.05798059385,0.0934311262,0.1091255008,0.6245772927,-0.7733012547,-0.01351849389,0.7788077145,0.6271170498
0.7026790529,0.1132526615,0.7024357503,-0.1083060445,0.9927713216,-0.05171947129,-0.703215436,-0.03973584855,0.7098655598
0.9363922769,0.2367126265,-0.2591073836,-0.2699387543,0.9575968096,-0.1007046132,0.2242823504,0.1642421464,0.9605841684
0.9999030588,0.01286538126,-0.005324932186,-0.01295400912,0.9997722789,-0.01695830113,0.005105544577,0.01702563639,0.9998420181
0.5705125818,0.8212569238,-0.007242873227,0.7999406626,-0.5576589967,-0.2216108746,-0.1860385185,0.1206379234,-0.9751082817
0.1805947989,0.6342573557,-0.7517334137,0.9609690226,-0.2766442304,-0.002550945141,-0.2095806674,-0.7219318365,-0.6594621804
0.8428854125,0.5347129587,0.06021821365,-0.5159355076,0.7713169548,0.3726670192,0.1528225552,-0.3451843088,0.9260092114
-0.2528449117,0.6636025487,0.7040604434,-0.372041901,-0.7384401388,0.5623975332,0.893114928,-0.1197406312,0.4335987854
-0.2775162686,0.5169871726,0.8097585961,-0.6799669142,0.4897419499,-0.5457085469,-0.6786970726,-0.7020520535,0.2156228139
0.3519475641,-0.4059966695,0.8433858052,0.9182521387,-0.0249670225,-0.3952083724,0.1815101153,0.9135334433,0.3640202273
0.3660574895,0.5370827352,-0.7599631898,0.3148930174,0.69698243,0.6442498583,0.8756964668,-0.4751395877,0.08601203544
0.9955053425,0.01139048521,-0.09401792305,0.04828633832,0.7929671811,0.6073479062,0.08147111476,-0.6091578667,0.7888530604
-0.1487504416,0.4781350095,-0.8655981855,0.6390289879,-0.6215373995,-0.4531370804,-0.7546623475,-0.6205466733,-0.2130881685
0.2808866302,-0.8600150358,-0.426000985,0.9446398217,0.1693091668,0.2810516204,-0.1695827475,-0.481361137,0.8599611314
0.9909458409,0.1329595152,-0.01865764763,0.04950275413,-0.2326449118,0.9713010977,0.1248031163,-0.9634303879,-0.23712037
-0.2148826628,-0.7839265251,0.5824814541,0.9664079564,-0.0845683744,0.2427011575,-0.1410003654,0.6150669827,0.7757651086
0.2572297303,0.798169248,0.5447556492,-0.9445384724,0.3267623127,-0.03276377748,-0.2041566554,-0.5061148511,0.8379545439
-0.6337369054,0.7025100491,-0.3238165618,-0.5827406271,-0.7088672971,-0.3973921446,-0.5087149459,-0.0631410017,0.8586165137
-0.3755781503,-0.8528893402,-0.362658002,-0.8543335104,0.1669305651,0.4921874028,-0.3592426841,0.4946857182,-0.7913474168
0.4848064849,0.6764865386,0.5543722895,0.0354908961,0.6181043553,-0.7852944685,-0.8739010633,0.4003910202,0.2756518863
-0.4450021508,-0.2873198043,-0.8481865455,0.875037863,0.06194752455,-0.4800742052,0.1904778835,-0.955829396,0.2238489259
0.04812771314,0.998204022,0.03567146891,-0.5645449319,0.05664588679,-0.8234562911,-0.8239980237,0.01949292117,0.5662572587
0.6758158044,0.7191808627,0.1614059643,-0.6298791626,0.6772405914,-0.3802596769,-0.3827861532,0.1553192457,0.9106869346
0.8886942319,-0.1523431799,-0.4324512895,-0.2643701578,0.6003516483,-0.754775674,0.3746077707,0.7850920035,0.4932540564
0.07417073355,-0.6959901529,-0.7142103397,-0.992248971,0.02009747705,-0.1226298127,0.09970296799,0.7177700178,-0.6891048684
0.999912248,-0.01067365509,-0.007846614242,0.01221070643,0.5128808763,0.8583729407,-0.005137598317,-0.8583934295,0.5129662028
-0.4187757687,-0.9077886077,0.02338159916,-0.5008138215,0.2094009688,-0.8398432892,0.7575040407,-0.3634158471,-0.5423251335
0.8047178037,0.5930606586,0.02661412403,-0.5398767078,0.7124353937,0.4482956058,0.2469056433,-0.375119801,0.8934890812
-0.61167625,-0.1740131936,-0.7717328382,-0.7900869798,0.1839215974,0.5847524352,0.04018369765,0.9674152441,-0.2499860315
0.3079972012,-0.7793397795,-0.5456805221,-0.4260374485,-0.6258214841,0.6533295971,-0.8506643383,0.03125664999,-0.5247791967
-0.4672967315,-0.3666042406,-0.8045092265,-0.7252921269,-0.3613855034,0.5859623269,-0.5055542457,0.8573224881,-0.09702090488
0.7717774537,-0.04829266069,-0.6340562915,-0.2226939305,0.9134408923,-0.3406363892,0.5956231822,0.4040959728,0.6942186036
0.9335431756,-0.2207470103,0.2824321098,0.3056732454,0.9017821232,-0.305537018,-0.1872458444,0.3715639377,0.9093290021
0.06185976619,-0.6370761283,0.7683146335,0.6883561265,0.5846492577,0.4293612566,-0.7227303871,0.5023138981,0.4747015224
-0.03292621313,-0.04872242285,-0.9982694977,-0.013818227,-0.9986934097,0.04919888327,-0.9993622572,0.01541424744,0.03220993456
0.6289548855,0.3098165075,0.7130424137,0.6315955636,-0.7384196186,-0.2362699958,0.4533241622,0.5989575933,-0.6601113583
0.03811172162,-0.6752176594,-0.7366332935,0.5644720563,0.6228377364,-0.5417051337,0.8245718855,-0.3951635946,0.4048789191
0.958798698,0.1931170779,-0.2083527078,-0.2734248175,0.8263520489,-0.4923222121,0.07709685996,0.5290066971,0.8451082704
0.5448174728,0.6532574088,-0.5257648516,-0.1051798723,0.6752736787,0.730029214,0.8319321581,-0.3424327915,0.4366104299
0.8979552013,-0.4341959682,-0.07176571387,0.3092652271,0.7385967112,-0.5990241376,0.3130997856,0.5157022002,0.7975084732
0.1084974353,0.9629892665,0.2467386861,-0.7660731937,0.2391725644,-0.5965973067,-0.633529927,-0.1242906156,0.7636698727
0.9350450152,-0.354519468,0.002601209762,0.3544957847,0.9348317696,-0.02054996509,0.004853669168,0.02013726032,0.9997854433
0.9995168677,0.03072403933,-0.004697304437,-0.03089333018,0.9986537936,-0.04166776599,0.003410778814,0.04179275033,0.9991204795
0.1260483359,0.5752511329,-0.8082066265,0.6236901985,-0.679503837,-0.3863742638,-0.7714417368,-0.4553687183,-0.4444288212
0.3917744658,0.1500996861,-0.9077350121,-0.6633813166,0.7297160567,-0.1656493446,0.637524899,0.6670716309,0.3854574457
0.9978287211,0.007800581421,-0.06539873261,-0.005981940244,0.99959119,0.0279583504,0.06559008834,-0.02750643371,0.9974674613
0.886564515,-0.3982470527,0.2353776665,0.4538287298,0.8473848319,-0.2756418522,-0.0896819091,0.3511954324,0.9319972765
0.7679750183,0.2685803058,-0.5814456042,-0.5716593829,-0.1219457717,-0.8113783204,-0.2888250703,0.9555071157,0.0598851456
0.7031802895,-0.6801765191,-0.207116835,0.3000360026,0.5479550732,-0.7808480229,0.6446052106,0.4869344316,0.5893886509
0.2957234274,-0.4993166628,0.814389664,-0.2474314137,-0.8634627814,-0.439556277,0.9226729377,-0.07151849708,-0.3788928009
0.9457935433,-0.2936614968,-0.1386993106,0.2988574417,0.6198131477,0.7256141478,-0.1271172804,-0.7277324971,0.6739781968
-0.1801476341,-0.1748437035,0.9679754694,-0.9517353326,0.27958184,-0.1266248454,-0.2484888059,-0.9440676216,-0.2167709373
0.9661582321,-0.1552388218,-0.2060077152,0.1052284016,0.9663568774,-0.2346942031,0.235510624,0.2050738738,0.9499891854
-0.1218770859,0.6043096187,-0.7873727584,-0.9389203407,0.187025393,0.288877303,0.3218300324,0.7744878224,0.5446044832
0.4610248147,0.6349080243,-0.6199579993,-0.3765285699,0.7725844528,0.5112137511,0.8035436243,-0.002250325985,0.5952416146
-0.1749831218,-0.2992518986,0.9379921152,-0.8876685771,-0.364198456,-0.2817871215,0.4259406112,-0.8819341165,-0.2019079242
0.9502375345,0.1608464911,0.2667902441,0.3089449641,-0.5965766956,-0.7407086171,0.0400204603,0.7862726325,-0.6165822818
0.3399754552,0.9393217769,-0.04573061745,-0.9290606173,0.3430062924,0.1385389935,0.1458185831,-0.004613341693,0.9893005903
0.5924344648,0.5650262336,0.5742532197,-0.2312371462,0.8020796945,-0.5506337675,-0.7717193707,0.1934257456,0.6058347083
-0.5459103722,-0.3804110008,0.7465047461,0.1863093654,0.8135590608,0.5508270827,-0.8168663819,0.4397830432,-0.3732561975
-0.3644994259,0.7189825567,-0.5917805773,-0.9283117351,-0.3306011791,0.170118144,-0.07333137848,0.6113648203,0.7879438847
0.7788739424,0.4626486595,-0.423452004,-0.1935826224,0.8195390664,0.5393342999,0.5965577509,-0.338100483,0.7278783643
0.8618405914,0.1710137238,-0.4774778543,-0.07417996332,0.9738172259,0.2148891425,0.501725152,-0.1497808959,0.8519610056
0.9576873911,0.2865708097,-0.02668392788,-0.2700575841,0.9268023426,0.260971874,0.09951764813,-0.2427232761,0.9649775381
0.5756107569,0.756060752,-0.311519495,-0.2858630074,0.5429729548,0.7895965497,0.7661296219,-0.365448368,0.5286708739
0.2974503229,-0.8499805427,0.4348061435,0.8328092061,0.008300281158,-0.5534979056,0.466853437,0.5267486899,0.7103405423
0.8578456266,-0.4638244978,-0.2212865025,0.3212098671,0.8200512524,-0.4736456108,0.4011547111,0.3352354077,0.8524623858
0.6315847471,-0.1439902846,-0.7618185514,-0.0698810075,-0.9891756302,0.1290279712,-0.77215112,-0.02825545063,-0.6348104264
0.8882876878,-0.3127436094,-0.3363575753,0.1281100779,0.8719962132,-0.4724514917,0.4410587168,0.376582048,0.8146491082
0.8319082763,-0.4456648093,0.3306228934,0.51480695,0.8422322749,-0.1600581124,-0.2071290035,0.3033606318,0.9300913412
-0.7800327126,0.190296546,-0.5961008235,-0.5613870114,0.2079630884,0.8009968647,0.2763939049,0.959447017,-0.05538800271
0.6308566427,0.6604655257,0.4071918291,-0.4977909419,-0.05803485864,0.8653531841,0.5951672659,-0.7486102087,0.2921620801
0.250399296,0.8683643096,0.428069642,0.9421601406,-0.3203135894,0.09865836987,0.2227879308,0.3786061677,-0.8983445373
0.755490085,0.2924646036,0.5862586349,0.4288994936,-0.897215537,-0.1051166241,0.4952574642,0.3308605989,-0.8032753627
0.552787605,-0.2061401552,-0.8074231234,-0.1680891584,0.9214223195,-0.3503240557,0.8161935424,0.329373869,0.4747009119
0.4444827541,0.8700796401,0.2130645471,-0.6528597575,0.4775078194,-0.588013962,-0.6133589637,0.1222607967,0.7802839735
0.4870296272,0.6044867971,0.6303949987,0.4396466398,0.45398553,-0.7749890133,-0.754660834,0.6545936531,-0.04465618579
0.9823731767,-0.0728563441,-0.1721478862,0.07920545337,0.9963978335,0.03029609914,0.1693205179,-0.04339712653,0.9846051247
0.9860165346,-0.1608726254,0.04349013471,0.1512095855,0.9733695454,0.172300288,-0.07005037234,-0.1633148076,0.9840839491
-0.9247493963,-0.3783475113,0.04113046082,-0.2776941933,0.5969056223,-0.7527214711,0.260239292,-0.7075004161,-0.6570530208
0.777888003,0.2263674964,0.5862149874,0.5889226455,0.06283131053,-0.8057433488,-0.2192267605,0.9720133656,-0.08443722215
0.7187879344,0.5702901698,0.3976342888,0.1204604665,0.4611351505,-0.8791152649,-0.6847139413,0.6797966573,0.2627609624
-0.8353886466,-0.4273830158,-0.3456436994,-0.5457647527,0.5702180832,0.613996883,-0.06531955184,0.7015661733,-0.7096042987
0.8863476782,-0.2530271042,-0.3877693618,0.2700419776,-0.3978067853,0.8768278576,-0.3761184969,-0.8818883411,-0.2842671809
0.3010400265,-0.1991607154,-0.9325823888,0.6574024402,-0.6650809469,0.3542447822,-0.6907944225,-0.7197237967,-0.06928724557
0.9929318899,-0.09816078218,0.06671373833,0.06382442821,0.9155291825,0.3971558363,-0.1000635019,-0.3900907289,0.9153231773
0.8961514056,-0.4153182624,0.1562798747,0.2440487825,0.1671448031,-0.9552501278,0.3706114543,0.8941886578,0.2511449665
0.8737367632,0.09893410364,0.4762311538,-0.4562095061,0.5062562503,0.7318316033,-0.1686918945,-0.8566893557,0.487469376
0.1250092729,-0.3854964591,-0.9142019261,0.7249102471,0.6646050229,-0.1811223269,0.6774052077,-0.6400723737,0.362532124
0.5794757613,0.7049450694,0.4089746828,-0.124762887,-0.419169799,0.899294669,0.8053831784,-0.5721443251,-0.1549477564
0.6303039998,0.499938509,-0.5939514753,0.6169293642,0.1418929258,0.7741217974,0.4712908098,-0.8543581713,-0.2189910679
0.6331694743,-0.2473683189,-0.7334202968,0.5395635265,-0.5383117397,0.6473729001,-0.5549483019,-0.8056236005,-0.2073716388
0.6922605025,-0.06277303032,-0.7189123336,-0.4717839928,0.7144669352,-0.5166786841,0.5460725783,0.6968475767,0.4649819287
0.05386959005,-0.02429589509,-0.9982523613,-0.8003233386,-0.5988855239,-0.02861263484,-0.5971437188,0.8004660135,-0.05170628953
0.05374444488,0.7709122131,-0.6346699097,-0.4532632728,-0.5475024435,-0.7034155812,-0.8897549889,0.3254772403,0.3200009778
0.8524439898,0.03816379717,0.5214237901,0.1773770147,0.9170680393,-0.3571044749,-0.4918095556,0.3969001587,0.7749797579
-0.3631419551,0.2776570477,0.8894011942,0.9310223512,0.1454305979,0.334734705,-0.03640469748,0.9496086062,-0.3113168691
0.9544298186,0.1088210541,-0.2778879261,0.1889680205,0.5003359212,0.8449586103,0.2309865981,-0.8589656245,0.4569718234
-0.03166442181,-0.5514070874,0.833635165,-0.1005373576,0.8315803747,0.5462291829,-0.9944292856,-0.06651544542,-0.08176852326
0.5935241536,0.2252743094,0.7726451738,0.07342553484,0.9408665298,-0.3307247554,-0.8014597744,0.2530250157,0.5418861241
0.9993415372,0.02345695173,-0.02768146395,-0.02369931053,0.9996833365,-0.008459872144,0.02747425543,0.009110333243,0.9995809958
0.5881808727,0.03104758165,0.8081332245,-0.5293615296,0.770233501,0.3556918961,-0.6114079096,-0.6370058097,0.4694720081
-0.1049669142,0.9830056228,-0.1506050877,-0.813410595,-0.1719925455,-0.555681355,-0.5721408488,0.0641756169,0.8176407153
-0.540997163,0.2085826044,0.8147486525,-0.7255826799,0.3740996116,-0.5775632045,-0.4252667919,-0.9036275658,-0.05104290347
-0.04966548082,-0.9591348984,-0.2785562541,0.9524663952,-0.1294159036,0.2757884878,-0.3005679725,-0.2516183034,0.9199712622
-0.23172136,-0.5007899141,0.8339752234,-0.4761672898,0.8059728254,0.351671035,-0.8482746745,-0.3156220314,-0.4252208954
0.9160804578,0.2822818571,-0.284804403,-0.400366801,0.6041445644,-0.6889962046,-0.02242809621,0.7452021863,0.6664613133
-0.8342987799,-0.471886995,0.2850757967,0.4509207823,-0.8815765111,-0.1396184195,0.3172002427,0.01206312421,0.9482818606
0.9929116617,-0.006484492747,0.1186776451,0.03234127007,0.9755740632,-0.2172769879,-0.1143699014,0.2195750409,0.9688685809
0.9009950432,-0.2701491319,-0.3394515852,0.2723896602,0.9612689896,-0.04202145492,0.3376563419,-0.05460197934,0.939684425
0.7122211202,0.67801138,0.1817736078,0.627224584,-0.7309560941,0.2688726645,0.3151672527,-0.07748391477,-0.9458677739
0.4815235226,-0.5416708972,-0.6890048885,0.7653078149,0.6429949821,0.02934964088,0.4271288396,-0.5414333681,0.7241621795
-0.645080972,-0.07046382488,0.7608583238,0.5728841416,0.6143175181,0.5426027527,-0.5056424624,0.7859063789,-0.3559169338
-0.04868549887,0.9698037586,0.2389778066,0.3163197062,0.2419167451,-0.9172884671,-0.9474025362,0.03093474295,-0.3185458774
0.3924023963,-0.3516723978,-0.849909927,0.8751599574,0.4270981021,0.2273373268,0.283046654,-0.8330148473,0.4753639194
-0.2842187,-0.9116021901,-0.2969868308,-0.9192449437,0.3471140403,-0.1857433083,0.2724123054,0.2202119209,-0.9366420051
-0.9994174958,-0.01171730844,0.03205267137,0.0236400957,0.4396831281,0.8978417972,-0.02461330808,0.8980765288,-0.4391500125
0.9919907978,-0.1029472349,0.07318554475,0.1186094961,0.9584319617,-0.2594994456,-0.04342861483,0.2661015627,0.9629662059
0.7521759749,0.07882592241,0.6542306755,-0.01790010251,0.994897354,-0.09929169789,-0.6587191277,0.06297403351,0.7497488793
-0.2845237538,-0.5091238979,-0.8123048013,0.4300388123,-0.8250731635,0.3664981512,-0.8568038594,-0.2450451622,0.45369595
0.2622840014,0.9458772954,0.1911105561,-0.851116676,0.32008117,-0.4161111011,-0.4547609333,-0.05351809658,0.8890041096
0.9999773527,0.004775403131,-0.004742316787,-0.004811747766,0.9999589139,-0.007682292328,0.004705435901,0.007704937177,0.9999592456
0.8864489471,-0.4621792584,-0.02446624996,0.191946623,0.3190181385,0.9281077099,-0.4211469555,-0.8274163163,0.3715070408
-0.8418709592,0.1759896001,0.5101773698,-0.4898647738,0.14749365,-0.8592311252,-0.2264636646,-0.9732796535,-0.03795951497
0.821607043,-0.3280080393,0.466232338,-0.04556689451,0.7774674948,0.6272702389,-0.568230169,-0.5366144059,0.6238264618
0.9129610839,0.2540848113,0.3192850887,-0.4061038755,0.6420454789,0.650274746,-0.03977061151,-0.7233384489,0.689347363
0.5170003237,0.5271515428,0.6744048608,-0.5401173897,-0.4103218506,0.7347851279,0.6640661643,-0.744141942,0.07258718572
-0.6457758803,0.3399611309,-0.683666543,-0.4640616733,0.5362836024,0.7050153624,0.6063169764,0.7725453561,-0.1885560842
0.9393454402,-0.3332817602,0.08095314895,0.1982086226,0.720148998,0.6649050779,-0.2798990638,-0.6085299409,0.7425279962
0.9010492841,0.06107987913,-0.4293942663,-0.1586519127,0.9678369082,-0.1952467408,0.4036579717,0.2440511577,0.8817591929
0.6345770842,-0.7636032751,-0.1192558697,0.7025063449,0.5055797612,0.500873178,-0.322175045,-0.401620646,0.8572654764
0.3650490824,0.9281255744,-0.07295262565,-0.8455144922,0.2977162456,-0.4432496819,-0.3896721838,0.2234903919,0.893424666
-0.2152148595,0.9255516725,-0.3115070879,-0.6366012511,-0.3748566453,-0.6739594517,-0.7405547997,0.05325971321,0.6698820729
-0.6657173823,-0.5465514676,-0.5080372626,0.7367083149,-0.5896629716,-0.330996131,-0.1186643407,-0.5946251535,0.7951979006
-0.2522875025,-0.9339282631,-0.2532370736,-0.7953524423,0.05107941996,0.6039912131,-0.5511492617,0.3537921596,-0.7556888243
0.7233610339,-0.2543924882,-0.6418981824,0.07791218639,0.9537894021,-0.2901990139,0.6860601328,0.1599069679,0.709754363
0.9784847683,0.08318415707,0.1888066583,-0.1677261153,0.8536239639,0.4931471166,-0.1201478609,-0.5142047494,0.849210202
0.2872559505,0.1628590213,-0.9439072826,0.550518261,0.778349192,0.3018313761,0.7838454332,-0.6063410546,0.1339285717
-0.05553795521,-0.9975251474,0.04311746496,0.641671705,-0.002573481506,0.7669750975,-0.7649659852,0.07026348587,0.6402265881
0.3678499164,-0.914705905,-0.1673306495,0.5662053774,0.3630700641,-0.7399943237,0.7376299272,0.1774633366,0.6514666949
0.7604808816,0.05714869117,-0.6468406727,-0.2439261848,0.9483102678,-0.2029966806,0.6018046569,0.3121564721,0.7351118907
-0.1081723608,0.9470060484,0.3024537728,0.6368173446,0.2996313696,-0.7104116496,-0.7633887672,0.1157609032,-0.6354817097
0.8273632647,0.4140855448,-0.3794775222,-0.3122637251,0.9007050337,0.3020294823,0.4668633572,-0.1313910338,0.874514152
0.6325936531,-0.6755241264,0.3788039397,0.6325891649,0.7328573857,0.2505014984,-0.4468290708,0.08116160995,0.8909301738
0.9503965937,-0.2880680175,-0.1173163759,0.2848084679,0.9575728391,-0.04402720009,0.1250218034,0.008430603707,0.9921181752
0.4790073252,0.5602388397,-0.6757843035,0.8004459121,0.03724533185,0.5982467109,0.3603308539,-0.82749334,-0.4306001023
-0.12346148,-0.8283529124,-0.5464327181,-0.1086051344,-0.5360589188,0.8371653125,-0.9863884568,0.1627030673,-0.02378075191
0.1366257058,0.3279022497,-0.9347799373,-0.4584615633,0.8574205983,0.2337582352,0.8781494243,0.3966232876,0.2674762724
0.4081751772,0.8151639615,0.4109753528,0.864208863,-0.1999672095,-0.4616883757,-0.2941701309,0.5436182769,-0.7860935715
0.1686473487,-0.9292687958,-0.3286602759,-0.0174734777,0.3305652815,-0.9436213606,0.9855215621,0.1648820786,0.0395114007
0.1829215865,-0.7100566611,0.6799700223,-0.606734925,-0.6257485527,-0.4902157479,0.7735712145,-0.3228905182,-0.5452790931
0.3419841449,0.8677481765,-0.3606382493,-0.4843920282,0.491646155,0.7236355583,0.8052398448,-0.07278159456,0.5884654891
0.6218991034,0.1613236661,0.7663003197,-0.0291970149,-0.9730934409,0.2285534721,0.7825528989,-0.1645108812,-0.6004557689
0.3118243097,0.7351676514,0.6019087342,0.3187973987,0.5158180473,-0.7951729124,-0.8950607904,0.4398411832,-0.07352492832
0.8366329539,-0.2499784301,0.4873972558,-0.4232245435,0.2698808706,0.8648961218,-0.3477445704,-0.9298790783,0.119994223
0.9832873946,0.01854467807,0.1811132093,-0.001951104106,0.9958149707,-0.09137142477,-0.1820496989,0.08949099947,0.9792084906
0.1287347661,-0.507418327,-0.852029343,0.7359819664,0.6247297162,-0.2608511585,0.6646487081,-0.5934976185,0.453875172
0.6162721074,-0.01231659068,-0.7874369761,-0.1470611292,0.9804901086,-0.1304307144,0.7736806279,0.1961821821,0.6024374138
-0.06487097685,-0.1056532988,0.9922848063,-0.5747967297,0.8168042598,0.04939150424,-0.8157208321,-0.5671579865,-0.1137160609
-0.6569752193,-0.375612984,0.6536806923,0.482886468,0.456204655,0.7474610169,-0.5789682377,0.8067169262,-0.1183367261
0.1148447874,-0.7064024464,-0.6984312841,-0.3192722562,0.6395327615,-0.6993304464,0.940678426,0.3033041883,-0.1520876988
0.994359866,0.0742450142,0.07573727444,-0.07239109438,0.9970124061,-0.02694051719,-0.0775112013,0.02130586488,0.9967638004
0.8079474333,-0.4437741465,0.3876666762,0.5628134689,0.7760345345,-0.2846250174,-0.1745335044,0.4481460791,0.8767571771
-0.5420424905,0.6717913198,-0.5048627151,-0.7471556985,-0.660246586,-0.07637282115,-0.3846404824,0.3358137404,0.8598144167
0.7175494781,-0.06286458481,-0.6936647536,-0.6607774142,-0.3763255625,-0.649424576,-0.2202179722,0.9243522678,-0.3115717087
0.1613366108,0.9791775536,-0.1232145139,-0.434784528,-0.04155940606,-0.8995750274,-0.8859643967,0.1987061504,0.4190261968
-0.06282147034,0.9119867716,0.4053807979,0.1780156521,0.4099088325,-0.8945865954,-0.9820203106,0.01596488182,-0.1880989954
0.5168360497,0.2445285159,-0.8204183705,-0.5398644186,0.8368545418,-0.09066909882,0.6643996593,0.4897757454,0.5645288406
0.8809263533,0.4166023569,0.2245244672,-0.3717946675,0.9027601986,-0.2163163168,-0.29280964,0.1070817445,0.9501557844
-0.06972705686,0.3155781785,0.9463342701,0.8472565654,0.5194968886,-0.110811981,-0.526587552,0.7940613301,-0.3035986727
0.5871248245,-5.969860375e-05,0.8094964095,-0.3589739032,0.8962782459,0.2604285751,-0.7255495692,-0.4434921672,0.5262057776
0.1087710159,0.8521105641,-0.5119340316,-0.9906875411,0.1353488216,0.01479501251,0.08189665436,0.5055573984,0.8588973483
0.7687855797,0.5987423924,-0.2246692679,-0.6384832348,0.7384961439,-0.21670857,0.03616478029,0.3100499845,0.9500321656
0.8044524712,0.5928033646,0.03795250143,-0.5851323244,0.8018102878,-0.12132776,-0.1023542104,0.07539518097,0.9918866782
0.9980316083,-0.051498302,0.03578873822,0.05182425761,0.9986222255,-0.008239972481,-0.03531508482,0.01007847778,0.999325407
0.2744662678,0.9159796806,0.2926593455,-0.9109059965,0.3451743658,-0.2260639792,-0.3080885154,-0.2045382161,0.9291101037
0.58894158,-0.3927003983,0.7063527536,-0.5341859656,0.466707707,0.704861171,-0.6064595366,-0.7924457794,0.06508853291
0.8408162957,0.5017635584,0.2031287481,0.5374737343,-0.7291787387,-0.4235803962,-0.06442004256,0.4653296664,-0.8827900994
0.6745270871,0.178229079,-0.7164130122,0.3123248209,0.8104057932,0.4956769681,0.6689293049,-0.5581011072,0.4909752939
0.9534452314,0.2277248264,-0.1976957113,-0.2235315447,0.9737219487,0.04357998611,0.202424898,0.002640097776,0.9792942308
0.998696188,-0.03321334493,0.03876593643,0.03405056408,0.9991965078,-0.02113995831,-0.03803265958,0.02243239778,0.9990246765
0.9953579758,-0.006438922078,-0.09602624823,-0.09356983773,0.1687334823,-0.9812103227,0.02252078007,0.9856406811,0.1673477285
0.9898657986,0.03193794514,-0.1383678735,-0.03320489557,0.999425042,-0.006857143158,0.1380693148,0.01138214228,0.9903571634
-0.7416737611,0.5229812416,-0.4200126821,0.6440907151,0.380463818,-0.6636222073,-0.1872623373,-0.7627174472,-0.6190273926
0.9348119112,-0.2179576571,-0.2803946333,0.3498347984,0.7011331378,0.6213114653,0.06117437771,-0.6789011584,0.7316767816
0.3045775484,0.8051171271,0.5089390226,-0.44109506,0.5928029555,-0.6738099168,-0.8441964612,-0.01926311615,0.5356876583
0.9439458886,-0.2732350854,-0.1852262062,0.3054813879,0.9356966794,0.1765016879,0.1250890923,-0.2231912012,0.9667152666
0.8825038505,-0.3933253336,-0.2578412996,0.3681669881,0.9189074982,-0.1416406673,0.2926431663,0.03006977959,0.9557488088
0.5109757127,-0.6641397424,0.5457309077,0.8396792865,0.249773328,-0.4822364362,0.1839633575,0.7046500459,0.6852924893
0.9616594641,0.2420497162,0.1289302524,-0.08762055766,-0.1743099873,0.9807847196,0.2598724937,-0.9544778485,-0.1464183179
0.9913239242,-0.11569387,0.0623843395,0.07914242095,0.9043154721,0.4194639485,-0.104944531,-0.4108873998,0.9056258555
-0.4982958771,0.8109325125,-0.3067404098,0.7947297868,0.5686337347,0.212273978,0.3465628151,-0.1380004924,-0.9278200684
0.9990978567,-0.03993281783,-0.01445139537,0.03311065517,0.9455682846,-0.3237349281,0.02659242904,0.3229643776,0.9460374482
-0.8105381822,0.5844794026,0.03757237286,-0.1480919719,-0.2665907323,0.9523645044,0.566653883,0.7663636274,0.3026386748
-0.8220845357,0.4073578344,0.3977896566,-0.2028550689,-0.8623615252,0.4638775926,0.5320026665,0.3006529471,0.7915686756
-0.5117071824,-0.6818879005,0.5226706904,0.2065487386,0.4928733664,0.8452298287,-0.833962456,0.5404671459,-0.1113637558
0.3602065678,0.8151575693,-0.4536180836,-0.8581842654,0.4801992435,0.1814619881,0.3657471737,0.3239241019,0.8725263212
0.5813953903,-0.2866052633,0.7614701722,0.7067722275,0.6415360425,-0.2981686177,-0.4030538656,0.7115398296,0.5755507382
0.5147863047,0.7846007754,-0.3455382523,0.6847970161,-0.1338275456,0.716340167,0.5157985142,-0.6053856716,-0.6061848574
0.7936025289,-0.02466738264,0.6079363012,0.6060698929,0.1200921851,-0.786293299,-0.05361260114,0.9924562395,0.1102556198
0.295964783,-0.3627400181,-0.8836427596,-0.7196231322,0.5236547151,-0.4559915426,0.6281300779,0.7708472084,-0.1060527538
0.04273607786,-0.4865841271,-0.8725878265,-0.7686376202,0.5419400085,-0.3398488429,0.6382553067,0.6852276369,-0.3508464751
0.9714877481,-0.1481881845,0.1850724647,0.235054487,0.7040585793,-0.6701126062,-0.03099908605,0.6945083001,0.7188165815
-0.9982161459,-0.04614808655,0.03787981249,0.0009643097065,0.6219189932,0.7830809894,-0.05969586413,0.7817206151,-0.6207650794
-0.9088852684,-0.3871506776,0.1550545769,0.1911665553,-0.7171843348,-0.6701507129,0.3706520162,-0.5794488612,0.725848538
-0.9087928556,-0.125289635,0.3979925289,0.4153483911,-0.1807417766,0.8915257283,-0.0397650563,0.975517769,0.2162956836
-0.07640538755,-0.8896650725,0.4501758274,0.7602091144,-0.3441242279,-0.5510540972,0.6451699924,0.3001242652,0.7026244419
-0.5194717255,0.7994980299,0.3015825371,-0.4482481155,-0.5554471419,0.7003942458,0.7274769779,0.2286512035,0.6469125704
0.8974416288,-0.2933946269,0.3294208793,0.001776608111,0.7491583363,0.6623885799,-0.4411296482,-0.5938698343,0.6728471248
-0.2804384178,0.09910107268,-0.9547425157,-0.6472824367,0.7149480595,0.264338267,0.7087875147,0.6921186673,-0.1363525188
-0.9394696793,-0.08185718167,-0.3327102696,0.3192855405,-0.5614609386,-0.7634254109,-0.1243119677,-0.8234446043,0.5536113424
0.9265879631,-0.2687697819,0.2630542738,0.2608987646,0.9631686049,0.06510048595,-0.2708626613,0.00830920836,0.9625821398
0.05309158061,-0.4706356301,0.8807288957,0.7745609077,-0.5372550729,-0.3337849411,0.6302671531,0.6998993431,0.3360122398
0.7104150319,-0.6795046434,-0.1832591665,-0.1048557212,-0.3596778664,0.9271661718,-0.6959279849,-0.6394570134,-0.3267705124
-0.01578526781,0.3204094856,-0.9471476056,0.2408331873,-0.9181588774,-0.3146166745,-0.9704381491,-0.2330708851,-0.06267185387
0.2485792265,-0.6045762191,0.7567667827,0.9096019184,0.4142352558,0.03214813863,-0.332915482,0.6803651579,0.6528939682
-0.5974102488,0.3488756102,-0.7220711898,0.1506427467,-0.8355594505,-0.5283437968,-0.7876596711,-0.4244127865,0.446616199
-0.3879869774,-0.6066638185,-0.6938480501,0.5054945875,0.4894248601,-0.7105902676,0.77067589,-0.626436204,0.1167748045
-0.07573396622,-0.648636495,-0.757320978,0.7353704034,-0.5492698376,0.3969042899,-0.6734201781,-0.526852297,0.5185864643
0.6997316911,0.70886191,-0.08882765895,-0.6884960818,0.6359391759,-0.3486466836,-0.1906533659,0.3051166287,0.9330354425
