0.871881,-0.246799,0.422982,0.254816,-0.508959,-0.82221,0.418201,0.824652,-0.380863
0.825967,0.0610869,-0.560399,-0.0600732,-0.978912,-0.195249,-0.560509,0.194934,-0.804879
-0.879871,-0.382234,-0.282356,0.261835,-0.885782,0.383188,-0.396573,0.263226,0.879455
0.987448,-0.128229,-0.092212,0.0594119,-0.239392,0.969104,-0.146342,-0.962418,-0.228769
0.312406,0.402488,-0.860469,0.941717,-0.0122325,0.336183,0.124784,-0.915344,-0.382851
-0.632225,-0.734044,-0.247933,-0.311178,0.533628,-0.78639,0.709549,-0.420024,-0.565791
0.288189,-0.906138,0.309615,0.404208,0.408229,0.818514,-0.86808,-0.110738,0.483915
-0.597271,-0.802039,-0.000709105,0.468841,-0.348424,-0.811658,0.650734,-0.485112,0.584132
0.528098,-0.532747,0.661281,0.845099,0.406003,-0.347807,-0.083189,0.742524,0.664633
-0.398212,-0.296643,-0.868003,0.0323426,0.941137,-0.336474,0.916723,-0.162062,-0.365178
0.345786,-0.419604,0.839264,0.510191,-0.666588,-0.543476,0.787488,0.616111,-0.016419
-0.775276,0.61255,0.154042,-0.605886,-0.652322,-0.455388,-0.178463,-0.446384,0.876865
-0.558471,0.555541,0.616022,-0.582289,0.266369,-0.768106,-0.590804,-0.787668,0.174726
-0.865404,0.314841,-0.389808,-0.205959,0.485686,0.849523,0.456789,0.815466,-0.355471
0.869756,-0.312233,-0.382145,0.0761438,0.850023,-0.521213,0.487572,0.42423,0.763088
0.503639,-0.70418,0.500478,-0.404816,-0.70414,-0.583362,0.763198,0.0912025,-0.639695
-0.921226,0.380639,0.0803511,-0.358405,-0.910734,0.205206,0.151288,0.160243,0.975415
0.459788,-0.765115,-0.450771,-0.315541,-0.615245,0.722432,-0.830078,-0.189929,-0.524307
0.35547,-0.855552,-0.376394,-0.501373,0.165326,-0.84929,0.788839,0.49061,-0.370182
0.703821,0.0905306,0.704585,-0.575828,0.65354,0.491232,-0.416003,-0.751459,0.512105
0.112129,-0.974102,-0.196348,0.720011,-0.0565355,0.691656,-0.684844,-0.218928,0.695025
0.664262,0.726991,0.173896,0.636118,-0.671949,0.379261,0.392568,-0.141311,-0.908802
0.00700269,-0.639189,0.769018,-0.974239,-0.177714,-0.13884,0.22541,-0.748235,-0.623967
0.0283372,-0.955439,0.293827,0.778413,-0.163318,-0.606135,0.627112,0.245895,0.739098
-0.967502,0.168697,-0.188365,-0.054642,0.587844,0.807127,0.246889,0.791189,-0.559522
0.211746,-0.388644,-0.896727,-0.23787,-0.910435,0.338416,-0.947935,0.141646,-0.285228
-0.720023,-0.425228,-0.548405,-0.690494,0.51778,0.505097,0.0691716,0.742351,-0.666431
-0.381131,0.642604,-0.66468,-0.592907,-0.721523,-0.357583,-0.709366,0.257807,0.655999
-0.607198,-0.377388,0.699206,-0.585557,0.807361,-0.0727403,-0.53706,-0.453593,-0.71121
-0.831613,0.386077,-0.399205,0.473673,0.868356,-0.146943,0.28992,-0.311293,-0.90501
0.810553,0.487798,0.324126,-0.0418417,0.600249,-0.798718,-0.584169,0.633841,0.506944
0.414714,0.222408,-0.882353,-0.88481,-0.1278,-0.448082,-0.212422,0.966541,0.143789
-0.0806,0.605466,-0.791779,-0.4243,0.697955,0.576912,0.901927,0.382451,0.200644
0.770876,-0.338315,-0.539716,-0.104712,0.768466,-0.631265,0.628319,0.543142,0.556967
0.26596,-0.188487,-0.945377,-0.798789,0.505896,-0.325585,0.539631,0.84175,-0.0160133
-0.847652,-0.37938,-0.370888,-0.314588,0.922311,-0.224449,0.427225,-0.0735778,-0.901147
-0.377166,-0.299387,-0.876421,-0.0585232,-0.936714,0.345169,-0.924295,0.181477,0.335776
-0.956909,0.212921,-0.197456,0.0767489,0.84124,0.535187,0.280061,0.496971,-0.821332
0.629179,-0.535164,0.563679,-0.490196,-0.836011,-0.246563,0.603193,-0.121181,-0.788336
-0.760328,0.649364,0.0150998,-0.0531341,-0.0853491,0.994933,0.647363,0.755673,0.0993967
-0.653818,0.696165,0.29644,-0.539678,-0.15445,-0.827583,-0.530348,-0.70107,0.476687
0.479898,0.476372,-0.736728,0.649406,-0.757503,-0.0667882,-0.58989,-0.446384,-0.672883
0.925169,-0.0878596,0.369246,-0.248956,0.593863,0.76508,-0.286502,-0.799754,0.527551
0.0249968,0.926547,-0.375348,0.799951,-0.243717,-0.548343,-0.599544,-0.286553,-0.747284
-0.59981,-0.797249,-0.0679828,0.0774278,-0.142397,0.986777,-0.796387,0.586615,0.14714
0.612056,0.778927,-0.136602,-0.78847,0.587777,-0.1812,-0.0608504,0.218611,0.973913
0.879016,0.168126,-0.446167,-0.455426,0.0190769,-0.890069,-0.141132,0.985581,0.0933378
0.542527,0.127699,-0.830275,-0.0805686,-0.975912,-0.202744,-0.836166,0.176888,-0.51917
0.527386,0.188309,-0.828495,-0.329787,-0.853302,-0.403876,-0.78301,0.486225,-0.387918
-0.512027,-0.728059,-0.455805,-0.844347,0.524099,0.111348,0.157819,0.441871,-0.883087
0.0919164,-0.952634,-0.289898,-0.488425,-0.296835,0.820567,-0.867752,0.0661694,-0.492574
0.727415,0.0105475,-0.686117,0.507098,0.665366,0.547849,0.462298,-0.746442,0.478649
0.465272,-0.289112,0.836622,0.810157,-0.241685,-0.534073,0.356606,0.926284,0.121777
0.945455,0.185291,0.267921,-0.0211162,0.8556,-0.517206,-0.325066,0.483338,0.812845
0.351103,-0.0849611,0.932474,0.726602,0.652847,-0.214103,-0.590573,0.75271,0.29095
-0.413326,0.90835,-0.0637347,-0.90753,-0.416657,-0.052791,-0.0745083,0.0360212,0.99657
-0.134718,0.958505,0.251237,0.396253,-0.180279,0.900269,0.908204,0.220836,-0.355523
-0.0337776,-0.839275,0.542657,0.692038,0.3721,0.618567,-0.721071,0.396433,0.568241
0.58364,-0.089242,0.807093,0.0269443,-0.991267,-0.129091,0.811565,0.0970892,-0.576139
0.196613,0.954473,-0.224332,-0.541499,-0.0850347,-0.83639,-0.817388,0.28592,0.500127
-0.349165,0.527584,0.774428,-0.278818,0.730518,-0.62338,-0.894619,-0.433587,-0.107972
0.809193,0.538522,-0.234948,0.58629,-0.713996,0.382719,0.0383504,-0.447441,-0.893491
0.820573,-0.25256,-0.512712,-0.517459,-0.709202,-0.47882,-0.242685,0.658214,-0.712641
-0.778605,0.171209,0.603707,0.622543,0.331612,0.708854,-0.078834,0.927751,-0.364779
-0.182405,0.289212,-0.939726,0.9832,0.0470647,-0.176358,-0.00677706,-0.956107,-0.292938
0.633604,0.587473,-0.503409,-0.0781443,0.695957,0.713819,0.769701,-0.41294,0.486869
0.900925,0.0578741,0.430098,-0.433008,0.0537619,0.899785,0.0289514,-0.996875,0.0734953
0.261185,0.141403,-0.954876,0.943942,-0.244298,0.222018,-0.20188,-0.959335,-0.197283
-0.152167,-0.0276282,-0.987969,0.136309,0.98947,-0.0486646,0.97891,-0.142074,-0.146799
0.0316243,-0.999242,0.0226961,0.435861,0.0342218,0.899363,-0.899458,-0.0185494,0.436613
0.71571,0.172447,0.676773,0.0973714,0.934933,-0.341201,-0.691577,0.3101,0.65235
-0.406183,-0.69264,-0.596041,-0.325996,-0.499516,0.802627,-0.853664,0.52032,-0.0229028
-0.754964,0.0229389,0.655365,0.10988,-0.980834,0.160909,0.646495,0.193492,0.737973
-0.386074,0.802059,0.455685,-0.29933,-0.576179,0.760538,0.872553,0.157224,0.462528
-0.117188,0.793796,-0.596787,0.677158,0.503439,0.536663,0.726447,-0.341228,-0.596522
-0.184814,-0.708586,0.680992,0.891548,-0.412434,-0.187189,0.413503,0.572542,0.707962
0.318019,-0.24134,-0.916853,0.178139,0.965045,-0.192236,0.931198,-0.102193,0.349895
-0.965887,0.181903,0.184321,-0.037864,0.60491,-0.795393,-0.256182,-0.775239,-0.577387
0.995161,0.093107,-0.0313887,-0.0093823,0.408047,0.912913,0.0978066,-0.908201,0.406946
0.0230656,0.114332,-0.993175,0.58011,-0.810616,-0.0798436,-0.814212,-0.574309,-0.0850224
-0.0340942,-0.136131,0.990104,0.654158,0.745943,0.125087,-0.755589,0.651949,0.0636186
-0.0644464,-0.738934,0.670688,-0.82968,0.413127,0.375442,-0.554506,-0.532261,-0.639704
-0.0286207,0.806138,0.591035,0.897131,-0.240047,0.370854,0.440836,0.54085,-0.716341
-0.380829,-0.880425,0.282527,0.904261,-0.418427,-0.0850327,0.193082,0.223095,0.955483
0.17978,-0.0570538,-0.982051,0.297992,0.954568,-0.000904928,0.937486,-0.29248,0.188614
-0.23743,-0.911639,-0.335471,0.362362,0.2373,-0.901322,0.901288,-0.335563,0.274001
-0.288551,-0.878657,0.380395,-0.75208,0.453873,0.477886,-0.592549,-0.148193,-0.791786
0.397253,-0.278875,0.874311,-0.904121,-0.282272,0.320762,0.15734,-0.917906,-0.36427
-0.51293,-0.736612,-0.440801,-0.744251,0.637486,-0.199254,0.427777,0.225864,-0.87521
0.15413,0.805781,-0.571805,-0.22547,-0.534767,-0.814363,-0.961981,0.254443,0.0992553
-0.0493001,-0.124953,0.990937,0.736722,0.665363,0.120552,-0.674396,0.735989,0.059253
0.325163,0.195176,-0.925298,-0.623388,-0.691528,-0.364934,-0.711095,0.695482,-0.103189
0.643989,-0.220652,-0.732523,-0.764987,-0.175102,-0.619785,0.00849043,0.959506,-0.28156
0.917997,0.288139,0.272502,0.313628,-0.1069,-0.943509,-0.242732,0.951603,-0.188503
0.994487,0.104057,0.0129629,-0.0919632,0.806079,0.58462,0.0503844,-0.582589,0.811204
0.492245,-0.298474,-0.817685,-0.496102,-0.868073,0.0182143,-0.715247,0.396689,-0.575378
0.855467,0.333299,0.396344,0.468397,-0.82442,-0.317704,0.220864,0.457431,-0.86138
-0.834826,0.522437,-0.173567,0.546719,0.823741,-0.150161,0.0645243,-0.220251,-0.973307
0.133271,0.690889,0.710571,0.0183498,-0.718564,0.695218,0.99091,-0.0796136,-0.108441
-0.362689,0.576854,0.731913,-0.926967,-0.142526,-0.347014,-0.0958595,-0.804317,0.586417
0.0908808,-0.984789,-0.148094,0.562977,-0.0718613,0.823342,-0.82146,-0.158199,0.547883
0.708204,-0.197858,0.677716,-0.619706,-0.634113,0.462456,0.338248,-0.747498,-0.571695
0.0607194,-0.992112,-0.109664,0.199082,0.119696,-0.972645,0.9781,0.0372263,0.20478
-0.825168,0.553494,0.112882,-0.271341,-0.563639,0.780183,0.495451,0.613153,0.615282
0.999068,0.0253099,-0.0349785,-0.0378045,0.121495,-0.991872,-0.0208545,0.992269,0.122339
0.916832,-0.315879,-0.244213,-0.394144,-0.813748,-0.427159,-0.0637969,0.487888,-0.870572
-0.110572,0.68203,0.722916,0.899889,0.377455,-0.218467,-0.42187,0.626388,-0.655488
-0.126173,-0.744053,0.656098,0.261841,0.61295,0.745474,-0.956828,0.265852,0.117486
-0.0404009,0.122674,0.991624,0.935686,0.352792,-0.00552221,-0.350514,0.927625,-0.129038
-0.810312,0.495306,0.313157,-0.273702,0.152631,-0.949627,-0.518153,-0.855205,0.0118874
0.145616,0.591405,0.793118,0.783675,-0.55826,0.272395,0.603862,0.581882,-0.544761
0.526879,-0.843312,0.105935,-0.589397,-0.452321,-0.669341,0.61238,0.290224,-0.735364
-0.0906905,0.34564,0.933974,0.736955,-0.6075,0.29638,0.669831,0.715176,-0.199626
-0.515696,0.437079,0.736899,0.482801,0.858774,-0.171494,-0.707786,0.267337,-0.653889
-0.221724,-0.00430156,-0.9751,-0.758866,0.628727,0.169782,0.612341,0.777614,-0.142668
-0.604179,-0.247662,0.757385,0.723671,-0.568414,0.391415,0.33357,0.784582,0.52265
-0.585049,-0.252221,-0.77078,0.202438,-0.965742,0.16236,-0.785325,-0.0610466,0.616066
-0.781612,0.581438,0.225859,-0.381282,-0.158779,-0.910721,-0.493666,-0.797947,0.345795
-0.060528,-0.636886,0.768578,0.601894,0.590965,0.537107,-0.796279,0.495112,0.347568
-0.594434,0.4809,0.644503,-0.72314,-0.670244,-0.166856,0.351733,-0.565251,0.746174
0.409658,-0.512198,0.754873,0.662813,0.73568,0.139476,-0.626785,0.443202,0.640869
0.235158,-0.953594,-0.188041,-0.881644,-0.290718,0.371734,-0.409151,0.0783694,-0.909095
-0.991649,-0.0845593,-0.0973776,0.0784005,-0.994772,0.0654306,-0.102401,0.0572497,0.993094
-0.689632,0.672988,0.267385,0.630098,0.739633,-0.236473,-0.356911,0.00539922,-0.934123
0.104229,-0.347652,-0.931812,0.0663315,0.937259,-0.342264,0.992339,-0.0261346,0.12075
-0.768683,0.395514,-0.502688,0.46315,-0.197871,-0.863909,-0.441156,-0.896892,-0.0310822
-0.457978,-0.886743,-0.0627972,-0.851741,0.457933,-0.254627,0.254546,-0.0631265,-0.964998
-0.377264,-0.577391,-0.72408,-0.413648,0.804588,-0.426068,0.828594,0.138774,-0.542378
-0.808166,-0.223711,0.544813,-0.485334,0.777011,-0.400879,-0.333645,-0.588393,-0.736529
-0.624799,-0.769569,0.131871,-0.576009,0.340291,-0.743247,0.527105,-0.540339,-0.655892
-0.872477,-0.268539,0.408253,0.0129954,0.822416,0.568738,-0.488482,0.501516,-0.714049
0.848244,-0.481321,-0.220934,0.467802,0.485377,0.738627,-0.24828,-0.72989,0.636881
0.835123,-0.417327,-0.35834,0.231183,-0.324831,0.917082,-0.499123,-0.848719,-0.174795
0.470449,0.0447572,0.881291,0.860051,0.200222,-0.469279,-0.197458,0.978728,0.0557008
0.476763,-0.852587,-0.213994,0.870147,0.423221,0.252443,-0.124663,-0.306562,0.943652
-0.723377,0.250487,-0.643415,-0.357728,0.661079,0.659549,0.590556,0.70727,-0.388603
-0.281923,-0.651975,-0.703881,0.512767,0.517686,-0.684887,0.810919,-0.554012,0.188364
-0.775837,0.605141,0.178556,0.624129,0.777546,0.0767152,-0.0924116,0.17096,-0.980935
-0.370002,-0.874396,0.313896,-0.825546,0.154481,-0.542779,0.426113,-0.459965,-0.779012
-0.22832,-0.476827,0.848826,-0.855012,-0.318786,-0.409061,0.465645,-0.819153,-0.334907
0.821983,0.34752,0.451191,-0.0133458,-0.780271,0.6253,0.569356,-0.520007,-0.636731
0.711102,0.361013,-0.603326,-0.575646,0.791641,-0.204782,0.403689,0.492923,0.770754
-0.435803,0.351898,0.828398,-0.790956,0.289469,-0.53907,-0.429493,-0.890155,0.152184
0.68036,-0.725194,-0.105847,0.294703,0.138481,0.945502,-0.671015,-0.674475,0.307934
0.562742,0.338387,-0.754199,-0.173801,-0.843547,-0.508155,-0.808156,0.41704,-0.415887
-0.64797,0.67681,-0.349375,-0.75412,-0.505669,0.419049,0.106949,0.535002,0.838054
0.646511,-0.505473,-0.57142,-0.696629,-0.0857917,-0.712283,0.311017,0.858567,-0.407593
-0.120303,-0.701138,0.702803,-0.821662,-0.326982,-0.466856,0.557134,-0.633631,-0.536762
-0.0781197,-0.39562,0.915086,-0.648466,-0.677016,-0.348054,0.757225,-0.620592,-0.203658
-0.767897,0.300583,0.565671,-0.498487,0.274191,-0.822393,-0.402299,-0.913493,-0.0607133
-0.0433981,-0.565366,-0.823698,-0.587564,0.681258,-0.436642,0.808013,0.465026,-0.361754
0.21436,-0.879707,0.424459,0.491949,0.472656,0.731152,-0.843822,0.0520824,0.534089
0.74228,-0.192866,0.641734,0.454242,0.848887,-0.270288,-0.49263,0.492132,0.71772
-0.773271,0.57386,-0.269698,-0.325441,0.00585023,0.945544,0.544188,0.818932,0.182234
-0.260301,-0.962129,0.0809341,0.96388,-0.254049,0.0799607,-0.0563714,0.0988247,0.993507
-0.28444,0.0706594,0.956086,-0.567264,-0.816367,-0.10843,0.772856,-0.573195,0.27229
-0.987896,0.018861,-0.153967,-0.0138234,-0.999336,-0.033724,-0.1545,-0.0311874,0.9875
-0.330821,-0.75718,-0.563237,-0.923191,0.383405,0.0268171,0.195643,0.528847,-0.82586
-0.36713,0.65924,-0.656215,0.714336,0.651676,0.255033,0.595768,-0.375128,-0.710169
-0.750691,-0.639349,-0.166419,-0.380002,0.211807,0.900409,-0.540427,0.739169,-0.401956
0.711643,0.675363,0.193516,-0.185496,0.446307,-0.875444,-0.67761,0.587107,0.442889
-0.331845,-0.542628,0.771644,0.544444,0.557839,0.626416,-0.770363,0.62799,0.110315
0.321282,-0.182071,-0.929316,-0.302974,0.91,-0.28303,0.89721,0.372491,0.237204
-0.488329,0.373051,-0.788903,-0.167431,0.847174,0.504245,0.856447,0.378324,-0.351239
-0.437838,0.677893,-0.590558,0.838412,0.0707102,-0.54043,-0.324595,-0.731752,-0.599314
0.309202,0.503093,-0.807027,0.686136,-0.705615,-0.176989,-0.658492,-0.499005,-0.563368
0.307844,-0.273114,-0.911395,0.288248,0.939667,-0.184224,0.906722,-0.205996,0.367996
0.845703,-0.526954,0.0842956,-0.38357,-0.490405,0.782546,-0.371027,-0.694134,-0.61686
0.459047,-0.851164,-0.25455,0.352755,0.437597,-0.827087,0.815377,0.289878,0.50113
-0.110302,-0.982639,0.149177,-0.0739439,-0.141563,-0.987164,0.991144,-0.119917,-0.0570454
-0.744287,0.111966,-0.658408,-0.63902,-0.405969,0.653332,-0.194143,0.907002,0.373706
-0.646267,-0.54079,-0.538409,0.525017,0.196932,-0.827995,0.553801,-0.81778,0.156654
0.981501,-0.10462,0.160347,-0.150577,-0.939068,0.308995,0.11825,-0.327423,-0.937449
-0.794019,-0.385417,0.470093,-0.285968,-0.44558,-0.84834,0.536428,-0.80803,0.243582
-0.987341,0.124489,0.0982836,0.117377,0.990242,-0.07512,-0.106676,-0.0626328,-0.992319
0.0065286,0.226138,0.974073,0.296764,0.929772,-0.217842,-0.954928,0.290493,-0.0610397
0.172914,-0.905809,-0.386797,0.955315,0.0586523,0.289711,-0.239736,-0.419608,0.875475
0.588428,0.656173,0.472429,-0.0667434,0.621717,-0.780393,-0.80579,0.427673,0.409631
0.134175,-0.99029,0.0363608,-0.987409,-0.130502,0.0893994,-0.0837862,-0.0478982,-0.995332
-0.565553,0.487703,-0.665054,0.129193,0.848843,0.512616,0.81453,0.203992,-0.543073
-0.374384,-0.897414,-0.23342,0.607967,-0.427631,0.668961,-0.700152,0.108536,0.705696
-0.592334,0.157162,-0.790216,0.193211,0.97988,0.0500553,0.782183,-0.123029,-0.610781
0.560904,0.801722,0.206465,0.778762,-0.595578,0.197019,0.280921,0.0502778,-0.958413
0.366562,0.76964,0.522768,0.50165,-0.636703,0.585625,0.783568,0.0475787,-0.619481
0.574495,-0.713954,0.400281,-0.125877,-0.560285,-0.818679,0.808771,0.419941,-0.411751
0.461675,-0.815882,-0.348128,-0.157599,-0.461656,0.872947,-0.872937,-0.348153,-0.341717
-0.113709,0.889431,-0.442699,-0.939323,-0.241395,-0.243721,-0.323639,0.388124,0.862912
0.361857,0.884085,0.295726,0.725773,-0.466258,0.505824,0.585075,0.0315944,-0.810363
-0.591161,-0.597308,-0.54199,0.784484,-0.581937,-0.214323,-0.187387,-0.551882,0.812596
-0.808005,-0.514013,0.287956,0.255018,0.13547,0.9574,-0.531125,0.847017,0.0216223
-0.604683,-0.550605,-0.575494,-0.779027,0.258491,0.571226,-0.16576,0.793736,-0.585241
-0.630125,-0.518961,0.577601,-0.038628,-0.721986,-0.690828,0.775533,-0.45762,0.434895
-0.698593,0.707142,0.109167,-0.212928,-0.0597985,-0.975236,-0.683102,-0.704538,0.192345
0.133697,0.77381,-0.619147,-0.00994645,-0.623677,-0.781619,-0.990972,0.110658,-0.0756871
0.0429342,0.640454,0.766796,-0.38838,0.717837,-0.577816,-0.920498,-0.273,0.279559
-0.196467,-0.800887,0.565668,-0.27919,0.598725,0.750721,-0.939922,-0.0104369,-0.341229
-0.55604,-0.289648,0.779053,-0.0515192,-0.923499,-0.380124,0.829557,-0.2515,0.49858
-0.760166,-0.637218,0.126888,0.0122909,-0.209363,-0.977761,0.649612,-0.741701,0.166982
0.370673,-0.893189,0.254586,-0.893449,-0.41779,-0.164926,0.253674,-0.166326,-0.952883
-0.609024,-0.288276,0.738909,0.614982,-0.759955,0.210394,0.500886,0.582551,0.640115
-0.166209,0.272498,0.947692,-0.16557,0.939703,-0.299239,-0.972091,-0.206645,-0.111069
0.0978161,-0.140126,0.98529,0.687152,0.72567,0.034985,-0.719898,0.673623,0.16727
0.308975,0.800247,0.513944,-0.561847,0.589594,-0.580265,-0.767374,-0.109471,0.631786
-0.972419,0.0926137,-0.214063,0.22167,0.652434,-0.724701,0.072545,-0.752165,-0.65497
-0.0205963,0.84244,-0.538397,0.522019,0.468339,0.71285,0.852685,-0.266371,-0.449416
-0.73676,0.652742,-0.176386,0.58761,0.489051,-0.644627,-0.334513,-0.578582,-0.743871
0.797476,0.597206,-0.085891,0.305694,-0.522666,-0.795847,-0.520177,0.608412,-0.599376
-0.87125,0.172286,0.45961,-0.414526,0.243181,-0.876944,-0.262854,-0.954558,-0.140454
0.605627,-0.65009,0.45891,0.347473,-0.30277,-0.887464,0.715876,0.696931,0.0425233
0.470731,-0.136383,0.871672,0.80759,-0.33122,-0.487947,0.355263,0.933645,-0.0457742
0.0480302,-0.0194534,-0.998656,0.284729,0.958595,-0.00497902,0.957404,-0.284108,0.0515804
-0.490157,-0.507812,0.70843,-0.450129,-0.548525,-0.704631,0.746412,-0.664264,0.0402828
0.239174,-0.275791,-0.930986,0.317306,0.928372,-0.193499,0.917667,-0.249128,0.309552
0.749294,0.555235,-0.360933,-0.650053,0.720736,-0.240772,0.126452,0.415034,0.900975
0.7264,-0.593382,0.346757,-0.131103,0.37564,0.917446,-0.674652,-0.711893,0.195071
-0.577084,-0.731694,0.362763,0.780172,-0.362582,0.509771,-0.241465,0.577198,0.780088
-0.847973,-0.510653,0.142042,-0.445119,0.540572,-0.713899,0.287771,-0.668592,-0.685692
0.206617,0.84355,-0.495715,0.270967,-0.536164,-0.799441,-0.940152,0.0308557,-0.339354
0.201775,0.15999,0.966276,0.73563,0.62659,-0.257359,-0.646634,0.76275,0.00873689
-0.667025,0.736621,0.111652,-0.0538617,-0.197147,0.978893,0.743086,0.646933,0.171178
0.215622,-0.95124,-0.220566,-0.85589,-0.075375,-0.511636,0.470063,0.2991,-0.830409
-0.237551,0.930084,-0.280203,0.641871,-0.066213,-0.763948,-0.729089,-0.361331,-0.581265
0.163788,-0.709957,0.684934,0.338129,0.692654,0.637102,-0.926738,0.127247,0.353505
0.508243,0.858011,-0.0742034,0.698582,-0.461123,-0.547128,-0.503658,0.226237,-0.833754
0.0732073,0.945724,0.316617,-0.835047,-0.115452,0.537929,0.545287,-0.30377,0.781272
-0.314756,-0.857159,-0.407686,0.371816,-0.506536,0.777929,-0.873316,0.0932734,0.478141
0.13934,-0.956376,-0.256765,0.949338,0.0552587,0.309361,-0.281677,-0.286863,0.915624
-0.932924,-0.168776,0.31807,0.206017,0.474281,0.855929,-0.295315,0.864044,-0.407697
0.591725,0.216798,-0.776441,-0.447399,-0.712893,-0.540016,-0.670594,0.66692,-0.324842
0.117293,0.784183,-0.609344,0.993023,-0.0850893,0.0816432,0.0121746,-0.614668,-0.788692
-0.400051,0.546817,0.735494,-0.23257,0.715671,-0.658579,-0.886493,-0.434519,-0.159132
0.764302,0.640772,0.0724814,-0.242163,0.389372,-0.888677,-0.597661,0.661665,0.452769
0.225686,-0.673787,0.703617,0.0728724,0.731903,0.677501,-0.971471,-0.101628,0.214281
0.0929938,0.949041,0.301119,-0.772409,0.259601,-0.579648,-0.628281,-0.178683,0.757189
0.552236,0.258741,-0.792521,-0.809666,0.393005,-0.435876,0.198686,0.882383,0.426525
0.142088,0.98629,-0.0839228,0.213951,-0.11338,-0.970242,-0.966455,0.119904,-0.227128
0.945753,0.0599769,0.319302,0.061627,-0.998087,0.0049428,0.318988,0.015003,-0.94764
-0.817622,-0.0775528,0.570508,0.409247,-0.775265,0.481124,0.404983,0.626857,0.665612
-0.750561,0.0858719,0.655198,-0.386293,0.747436,-0.540478,-0.536131,-0.65876,-0.527825
0.636854,-0.634175,0.438451,0.149268,0.65935,0.736869,-0.756397,-0.403831,0.514572
0.43637,-0.805001,0.401939,0.828001,0.184445,-0.529523,0.352131,0.563874,0.747027
0.201375,-0.770543,-0.604741,-0.914272,-0.369415,0.166252,-0.351504,0.519418,-0.778877
-0.516894,-0.846576,0.127001,0.829411,-0.531989,-0.170485,0.211892,0.0172131,0.977141
-0.138792,-0.73129,-0.667796,-0.839067,0.445014,-0.312937,0.526026,0.516893,-0.675365
0.624088,0.730092,0.278351,-0.308437,-0.0971168,0.946274,0.7179,-0.676412,0.164578
-0.724538,0.0808771,0.684473,-0.319252,-0.919513,-0.22929,0.610838,-0.384649,0.692042
0.594725,0.402606,0.695852,-0.368683,0.905765,-0.208955,-0.714405,-0.132278,0.687115
0.442749,0.139233,0.88577,-0.307838,0.951429,0.0043182,-0.842146,-0.274585,0.464105
0.204873,0.978753,0.00838672,-0.667925,0.146063,-0.729754,-0.715474,0.143905,0.683658
0.793056,-0.382051,0.474447,-0.216454,0.551294,0.805744,-0.569394,-0.741696,0.35451
0.052689,0.658265,-0.75094,-0.966281,0.223401,0.128032,0.25204,0.718873,0.64784
-0.786811,0.0247732,-0.616697,-0.569257,0.356965,0.740623,0.238487,0.933789,-0.266762
0.132491,0.0381094,-0.990451,-0.988931,-0.0622532,-0.134683,-0.0667914,0.997333,0.0294396
0.0414448,0.912991,0.405869,-0.976946,-0.0481153,0.207994,0.209425,-0.405132,0.889949
0.849086,0.528243,0.00351013,-0.251482,0.410052,-0.876707,-0.464553,0.743517,0.481013
-0.980328,0.0574901,-0.188818,0.116744,-0.602466,-0.78956,-0.159148,-0.796071,0.583903
-0.463363,-0.868708,-0.175047,0.546656,-0.435675,0.715091,-0.697469,0.235656,0.67676
0.501457,-0.774409,0.385787,0.757209,0.17712,-0.628699,0.418539,0.607387,0.675208
-0.248186,-0.812218,-0.527927,-0.898915,0.396216,-0.186987,0.361047,0.428154,-0.82845
0.0735172,0.845848,0.528334,-0.993049,0.0132628,0.116949,0.0919136,-0.533259,0.840944
-0.892904,-0.447549,0.0492054,-0.0909864,0.0723276,-0.993222,0.440957,-0.891329,-0.105303
-0.883943,0.159975,-0.439378,0.333397,0.874475,-0.352336,0.32786,-0.457932,-0.826321
-0.794467,0.220111,-0.566016,-0.58089,-0.0035229,0.813974,0.17717,0.975469,0.130659
-0.168149,-0.548861,0.818827,0.206255,0.792679,0.573689,-0.963942,0.265353,-0.0200832
0.694886,-0.630349,-0.346111,0.122293,0.577872,-0.806913,0.708645,0.518386,0.478642
0.92282,0.367391,-0.115879,0.319923,-0.898445,-0.300743,-0.214601,0.240459,-0.946639
-0.771163,0.363213,0.522861,-0.630457,-0.321533,-0.706499,-0.0884926,-0.874467,0.476944
-0.938547,-0.178832,0.29521,0.314794,-0.794268,0.519657,0.141544,0.580653,0.801753
-0.25287,-0.967419,0.0125635,-0.299682,0.0659729,-0.951755,0.919917,-0.244436,-0.306601
0.303747,0.223741,-0.926109,0.653189,-0.756541,0.0314598,-0.6936,-0.61448,-0.375942
-0.359993,-0.123939,-0.924686,0.9308,0.0196134,-0.365002,0.0633742,-0.992096,0.108302
-0.0504729,0.988568,0.142079,-0.90426,0.0151595,-0.426714,-0.423989,-0.150013,0.893157
0.699305,0.563245,-0.440145,-0.473735,-0.095926,-0.875427,-0.535301,0.820703,0.199747
-0.172302,0.142071,0.974745,0.737,-0.637954,0.22326,0.653562,0.756855,0.00521422
0.444483,0.509779,-0.736586,-0.538536,0.809159,0.235033,0.715831,0.29221,0.634192
0.542174,0.698065,0.46771,0.516556,-0.715915,0.469719,0.662735,-0.0130713,-0.74874
0.310883,-0.330448,0.891154,-0.784378,-0.618706,0.0442117,0.536753,-0.712746,-0.451541
0.136035,0.80018,0.584128,0.932112,-0.303136,0.198181,0.335651,0.517513,-0.787095
-0.207872,-0.976783,-0.0518014,-0.295613,0.012252,0.955229,-0.932417,0.213879,-0.291297
-0.646644,0.572134,-0.504494,-0.761056,-0.439324,0.477272,0.051427,0.692573,0.719512
0.0969184,-0.586901,-0.803837,-0.760621,0.477217,-0.440136,0.641921,0.654072,-0.400158
-0.772077,-0.396668,-0.49654,-0.442958,-0.224381,0.86801,-0.455726,0.890117,-0.00246772
-0.61827,-0.186708,0.763467,0.282715,-0.959188,-0.00562369,0.733358,0.212366,0.645822
0.612404,-0.429792,0.663507,0.0926264,0.872532,0.479697,-0.7851,-0.23231,0.574152
-0.752667,0.616069,-0.232276,0.382534,0.122052,-0.915845,-0.535874,-0.778179,-0.327531
-0.346082,0.613295,-0.709998,0.914259,0.0505755,-0.40196,-0.210611,-0.788233,-0.578214
0.28344,-0.632385,-0.720938,-0.630276,-0.689442,0.356962,-0.722782,0.353212,-0.593993
0.24868,-0.668951,-0.700474,-0.967584,-0.204448,-0.148261,-0.0440314,0.714637,-0.698109
0.738008,0.673355,-0.0440266,-0.549503,0.561832,-0.618378,-0.391652,0.48056,0.784647
-0.42154,-0.391484,-0.817951,0.629292,0.523166,-0.574708,0.652913,-0.756992,0.0258228
0.752395,-0.582286,0.30797,0.456686,0.798041,0.393152,-0.474699,-0.15516,0.866364
-0.762815,-0.0975489,0.639217,0.645169,-0.18095,0.742303,0.0432552,0.978643,0.200967
0.862583,0.308792,0.400747,-0.442684,0.0772262,0.893346,0.24491,-0.947989,0.203311
0.372509,0.621822,-0.688894,-0.35882,-0.588081,-0.724851,-0.855854,0.517202,0.00405644
-0.661189,0.175839,-0.729322,0.14961,-0.921713,-0.357858,-0.73515,-0.345726,0.583119
0.847337,0.465208,-0.256127,0.109732,-0.625266,-0.772659,-0.519595,0.626597,-0.580859
0.872492,-0.416543,-0.255442,0.0650135,0.617086,-0.784205,0.484285,0.667605,0.565483
0.602258,0.192332,-0.774786,0.691346,-0.610938,0.38574,-0.399156,-0.767961,-0.50091
-0.238795,0.163717,0.95717,0.744816,-0.601577,0.288712,0.623078,0.781858,0.0217147
-0.219378,-0.951652,-0.215015,0.799212,-0.301691,0.51985,-0.559584,-0.0577987,0.826756
0.438587,0.883234,-0.165949,-0.550725,0.118227,-0.826271,-0.710171,0.453784,0.538272
-0.337972,0.834337,0.435497,-0.428682,0.275469,-0.860435,-0.837858,-0.477493,0.264564
0.298719,-0.302208,-0.905228,0.448655,-0.792711,0.412697,-0.842304,-0.529415,-0.101211
0.949745,0.268398,0.161081,-0.294449,0.591386,0.750708,0.106228,-0.760411,0.640695
-0.980759,0.00687606,0.195102,0.170913,0.513204,0.841077,-0.0943437,0.858239,-0.504504
0.491882,-0.513534,0.70309,0.580657,-0.408236,-0.704401,0.64876,0.754736,0.097383
-0.847152,-0.419887,-0.325621,0.130734,-0.758688,0.638201,-0.515017,0.498084,0.697617
-0.443757,-0.12334,-0.887619,0.714768,0.54873,-0.433591,0.540543,-0.826851,-0.155343
-0.762983,0.43947,-0.474049,0.534985,0.0176714,-0.844677,-0.362833,-0.898084,-0.248593
0.0363084,0.940076,0.339027,0.932582,0.0900412,-0.349548,-0.359128,0.328862,-0.873428
0.174482,-0.450263,-0.875682,-0.841667,0.393353,-0.36996,0.511031,0.801584,-0.310338
-0.712935,0.550888,-0.433873,-0.370472,0.22943,0.900062,0.595377,0.802424,0.0405197
0.494634,0.662449,-0.562582,0.828543,-0.554865,0.0751107,-0.2624,-0.503276,-0.823322
0.0765237,0.753922,0.652492,-0.989255,-0.0243527,0.144157,0.124573,-0.656512,0.743958
-0.311745,0.50273,0.806274,-0.0957605,-0.860864,0.499742,0.945328,0.0785829,0.316512
0.190167,0.852939,-0.486139,-0.552547,0.502289,0.66513,0.811497,0.142129,0.566808
0.17948,-0.547715,-0.817187,0.114344,-0.813431,0.570312,-0.977094,-0.1958,-0.0833664
0.083633,-0.951466,-0.296173,0.789883,0.244497,-0.56241,0.607528,-0.186906,0.771995
-0.104251,0.951793,-0.288483,0.612157,-0.167198,-0.772857,-0.783834,-0.257168,-0.565216
0.838716,-0.467597,0.27912,-0.388089,-0.153668,0.908721,-0.382023,-0.870482,-0.310353
0.898325,-0.362167,0.24869,0.404898,0.462824,-0.788576,0.170496,0.809092,0.562407
-0.655533,0.277247,-0.702432,0.686887,-0.167597,-0.707176,-0.313788,-0.946068,-0.0805724
0.933134,0.339957,0.117007,-0.304016,0.919829,-0.247971,-0.191926,0.195818,0.961676
0.87897,-0.237442,-0.413561,0.176602,0.967643,-0.180219,0.442971,0.0853717,0.892462
0.588632,0.409578,-0.696963,-0.536207,0.843014,0.0425433,0.604975,0.348674,0.715844
-0.52562,0.691357,0.495731,0.286289,-0.404983,0.868347,0.801101,0.598343,0.0149389
-0.099881,-0.979678,-0.173938,-0.80972,-0.0215633,0.586421,-0.578254,0.199413,-0.791111
0.467996,-0.0679591,-0.881113,-0.876252,-0.165115,-0.452679,-0.114721,0.98393,-0.136823
-0.380786,0.460429,-0.801877,-0.922945,-0.136411,0.359952,0.0563479,0.877153,0.476894
0.0487238,0.513356,0.856791,-0.0583566,0.857808,-0.510647,-0.997106,-0.0251188,0.0717534
0.197677,-0.877228,-0.437487,0.596474,-0.246525,0.763835,-0.777909,-0.411943,0.474512
-0.0360935,0.851001,-0.523922,0.901765,0.253691,0.349944,0.430717,-0.459824,-0.77656
0.335322,-0.337177,0.879699,-0.323223,-0.918259,-0.228751,0.884921,-0.207633,-0.416896
-0.528903,-0.301961,-0.793146,-0.0930743,-0.908287,0.407863,-0.843563,0.289541,0.452291
0.375568,0.382831,0.844032,0.601559,-0.793486,0.0922292,0.705035,0.473097,-0.528303
0.654525,0.5824,0.482086,0.7166,-0.681159,-0.150026,0.241002,0.443658,-0.863183
0.383598,0.637547,0.668122,-0.862151,-0.0120622,0.506508,0.330982,-0.770317,0.545034
0.40588,0.88514,0.22757,0.639968,-0.097497,-0.762191,-0.652459,0.454995,-0.606034
-0.519067,-0.521765,-0.677002,0.841308,-0.17205,-0.512445,0.150898,-0.83556,0.52827
0.84959,-0.463383,0.251941,0.193152,0.717817,0.668903,-0.490805,-0.51963,0.699353
-0.342133,-0.175571,-0.923103,-0.777989,-0.49799,0.383065,-0.526951,0.849224,0.0337864
0.811598,-0.285635,0.509628,-0.0961114,-0.925723,-0.365787,0.576256,0.247891,-0.778768
0.404032,-0.697558,0.591753,-0.600536,-0.690245,-0.403631,0.69001,-0.192289,-0.69779
-0.251767,0.543281,0.800912,-0.906977,0.156276,-0.391115,-0.337648,-0.824878,0.453398
-0.412965,-0.0738624,0.907747,0.229702,-0.972931,0.0253327,0.881304,0.218972,0.418753
-0.219478,0.965026,0.143369,-0.480054,-0.234753,0.845245,0.84934,0.116688,0.514787
-0.19898,0.447016,0.872114,-0.851041,0.362447,-0.37995,-0.485939,-0.817807,0.308309
-0.690197,0.261975,-0.674535,-0.190349,-0.965066,-0.180042,-0.698137,0.00413311,0.715953
0.238946,0.954139,-0.180341,0.445549,-0.272747,-0.852699,-0.862781,0.123398,-0.490288
-0.373302,0.886095,0.274739,0.883303,0.248961,0.397233,0.283587,0.390965,-0.875628
-0.391933,-0.122929,0.911744,0.872794,-0.363038,0.326241,0.290894,0.923629,0.249579
0.748224,0.639613,0.176227,-0.414854,0.243769,0.876626,0.517743,-0.729021,0.44774
0.981268,0.1655,-0.0986038,-0.0320776,0.645057,0.763461,0.189958,-0.745997,0.638282
0.504368,-0.610682,0.610476,0.703189,0.700793,0.120063,-0.501137,0.368724,0.782882
0.574693,0.576591,0.58075,-0.800456,0.54371,0.252291,-0.170291,-0.609855,0.774001
-0.785331,-0.00848399,0.619019,-0.5581,-0.42303,-0.713842,0.26792,-0.906076,0.327483
-0.507882,-0.442652,-0.738996,0.855286,-0.156873,-0.493839,0.102671,-0.882865,0.458267
-0.395119,-0.543499,-0.740601,-0.591728,0.767248,-0.247361,0.702665,0.340497,-0.624758
0.126344,0.916999,-0.378351,0.114054,0.36545,0.923817,0.985408,-0.159871,-0.0584151
0.940211,-0.0700772,-0.333306,0.277507,-0.409756,0.868959,-0.197468,-0.909499,-0.36581
0.122313,0.52057,-0.845013,0.953713,0.174022,0.245253,0.274722,-0.835897,-0.475189
0.746605,-0.563815,0.35312,-0.650288,-0.730506,0.208535,0.140381,-0.385323,-0.912041
-0.710363,0.232898,-0.664186,0.202136,-0.836405,-0.509477,-0.674185,-0.49617,0.547074
-0.140791,-0.488487,0.861138,0.846114,-0.511006,-0.151537,0.514071,0.707286,0.485261
-0.168433,-0.687603,-0.706281,0.632211,0.474375,-0.612599,0.756267,-0.5497,0.35481
0.470069,-0.470613,-0.746698,0.492134,0.84203,-0.220883,0.732693,-0.263645,0.627417
0.368029,0.917145,-0.152971,0.479067,-0.328036,-0.814179,-0.7969,0.226358,-0.5601
-0.998566,-0.0024184,0.0534752,0.0511502,-0.337653,0.93988,0.0157831,0.941268,0.337292
-0.602093,-0.132927,0.787283,-0.780931,0.303329,-0.546021,-0.166225,-0.943569,-0.286439
0.962996,-0.216087,-0.161078,-0.136909,-0.907003,0.398249,-0.232154,-0.361459,-0.903024
-0.809142,0.223018,-0.543647,0.451779,-0.355494,-0.818242,-0.375746,-0.907682,0.186891
-0.545104,0.433728,-0.717455,-0.576527,0.427377,0.696395,0.60867,0.793239,0.0170909
0.0501632,0.909008,-0.413749,-0.876605,0.238588,0.417899,0.478589,0.341731,0.808809
-0.824308,0.305653,-0.476542,-0.259875,-0.9521,-0.161152,-0.502973,-0.00899718,0.864255
0.427749,-0.75951,0.490077,-0.144399,-0.592637,-0.79242,0.892289,0.26819,-0.363172
0.985326,0.157295,0.0662675,-0.140951,0.530898,0.835632,0.0962593,-0.83271,0.545278
-0.481829,-0.7587,0.438423,-0.860886,0.50319,-0.0753378,-0.163451,-0.413732,-0.895605
0.629585,0.0377052,0.776016,0.0657066,0.992659,-0.101539,-0.774148,0.114917,0.622485
-0.512449,0.841299,0.172083,-0.757234,-0.348218,-0.552577,-0.40496,-0.413475,0.815504
0.622323,-0.506949,0.59642,-0.296836,0.552192,0.779084,-0.724294,-0.661881,0.193161
0.843151,-0.494649,0.210756,0.376217,0.822788,0.426006,-0.384131,-0.279897,0.87983
-0.351076,0.0631401,0.934216,-0.923147,-0.190276,-0.334056,0.156667,-0.979698,0.125089
-0.348947,-0.857768,-0.377453,-0.51831,0.512208,-0.684834,0.780763,-0.043333,-0.623322
0.354021,-0.622369,-0.698087,0.0121555,0.749427,-0.661976,0.935158,0.225868,0.272878
0.920282,0.0817695,0.382616,0.233866,0.669029,-0.705483,-0.313668,0.738724,0.596573
0.0506939,-0.772738,-0.632697,0.1978,-0.613194,0.764767,-0.978931,-0.163917,0.121763
0.0684652,-0.486794,0.870829,0.241147,0.855069,0.459026,-0.968071,0.17857,0.175931
-0.059447,-0.487304,-0.871207,0.534072,0.721809,-0.440182,0.843347,-0.491454,0.217346
0.69807,0.315623,-0.642713,0.00860809,0.893843,0.448297,0.715978,-0.318476,0.621248
0.243888,0.703785,0.667237,-0.22166,0.710253,-0.668137,-0.944132,0.0150505,0.329223
-0.849224,-0.435675,-0.298337,-0.277091,-0.11326,0.954145,-0.449487,0.89295,-0.024539
-0.715793,0.103514,0.690597,0.662,-0.214166,0.718254,0.222252,0.971297,0.0847721
0.75042,0.188186,-0.633605,-0.0688794,0.975658,0.2082,0.657362,-0.112595,0.745115
0.809347,0.0935625,0.579831,0.526694,-0.552491,-0.646025,0.259908,0.828251,-0.496435
-0.335855,0.736736,-0.586874,-0.0651965,0.603388,0.794778,0.939654,0.305193,-0.154619
0.811093,-0.331617,-0.481828,-0.405014,-0.912738,-0.0535952,-0.42201,0.238618,-0.874625
0.53347,-0.821071,0.203106,0.845818,0.518277,-0.126415,-0.00146953,0.239229,0.970962
-0.0320547,0.999319,-0.0182878,0.177318,0.0236928,0.983868,0.983631,0.0282949,-0.177957
-0.254647,-0.966331,0.0368819,-0.953886,0.244734,-0.173801,0.158923,-0.0794389,-0.98409
0.601345,0.566084,-0.563855,0.797396,-0.46975,0.378806,-0.0504345,-0.677409,-0.733875
0.2507,0.693341,-0.675595,-0.758072,0.574633,0.308421,0.60206,0.434829,0.669662
-0.238459,-0.352859,-0.904781,0.92596,-0.363506,-0.102276,-0.292804,-0.86218,0.413415
0.0299824,-0.534325,0.844747,-0.925729,0.30391,0.225088,-0.376997,-0.788756,-0.485528
-0.64202,0.319158,-0.6971,-0.459,0.568285,0.682914,0.614109,0.758413,-0.218357
-0.454461,-0.820375,0.347058,-0.826962,0.533371,0.177903,-0.331057,-0.206154,-0.920816
0.0215619,-0.155759,0.98756,0.406716,-0.900991,-0.150986,0.9133,0.404912,0.0439226
-0.812465,-0.433556,-0.389782,-0.22077,-0.389989,0.893962,-0.539593,0.812366,0.221137
-0.0588024,0.48098,0.874758,0.669249,-0.631194,0.392046,0.740708,0.608484,-0.284779
0.79321,0.55709,0.245904,-0.286999,-0.0141501,0.957826,0.537075,-0.830332,0.14866
-0.096235,-0.684886,-0.722267,-0.920772,0.336858,-0.19674,0.378046,0.64611,-0.663041
0.958028,-0.185129,0.218882,-0.0959069,0.512546,0.853287,-0.270156,-0.838465,0.473279
-0.595753,0.489084,-0.637083,0.12647,0.840443,0.526936,0.793148,0.233352,-0.562551
0.654264,0.0768932,0.752347,-0.0351751,-0.990647,0.131838,0.755447,-0.112721,-0.64544
0.253827,0.943833,0.211547,-0.550789,0.320826,-0.77052,-0.795112,0.0790614,0.601287
0.461715,-0.832151,-0.307154,0.545212,-0.00690421,0.83827,-0.699688,-0.554506,0.450511
0.288805,-0.664019,-0.689689,0.831096,-0.183725,0.524905,-0.47526,-0.724793,0.498803
-0.45251,0.13606,-0.881318,-0.72987,0.511328,0.453689,0.512371,0.848547,-0.132075
0.332067,-0.0244969,-0.942938,0.506108,-0.838954,0.200028,-0.795981,-0.543651,-0.26619
0.804627,-0.0168059,0.593542,-0.327873,-0.845966,0.420524,0.495049,-0.532971,-0.686198
-0.448162,-0.877005,-0.173243,0.283854,0.0441597,-0.95785,0.84769,-0.478448,0.229151
-0.966752,0.105624,0.232882,0.248321,0.170356,0.95358,0.0610477,0.979705,-0.190921
0.975719,0.14858,0.160925,0.176642,-0.968216,-0.177073,0.129501,0.2012,-0.970952
-0.888937,-0.448724,0.0918591,0.423579,-0.881681,-0.20789,0.174276,-0.145892,0.973829
0.529537,-0.308186,-0.790324,-0.545215,-0.8374,-0.0387649,-0.64987,0.451424,-0.611461
-0.761339,-0.607488,0.226543,0.390546,-0.708606,-0.587666,0.51753,-0.358937,0.776741
-0.171254,-0.388402,0.905437,0.330145,0.843257,0.424172,-0.928265,0.371566,-0.0161818
0.118596,0.976181,0.181674,0.883499,-0.0202393,-0.467995,-0.453171,0.216011,-0.864856
0.135699,-0.403048,0.905062,0.703695,-0.603843,-0.374415,0.697423,0.687695,0.201682
-0.170551,0.951188,-0.257204,0.0398178,-0.254163,-0.966342,-0.984544,-0.175052,0.00547344
0.192494,0.702915,0.684731,-0.629303,0.623828,-0.463483,-0.752944,-0.341685,0.562429
-0.173082,-0.388201,0.905175,-0.0504459,-0.914346,-0.40178,0.983615,-0.115203,0.138674
0.683822,0.715582,0.142584,-0.384935,0.187794,0.903636,0.61985,-0.672812,0.40387
0.628946,0.754175,-0.188806,-0.528475,0.592848,0.607655,0.570212,-0.282403,0.771432
0.849094,0.406818,0.336954,-0.181425,-0.374488,0.90931,0.496109,-0.833221,-0.244168
0.964387,-0.117551,-0.236937,0.250062,0.113354,0.961572,-0.0861761,-0.986576,0.138712
0.820399,-0.170646,-0.545733,-0.534477,0.110269,-0.837959,0.203172,0.979143,-0.000742292
-0.849482,-0.501458,-0.164076,0.0662358,-0.409869,0.909736,-0.523444,0.761937,0.381391
-0.530241,-0.105363,-0.841275,-0.106966,-0.976007,0.189655,-0.841072,0.190551,0.506249
0.971139,-0.221785,-0.0877528,-0.168986,-0.899428,0.403079,-0.168324,-0.376616,-0.910948
0.100748,-0.749934,0.653796,-0.918866,-0.322111,-0.227881,0.381491,-0.577792,-0.721541
0.475945,0.347354,0.807974,0.619513,-0.784499,-0.0276682,0.624244,0.513719,-0.588569
0.948896,0.260283,-0.178463,-0.295182,0.932047,-0.210133,0.111642,0.252073,0.961247
-0.607051,0.788581,-0.0981304,-0.346592,-0.151616,0.925682,0.715097,0.595947,0.365354
-0.390536,-0.37682,0.839933,-0.631706,-0.553991,-0.542256,0.669648,-0.742362,-0.0216865
-0.0376394,0.867109,-0.496694,0.67343,0.389236,0.62848,0.738292,-0.310833,-0.598588
-0.290709,-0.419364,0.860013,-0.345929,-0.791964,-0.503116,0.892088,-0.443764,0.0851608
-0.464923,0.122325,0.87686,0.0853404,0.991989,-0.0931373,-0.881229,0.0315299,-0.471638
-0.296958,0.52711,0.796223,-0.917707,-0.387964,-0.0854292,0.263875,-0.756068,0.598942
-0.233016,-0.63437,-0.737074,-0.211224,-0.706828,0.675113,-0.949257,0.313,0.0307083
-0.94178,-0.287233,-0.174781,-0.124812,-0.184029,0.974964,-0.312206,0.940016,0.137464
-0.632153,0.010259,-0.774776,-0.756851,-0.222408,0.614582,-0.166011,0.9749,0.14836
0.350109,0.819793,0.453171,-0.863593,0.469876,-0.18282,-0.362809,-0.327349,0.872475
0.191521,0.962493,0.192165,-0.303457,0.244265,-0.921004,-0.933399,0.118077,0.338857
-0.996749,-0.0636698,-0.0493651,0.0752954,-0.518226,-0.851923,0.0286595,-0.852871,0.521335
0.695092,0.581281,-0.423036,0.452798,0.103081,0.885635,0.558409,-0.807148,-0.191552
0.731028,-0.473871,-0.490962,0.397434,-0.289175,0.870876,-0.554657,-0.83176,-0.0230626
-0.585883,0.59441,0.550833,-0.395706,0.383337,-0.834548,-0.707218,-0.706915,0.010621
0.786371,-0.337115,-0.517662,-0.454578,0.251647,-0.85442,0.418306,0.907209,0.0446433
0.394958,0.914822,-0.0843174,0.639628,-0.339703,-0.689549,-0.659457,0.218412,-0.719314
-0.284645,-0.958517,0.014898,0.69141,-0.216039,-0.689405,0.664025,-0.185935,0.724223
0.757019,0.061371,-0.650505,-0.639561,-0.134168,-0.756942,-0.133731,0.989056,-0.062317
-0.665651,-0.632717,-0.3957,-0.241384,-0.319188,0.916435,-0.706146,0.705541,0.0597404
-0.380776,-0.321981,0.866797,0.72769,-0.682717,0.0660648,0.570506,0.655915,0.494265
-0.986356,-0.0508447,0.156576,-0.0472686,0.998531,0.0264813,-0.157693,0.0187189,-0.987311
0.330215,0.342843,-0.879441,-0.943607,0.143345,-0.298427,0.0237499,0.928391,0.370844
0.709847,-0.169677,0.683613,0.515937,-0.535469,-0.668642,0.479507,0.827335,-0.292558
0.197381,0.817107,-0.541643,-0.152278,-0.520251,-0.840327,-0.968428,0.248345,0.0217398
0.150855,-0.935652,0.319058,0.689592,0.330856,0.644202,-0.708312,0.122839,0.69513
