-0.735919,0.556238,-0.386034,0.676873,0.618162,-0.399648,0.0163326,-0.555405,-0.83142
-0.425008,0.877153,0.223541,0.519733,0.43866,-0.733113,-0.741111,-0.195397,-0.64232
-0.150372,0.455328,0.877534,0.509185,0.796512,-0.326035,-0.847419,0.397801,-0.351619
-0.281368,-0.807553,-0.518353,-0.628479,-0.253121,0.735489,-0.725152,0.532717,-0.43631
-0.676776,0.453545,0.579889,-0.464859,-0.874069,0.141103,0.570859,-0.174071,0.802383
0.390154,0.490994,-0.778912,-0.746311,-0.326818,-0.579837,-0.539259,0.807536,0.238925
-0.5994,-0.372577,-0.708453,-0.622731,0.773136,0.120279,0.502917,0.513272,-0.695433
-0.162243,0.882718,0.441006,-0.898317,0.0527979,-0.436165,-0.408295,-0.466928,0.784394
0.884918,-0.124219,-0.448875,0.0566155,-0.92794,0.368404,-0.462292,-0.351421,-0.814119
0.551107,-0.488516,-0.676486,0.374379,0.869292,-0.322757,0.745736,-0.0753887,0.661963
-0.938661,-0.227233,-0.259386,0.0542684,0.645476,-0.76185,0.340545,-0.729195,-0.593552
0.127058,-0.378011,-0.917041,-0.188521,-0.916885,0.351826,-0.973815,0.12818,-0.18776
-0.40726,-0.16567,0.898161,-0.883792,-0.176521,-0.433304,0.230329,-0.970255,-0.0745281
-0.772055,0.0565565,0.633034,0.00715574,0.996743,-0.0803237,-0.635515,-0.0574845,-0.769946
0.891909,0.165044,0.421021,0.319101,-0.889392,-0.327347,0.320427,0.426312,-0.845923
-0.08894,-0.752501,-0.652558,0.0114045,0.654342,-0.756113,0.995972,-0.0746908,-0.0496153
-0.379266,0.925026,-0.0220229,0.921135,0.379709,0.0856257,0.0875683,0.0121889,-0.996084
-0.264809,-0.728669,0.631599,-0.849678,0.486036,0.204491,-0.455986,-0.482505,-0.747841
0.34289,0.936756,-0.0701046,-0.422071,0.220306,0.879387,0.839215,-0.271944,0.470919
0.924318,-0.185545,-0.33348,-0.369778,-0.651477,-0.662452,-0.0943395,0.73563,-0.670782
-0.375962,0.87888,0.293636,-0.0514155,0.29661,-0.953614,-0.925208,-0.37362,-0.0663261
0.143415,0.97674,0.159411,0.958136,-0.0967006,-0.269489,-0.247805,0.191386,-0.949718
-0.927529,-0.312568,-0.204918,-0.153192,0.81804,-0.554385,0.340914,-0.482817,-0.806638
0.571619,0.815773,0.0881221,0.597856,-0.487648,0.636214,0.561979,-0.310988,-0.766464
-0.55934,-0.0806304,-0.825008,-0.285715,0.953023,0.100568,0.778142,0.291969,-0.556101
0.79951,0.352888,0.48606,0.357324,0.371023,-0.857124,-0.482808,0.85896,0.170541
0.114188,0.531397,-0.839392,0.620841,-0.697782,-0.35729,-0.775575,-0.480331,-0.409591
-0.519301,0.668033,0.532972,0.736405,0.033347,0.675719,0.433629,0.743384,-0.50926
-0.797023,0.590385,0.127278,-0.602815,-0.764752,-0.227525,-0.0369909,-0.258068,0.965418
0.527753,-0.207219,-0.823733,0.312543,-0.854372,0.415168,-0.789806,-0.476559,-0.386133
-0.855238,0.360308,0.372487,0.335338,-0.163242,0.927847,0.395117,0.918439,0.018786
0.98347,0.181051,-0.00259174,-0.0655318,0.342553,-0.93721,-0.168795,0.921888,0.348755
0.97312,0.0432344,0.226206,-0.00754331,0.987677,-0.156322,-0.230177,0.150414,0.961454
0.426858,-0.556174,-0.713065,0.270726,0.830941,-0.486051,0.862844,0.0144296,0.505265
-0.416207,-0.806155,0.420578,-0.279942,0.553685,0.784261,-0.865104,0.208677,-0.456124
-0.873988,0.113607,-0.472482,0.481752,0.0750559,-0.873088,-0.0637265,-0.990687,-0.120328
0.958319,-0.179294,-0.222439,0.00249775,0.783798,-0.621011,0.285691,0.594571,0.751576
-0.468486,-0.865025,-0.179592,0.490297,-0.0854625,-0.867355,0.734936,-0.494397,0.464157
-0.795879,0.403353,-0.451535,-0.229543,-0.891117,-0.391434,-0.560256,-0.207888,0.801808
-0.98437,0.0882712,0.152395,-0.147113,0.0635691,-0.987075,-0.0968179,-0.994066,-0.0495897
0.408632,0.905302,0.115963,0.435867,-0.0819339,-0.896274,-0.801898,0.416791,-0.428072
-0.35129,-0.884626,-0.306646,-0.0417498,-0.312394,0.949035,-0.935335,0.346189,0.0728079
0.946032,0.050616,0.320097,0.291891,0.296042,-0.909483,-0.140797,0.953833,0.265291
0.854367,-0.51157,0.0913944,-0.506278,-0.779707,0.368429,-0.117217,-0.361045,-0.925152
0.067104,0.728498,-0.681753,-0.99644,0.0838786,-0.00844844,0.0510298,0.679893,0.731534
-0.444776,-0.539255,-0.715107,-0.452316,0.824373,-0.340324,0.773036,0.172087,-0.610574
-0.157044,0.294424,0.942683,0.446538,-0.830215,0.333687,0.880875,0.473348,-0.00109154
-0.611298,-0.790417,0.0394518,0.466334,-0.319484,0.824901,-0.639412,0.522658,0.563898
0.337283,-0.893663,0.295984,-0.725016,-0.046032,0.687192,-0.600494,-0.446371,-0.663446
0.602477,-0.529939,0.596813,-0.60684,0.181556,0.773811,-0.518428,-0.828373,-0.212205
-0.847688,-0.443054,0.291767,-0.130281,-0.359283,-0.92409,0.514249,-0.821352,0.246839
-0.441919,-0.195992,0.875383,-0.843105,0.424058,-0.33068,-0.306403,-0.884173,-0.352641
0.359747,-0.384241,-0.850259,0.634437,-0.567452,0.524869,-0.684157,-0.728256,0.039638
-0.258542,0.609087,0.749779,0.293848,0.788975,-0.539603,-0.920222,0.0808109,-0.382963
0.854347,0.0649584,-0.515627,-0.413409,0.686183,-0.598537,0.314934,0.724523,0.613093
0.667946,-0.293729,0.683792,-0.723215,-0.472893,0.503321,0.175521,-0.83072,-0.528296
0.119897,-0.830325,0.544228,-0.801674,0.242383,0.546415,-0.585614,-0.501807,-0.636589
-0.995803,0.0573423,-0.071326,-0.0843473,-0.877468,0.47216,-0.0355116,0.476194,0.878623
-0.416022,-0.852897,-0.315426,0.59801,0.00471368,-0.801475,0.685062,-0.522059,0.50808
-0.96344,-0.0209948,0.267101,0.265077,-0.219667,0.938872,0.0389618,0.975349,0.217201
0.625465,0.780032,0.0185239,-0.492763,0.37649,0.7845,0.604961,-0.499805,0.619852
-0.728908,-0.0930715,0.678256,0.129132,-0.991624,0.00270321,0.672323,0.089555,0.734821
0.512193,0.836418,0.195099,-0.023957,-0.213156,0.976724,0.858536,-0.504946,-0.0891391
-0.148997,-0.931932,0.330611,0.0626501,-0.342568,-0.937402,0.986851,-0.118957,0.109427
-0.695491,0.639323,-0.327961,-0.711281,-0.54788,0.440349,0.101842,0.539531,0.835784
-0.630554,-0.176233,0.755872,0.443093,-0.881319,0.164151,0.637236,0.438428,0.633807
-0.108268,0.387987,-0.915284,-0.840351,-0.52761,-0.124248,-0.531119,0.755707,0.383169
-0.0445029,-0.168909,-0.984627,-0.826848,0.559366,-0.0585852,0.560662,0.811529,-0.164555
0.381887,0.904135,-0.191578,-0.492916,0.023905,-0.869748,-0.781791,0.426577,0.454792
-0.958469,0.284465,0.0204172,-0.0317972,-0.0354442,-0.998866,-0.283418,-0.958031,0.0430174
0.624737,0.318217,-0.713051,0.778604,-0.32286,0.538086,-0.0589879,-0.891347,-0.449468
-0.219415,0.591938,-0.775543,0.480747,0.757306,0.442007,0.848964,-0.275857,-0.450737
0.769526,-0.536592,0.346264,-0.633023,-0.712523,0.302641,0.0843262,-0.452084,-0.887981
0.132359,-0.965882,-0.222607,-0.477943,-0.258942,0.839357,-0.868362,-0.0047033,-0.495909
0.605022,0.728074,0.322268,-0.760231,0.407953,0.505592,0.236639,-0.550892,0.800325
0.127594,0.984413,0.12104,-0.742064,0.0137777,0.670188,0.658074,-0.175331,0.732255
0.350213,0.22864,0.908336,-0.103083,-0.954452,0.279992,0.930981,-0.191691,-0.310692
-0.237873,-0.934488,-0.264857,0.720697,0.0129974,-0.693129,0.651163,-0.355758,0.670391
-0.741463,-0.426816,-0.517746,-0.648969,0.652234,0.391701,0.170507,0.626433,-0.760598
-0.201835,-0.806281,-0.556034,-0.439605,-0.432741,0.787072,-0.87522,0.403294,-0.267103
0.925661,0.356608,-0.126418,-0.378324,0.868304,-0.320808,-0.00463329,0.344787,0.93867
0.075286,-0.982603,0.169774,0.0918798,0.176368,0.980027,-0.99292,-0.0581835,0.103559
-0.305077,-0.579945,0.755375,-0.514128,-0.56737,-0.643245,0.801624,-0.584599,-0.125074
0.358407,0.732689,0.578542,0.652831,-0.639697,0.405709,0.66735,0.232281,-0.707594
0.285085,0.958497,0.00322199,-0.932451,0.278114,-0.230624,-0.221949,0.0627432,0.973038
-0.206294,0.491472,-0.846107,-0.951967,-0.300773,0.0573965,-0.226278,0.817307,0.529913
-0.651878,-0.00846592,-0.758276,-0.556359,-0.674124,0.48582,-0.515285,0.73857,0.434737
0.682209,-0.702089,-0.204112,-0.730174,-0.639736,-0.239965,0.0378991,0.312743,-0.949081
-0.239531,0.320554,-0.916444,-0.935022,0.178029,0.306658,0.261454,0.93035,0.257082
-0.0318288,-0.47291,-0.880535,-0.901076,0.394787,-0.179458,0.432492,0.787717,-0.438694
-0.31632,-0.481588,0.817321,0.688306,0.476377,0.547083,-0.652822,0.735621,0.180792
0.701632,-0.103124,-0.705038,0.592911,-0.464276,0.657955,-0.395183,-0.879666,-0.264607
-0.508749,0.364973,-0.779724,-0.594949,0.505579,0.62484,0.622262,0.781783,-0.0400725
0.763835,-0.314332,-0.563695,0.391634,-0.468485,0.791925,-0.51301,-0.825661,-0.234742
-0.364605,-0.180142,0.913571,0.912517,-0.264476,0.312034,0.185407,0.947418,0.260811
0.610875,-0.664257,0.430807,-0.408503,-0.730555,-0.547188,0.678201,0.158278,-0.717629
0.898932,-0.366044,0.240692,0.376018,0.36277,-0.852648,0.224791,0.856977,0.463745
-0.86135,0.250094,-0.442187,0.071938,0.921702,0.38117,0.502893,0.296511,-0.811899
0.64615,0.485986,0.588479,-0.655068,-0.042512,0.754373,0.391632,-0.872932,0.290885
-0.794652,-0.593154,0.129212,-0.531203,0.576385,-0.620969,0.293855,-0.562092,-0.773112
0.678197,-0.686957,0.261034,-0.725947,-0.681479,0.0926668,0.114231,-0.252343,-0.960872
-0.0249129,-0.80237,-0.596306,0.328951,-0.569854,0.753033,-0.944018,-0.177395,0.278137
0.663832,0.324015,0.674048,-0.139723,-0.831677,0.537392,0.734714,-0.450918,-0.506822
0.460765,-0.711559,-0.530452,0.887357,0.357804,0.290817,-0.0171354,-0.604699,0.79627
-0.676923,0.401355,-0.617001,-0.194787,-0.90605,-0.375675,-0.709812,-0.134119,0.691505
0.383346,-0.92334,0.0221168,0.906293,0.371439,-0.201659,0.177984,0.0973494,0.979206
-0.876146,-0.355672,0.325372,-0.0112041,0.689823,0.723892,-0.481916,0.630589,-0.60837
0.808859,-0.11964,0.575702,0.483442,0.692636,-0.535294,-0.334709,0.711296,0.618084
0.0537739,-0.449227,-0.891798,0.649164,0.694337,-0.310616,0.758746,-0.56222,0.328959
0.36709,0.765431,-0.528546,-0.910947,0.180855,-0.370766,-0.188205,0.617582,0.763657
0.647713,0.588195,-0.484247,-0.265703,0.770077,0.579985,0.714052,-0.246998,0.655074
0.0780252,-0.203167,-0.97603,-0.58651,0.782317,-0.209731,0.806175,0.588816,-0.058119
-0.828175,-0.231917,-0.510235,-0.551443,0.174449,0.815768,-0.10018,0.956965,-0.272363
0.452377,0.85986,-0.236633,-0.853077,0.339848,-0.395932,-0.260027,0.380977,0.887267
0.570049,0.336057,-0.74974,-0.361919,-0.716514,-0.596341,-0.737603,0.611289,-0.286823
-0.478108,-0.178882,0.859892,-0.632113,-0.609652,-0.478286,0.609791,-0.772221,0.178406
0.0267236,0.559464,0.828424,0.296473,-0.79587,0.527915,0.954667,0.231498,-0.187134
0.170985,0.0854261,-0.981563,-0.965804,-0.18254,-0.184126,-0.194903,0.97948,0.0512934
-0.919845,0.316619,0.231599,-0.368381,-0.900121,-0.232546,0.134838,-0.299223,0.944608
-0.49433,-0.0923828,-0.864351,0.645745,0.626635,-0.436282,0.581938,-0.773818,-0.250109
-0.187111,-0.974217,0.126056,-0.956979,0.209743,0.200498,-0.221768,-0.0831175,-0.97155
0.950002,0.278334,-0.141516,-0.124647,-0.0774927,-0.98917,-0.286286,0.957353,-0.0389248
-0.8345,0.387423,-0.391807,0.550856,0.603265,-0.57674,0.0129208,-0.697119,-0.716839
-0.387033,0.765276,-0.514352,-0.1846,0.482223,0.856378,0.903398,0.426396,-0.045366
-0.0913889,0.865456,0.492579,-0.819322,-0.346498,0.456783,0.566004,-0.361836,0.740753
0.823468,-0.397862,0.404483,0.369894,0.91705,0.148989,-0.430208,0.0269285,0.902328
-0.399148,0.601532,0.691983,-0.82443,-0.565731,0.0162361,0.401243,-0.564011,0.721731
0.941611,-0.335138,0.032425,-0.0844031,-0.328168,-0.940841,0.325953,0.883169,-0.337293
-0.586298,0.744811,-0.318609,0.268068,-0.192764,-0.943918,-0.764457,-0.638826,-0.0866431
-0.728765,0.250032,0.637483,-0.396505,-0.913088,-0.0951528,0.558287,-0.322109,0.764566
0.557549,0.54624,-0.625108,-0.0298398,0.765713,0.64249,0.829607,-0.339567,0.443222
0.938081,0.316218,0.14146,-0.311598,0.948662,-0.0542874,-0.151364,0.00684738,0.988454
0.0827253,0.388535,0.917713,0.679646,-0.69549,0.233186,0.728861,0.604429,-0.321601
-0.988773,0.148508,0.0165458,0.145819,0.983148,-0.11026,-0.0326415,-0.10661,-0.993765
0.742162,-0.320119,-0.588829,0.20841,0.945232,-0.251199,0.636994,0.0637123,0.768231
0.570128,0.324399,0.754798,-0.485281,0.87431,-0.00921141,-0.662915,-0.361037,0.655893
0.493205,0.76241,0.418904,-0.440299,0.634092,-0.63566,-0.750257,0.129068,0.648425
-0.463336,0.880761,-0.0978781,0.744309,0.446722,0.496431,0.480962,0.157163,-0.86254
0.628812,-0.70156,0.335275,-0.419813,0.0566202,0.905843,-0.654486,-0.710357,-0.258921
-0.387601,0.652186,0.651474,0.559547,-0.39518,0.728519,0.73258,0.646905,-0.211757
-0.995884,0.0034503,-0.0905757,0.0282705,0.961252,-0.274218,0.08612,-0.27565,-0.957393
0.720323,-0.693638,-0.00119286,-0.582714,-0.606063,0.541417,-0.37627,-0.3893,-0.840753
0.977861,0.123394,-0.169,0.177028,-0.918447,0.353718,-0.111571,-0.375805,-0.919958
-0.962285,-0.272042,0.000308286,-0.126882,0.449817,0.884062,-0.240641,0.85068,-0.46737
-0.958844,-0.0755765,-0.273692,0.280601,-0.399513,-0.872727,-0.0433858,-0.913607,0.404277
-0.440224,-0.878063,-0.18764,0.294978,-0.338811,0.893418,-0.848051,0.337955,0.408162
0.486997,-0.643381,0.590672,0.872686,0.331047,-0.358924,0.0353847,0.690267,0.722689
0.86604,-0.290614,-0.406838,-0.323711,0.294212,-0.89925,0.381031,0.910485,0.160725
0.0822746,-0.700666,0.70873,-0.39706,0.629218,0.668153,-0.914098,-0.33638,-0.226438
-0.318091,0.641277,0.69827,0.842944,-0.145778,0.517875,0.433894,0.753334,-0.49419
0.664395,0.68273,0.30407,-0.291477,-0.137934,0.946581,0.688201,-0.717533,0.107358
0.417086,-0.409333,-0.811471,-0.899779,-0.0600223,-0.432198,0.128207,0.910409,-0.393344
0.870724,0.42037,0.255205,-0.418658,0.905901,-0.0637845,-0.258003,-0.0513049,0.964781
0.460194,0.0714452,0.884939,-0.204854,0.978405,0.0275387,-0.863861,-0.193956,0.464892
-0.593328,0.733566,0.331425,0.794955,0.598697,0.0980169,-0.126521,0.321624,-0.938377
0.938912,0.230503,0.255563,-0.335334,0.445657,0.830025,0.0774302,-0.865019,0.495728
-0.377766,0.571419,-0.728541,-0.730453,-0.667449,-0.144745,-0.568974,0.477485,0.669534
0.619456,0.35391,0.70073,0.346865,-0.924147,0.160116,0.704244,0.143874,-0.695227
-0.584958,0.733185,-0.34679,0.765507,0.640371,0.0626334,0.267996,-0.228833,-0.935849
-0.859441,-0.127792,-0.495005,0.211472,-0.970399,-0.116642,-0.465447,-0.204927,0.861025
-0.0240807,0.972483,0.231725,-0.467632,-0.215827,0.857169,0.883595,-0.0877206,0.459962
0.758804,-0.470679,0.450198,-0.170995,-0.810926,-0.559607,0.628472,0.34765,-0.695817
-0.0386947,-0.705866,-0.707288,-0.891508,-0.295325,0.343505,-0.451348,0.643845,-0.617858
0.320516,-0.576292,0.75177,-0.720092,-0.663859,-0.20189,0.615416,-0.476634,-0.62776
-0.550655,-0.825911,0.121039,-0.556629,0.471372,0.684085,-0.622047,0.309321,-0.71929
-0.436408,-0.893953,0.101963,0.769921,-0.429672,-0.471809,0.465585,-0.127397,0.875785
0.211454,-0.756495,-0.618872,-0.39067,0.514991,-0.762995,0.895915,0.403113,-0.186643
0.732993,-0.266704,-0.625772,-0.668079,-0.1091,-0.736049,0.128035,0.957584,-0.258148
0.736842,-0.367251,0.567619,0.3096,0.92968,0.199606,-0.601009,0.0286568,0.798728
-0.270658,-0.48139,0.833672,-0.0796016,0.87422,0.47896,-0.959379,0.0632729,-0.274934
0.441457,0.771435,0.458261,0.81785,-0.135854,-0.559165,-0.369103,0.621636,-0.690892
0.600601,-0.08112,0.795423,-0.674397,-0.585799,0.449475,0.429497,-0.806387,-0.406538
0.613663,0.408854,0.675468,-0.558092,0.829766,0.00477732,-0.558527,-0.379905,0.737374
0.729931,-0.4337,0.528304,0.609875,0.762241,-0.216887,-0.308631,0.480512,0.820887
-0.454435,-0.676491,0.579525,0.670202,0.168903,0.722704,-0.586786,0.716821,0.37663
-0.826884,-0.509969,-0.237053,0.325316,-0.777595,0.538067,-0.458729,0.367802,0.808882
-0.700108,-0.712596,-0.0453478,-0.310635,0.361145,-0.87925,0.642927,-0.601483,-0.474197
-0.228454,0.846309,-0.481217,-0.395628,0.370931,0.840172,0.889543,0.382324,0.250083
0.719175,-0.682061,0.132586,0.194099,0.0139875,-0.980882,0.667167,0.731161,0.142447
0.684183,-0.583497,0.43752,-0.349772,0.263889,0.8989,-0.639963,-0.768045,-0.023543
-0.820419,-0.161479,-0.548486,0.571489,-0.201896,-0.795386,0.0177016,-0.966003,0.257923
-0.530209,-0.265493,-0.805228,-0.639733,-0.498004,0.585435,-0.556435,0.825534,0.0942015
0.0280198,0.0955613,0.995029,-0.778533,0.626438,-0.038239,-0.626978,-0.773591,0.0919503
-0.462279,0.425347,-0.77806,-0.770436,0.241744,0.589905,0.439006,0.872146,0.21595
0.125272,0.644228,-0.754505,-0.0401566,-0.75658,-0.652667,-0.991309,0.112059,-0.0689083
-0.85409,-0.44875,-0.262972,-0.177993,0.727237,-0.662906,0.488722,-0.519374,-0.701
0.60587,-0.645693,0.46476,0.158996,-0.474129,-0.86598,0.779514,0.598567,-0.184598
0.544234,0.681482,-0.489278,0.693637,-0.693573,-0.194484,-0.471888,-0.233536,-0.850166
0.318118,0.494461,0.808894,0.887604,0.144449,-0.437372,-0.333107,0.857113,-0.392933
-0.81211,-0.315792,-0.490665,-0.545326,0.709925,0.445674,0.207595,0.629509,-0.748747
0.0862883,0.0946719,-0.991762,0.925831,0.360041,0.114921,0.367954,-0.928121,-0.056583
-0.857406,-0.227742,-0.461507,-0.364091,0.90221,0.231204,0.363721,0.366266,-0.856479
-0.329588,0.813381,0.479356,0.940733,0.239928,0.239699,0.0799554,0.529948,-0.844252
0.413328,0.717121,0.561157,-0.127207,0.655693,-0.744235,-0.901653,0.23623,0.362239
-0.937155,0.337176,-0.0897356,0.335834,0.801926,-0.494095,-0.0946356,-0.493179,-0.864765
0.0488224,0.610637,0.790404,0.455702,0.690566,-0.561653,-0.888792,0.38761,-0.244554
0.375445,-0.816937,0.437784,-0.0820024,0.441208,0.893651,-0.92321,-0.371416,0.0986582
-0.984337,0.159134,0.0758799,-0.142059,-0.970828,0.193164,0.104405,0.179359,0.978228
0.816874,0.368487,-0.443773,0.289068,-0.927285,-0.23787,-0.499156,0.0660296,-0.863993
0.322588,0.597951,-0.733751,-0.188271,0.800238,0.569361,0.927627,-0.0455252,0.370724
0.894392,-0.426745,-0.133983,-0.354417,-0.493419,-0.794309,0.272858,0.757909,-0.592555
-0.651915,-0.182862,-0.735913,-0.183954,-0.903361,0.387427,-0.735641,0.387943,0.555277
-0.372531,0.44757,-0.812959,-0.166734,-0.89404,-0.415804,-0.912919,-0.0193519,0.407682
-0.467477,0.832778,0.296557,-0.5426,-0.53515,0.647457,0.69789,0.141759,0.702035
-0.918783,-0.272333,0.285785,-0.0458573,0.792668,0.607927,-0.392091,0.545447,-0.740778
-0.94378,-0.267929,-0.19363,0.00352942,0.577541,-0.816354,0.330554,-0.771142,-0.544127
0.829856,-0.426341,0.359962,-0.525847,-0.813321,0.248984,0.186612,-0.395906,-0.89913
-0.451366,-0.637704,0.624182,0.892205,-0.334659,0.303273,0.0154892,0.693785,0.720016
0.37767,0.267403,0.886488,0.784951,-0.600282,-0.153342,0.491139,0.753762,-0.436607
-0.661597,-0.482987,-0.573596,0.709302,-0.651249,-0.26975,-0.243267,-0.585319,0.773449
-0.684283,-0.146974,0.714251,-0.0115935,0.981547,0.190869,-0.729124,0.122328,-0.67336
-0.198119,-0.492922,0.847217,0.974176,-0.00351401,0.225764,-0.108307,0.870066,0.480889
-0.485161,0.482596,0.729191,0.583462,0.799786,-0.141116,-0.651299,0.356991,-0.669602
0.00744904,0.994118,0.108043,-0.972597,0.0323109,-0.230242,-0.232379,-0.103367,0.967117
-0.499446,0.349326,0.792795,-0.629495,-0.775051,-0.0550624,0.595222,-0.526562,0.606996
0.850515,-0.206565,0.48369,-0.386758,-0.868867,0.309012,0.356432,-0.44989,-0.818875
0.968596,0.241439,0.0594076,-0.231482,0.962855,-0.139019,-0.0907657,0.120902,0.988506
0.843668,-0.0538958,0.534152,0.0875613,0.995439,-0.0378594,-0.529676,0.0787119,0.84454
0.709508,0.675425,0.200998,-0.690619,0.609718,0.388959,0.14016,-0.414783,0.899061
0.775098,-0.580349,-0.249837,0.0446122,-0.344157,0.937851,-0.630264,-0.738072,-0.240865
0.877342,-0.453363,-0.157264,-0.282588,-0.223253,-0.9329,0.387833,0.862914,-0.323984
0.304484,0.383945,0.871708,0.952427,-0.135312,-0.27308,0.0131051,0.913387,-0.40688
-0.122416,0.629921,-0.766951,0.40612,0.736898,0.540415,0.905583,-0.245319,-0.346032
0.206021,-0.7789,0.592342,-0.134274,0.5771,0.805559,-0.969291,-0.245499,0.0143092
-0.0497861,-0.275846,0.959912,0.296783,0.913605,0.277932,-0.953646,0.298722,0.0363815
0.428957,0.824036,0.370083,0.306846,0.252409,-0.917679,-0.849613,0.507203,-0.14458
0.704712,0.42432,-0.568624,0.325976,0.518213,0.790693,0.630175,-0.742568,0.226872
0.753052,0.423627,0.50344,0.278583,0.487896,-0.827254,-0.596074,0.763215,0.249396
-0.171487,0.16747,-0.970848,-0.34492,0.912871,0.218395,0.922834,0.372317,-0.0987816
-0.0010164,0.962005,0.273028,0.70837,0.193407,-0.678826,-0.70584,0.192715,-0.681653
0.246585,-0.960944,-0.125628,-0.0944923,-0.152853,0.983721,-0.964504,-0.2307,-0.128493
0.0408302,0.403329,-0.914144,-0.0135984,-0.914597,-0.404137,-0.999074,0.0289319,-0.0318585
0.709412,-0.583622,0.39512,-0.70463,-0.599418,0.379729,0.0152237,-0.547798,-0.836472
0.286775,-0.817355,-0.499691,0.935327,0.351686,-0.0384718,0.20718,-0.456342,0.865349
-0.339438,0.762134,0.551301,-0.931882,-0.192729,-0.307329,-0.127974,-0.618067,0.775639
-0.404833,0.747026,-0.527316,0.89788,0.433858,-0.0746941,0.172982,-0.503705,-0.84638
-0.19596,0.454817,0.868759,-0.708621,-0.678066,0.195146,0.677831,-0.57738,0.455167
-0.12325,-0.798559,-0.589163,0.978418,0.00143677,-0.206629,0.165852,-0.601915,0.781148
0.813344,-0.014152,0.581611,-0.574936,-0.172477,0.799813,0.0889956,-0.984912,-0.14842
-0.299829,-0.911607,0.281202,0.14223,-0.334184,-0.931714,0.943331,-0.23936,0.229856
0.0972742,0.473902,0.875188,0.493938,-0.786408,0.370929,0.864039,0.396207,-0.310575
0.498152,0.251725,0.829747,-0.401185,0.915257,-0.0368089,-0.768697,-0.314546,0.556925
-0.741979,-0.03893,-0.669292,0.628159,-0.38922,-0.673739,-0.234273,-0.920322,0.313247
0.42262,-0.643526,0.638174,-0.638015,-0.711355,-0.294807,0.643685,-0.282573,-0.711212
-0.965063,-0.239188,-0.10697,-0.046373,0.557728,-0.828728,0.257882,-0.794814,-0.549334
-0.20119,-0.35698,0.912188,0.924499,-0.376993,0.0563714,0.323765,0.854659,0.405875
-0.364846,-0.702375,0.611193,0.121046,-0.686654,-0.716836,0.923166,-0.187552,0.335542
-0.691122,-0.511188,0.510918,-0.353071,0.855626,0.378477,-0.630627,0.0811831,-0.771828
0.992558,-0.0925832,-0.0790982,0.0577839,0.929876,-0.363307,0.107188,0.356033,0.928306
0.204854,-0.814094,0.543403,-0.687282,-0.514928,-0.51234,0.696906,-0.268516,-0.664997
0.290894,0.841306,0.455615,0.909277,-0.0949478,-0.405216,-0.297651,0.532155,-0.7926
0.799257,-0.0188011,-0.600695,0.113805,-0.976692,0.181993,-0.590116,-0.213821,-0.778488
-0.19908,-0.130651,-0.971235,0.737648,0.632492,-0.236283,0.645169,-0.763469,-0.0295425
0.27334,0.034661,-0.961293,-0.926441,0.278389,-0.253392,0.25883,0.959843,0.108206
0.81115,-0.058365,-0.581918,-0.292424,0.821222,-0.489983,0.506482,0.567616,0.649067
0.377873,-0.901316,0.211758,0.656574,0.0996097,-0.747655,0.65278,0.421553,0.629421
0.752274,0.561813,0.344166,-0.502791,0.827112,-0.251173,-0.425776,0.015908,0.904689
-0.910237,0.395129,-0.123861,-0.36193,-0.613834,0.70158,0.201185,0.683433,0.701743
-0.530293,0.845243,0.065975,0.595839,0.426916,-0.680234,-0.603129,-0.321413,-0.73002
-0.892545,0.195264,0.406491,-0.220857,0.596618,-0.771537,-0.393173,-0.778408,-0.489383
0.239046,0.96007,-0.145339,0.286941,0.0731494,0.955151,0.927643,-0.270029,-0.257997
0.772608,0.499991,-0.391262,-0.355737,0.851373,0.385506,0.52586,-0.158658,0.835643
0.784902,-0.541733,-0.300756,-0.382673,-0.042061,-0.922926,0.487329,0.839498,-0.24032
-0.86809,-0.0584501,-0.492954,-0.256166,-0.79786,0.54571,-0.425205,0.600003,0.677641
0.413581,0.643013,0.644582,0.844166,-0.00559912,-0.536053,-0.34108,0.765835,-0.545125
0.906846,0.176759,0.382606,-0.344093,-0.213708,0.914292,0.243375,-0.960773,-0.132979
-0.400926,0.895104,0.19506,-0.142541,0.149377,-0.978452,-0.904953,-0.420091,0.0676999
-0.137547,0.963899,-0.22799,0.523967,-0.124527,-0.842586,-0.840559,-0.235355,-0.487923
0.0144096,0.12886,-0.991558,0.0342797,-0.991142,-0.128307,-0.999308,-0.0321415,-0.0186993
-0.675855,0.362012,-0.642002,-0.713244,-0.101721,0.693496,0.185749,0.926607,0.326951
0.112003,-0.35538,0.927987,-0.790495,0.534013,0.299913,-0.60214,-0.76716,-0.221115
-0.978845,0.127763,-0.159807,0.153918,0.974422,-0.163739,0.1348,-0.184873,-0.973474
-0.578669,-0.261064,0.77265,0.32799,0.792898,0.513551,-0.746702,0.550597,-0.3732
-0.797413,0.450348,0.401646,-0.40187,-0.892853,0.203258,0.450147,0.000670941,0.892954
0.747127,0.476674,-0.463232,0.535728,-0.844377,-0.00482629,-0.393443,-0.24456,-0.886224
-0.433686,0.726124,0.533535,-0.618567,-0.670472,0.409685,0.655203,-0.152352,0.739931
0.305561,0.843002,0.442697,0.922591,-0.147133,-0.356619,-0.235495,0.517397,-0.822704
-0.651655,0.746162,-0.136339,0.268442,0.0587552,-0.961502,-0.709426,-0.663167,-0.238589
0.69455,0.700715,-0.163091,-0.597065,0.434925,-0.674058,-0.401391,0.565543,0.720449
-0.361144,0.116041,-0.925262,0.893929,-0.239374,-0.378935,-0.265455,-0.963968,-0.0172836
0.592169,-0.587039,0.552015,-0.486768,0.285336,0.825615,-0.642178,-0.757607,-0.116784
-0.570685,-0.595938,-0.564957,0.298179,-0.791418,0.533616,-0.765119,0.136069,0.629347
-0.898523,-0.256966,-0.355845,0.431551,-0.369193,-0.82308,0.0801284,-0.893121,0.442622
0.288072,0.615292,-0.733778,-0.671849,-0.416162,-0.612722,-0.682374,0.669496,0.293498
0.128019,0.965254,-0.227808,0.702155,-0.250432,-0.66653,-0.700421,-0.0746283,-0.709818
0.681066,-0.631362,-0.370851,-0.712853,-0.687439,-0.138808,-0.1673,0.3589,-0.91826
0.419328,-0.568648,0.707675,-0.75478,-0.651526,-0.0762903,0.504451,-0.502148,-0.702407
-0.685814,0.205639,0.69812,-0.589103,0.406397,-0.698427,-0.427337,-0.890255,-0.15757
0.353996,-0.230931,-0.906288,0.427842,0.90168,-0.0626416,0.831647,-0.365573,0.417994
0.741059,-0.544241,-0.393234,-0.657496,-0.469462,-0.589325,0.136126,0.695275,-0.705736
-0.89779,-0.423054,0.122467,0.437863,-0.887312,0.144754,0.0474281,0.183582,0.98186
0.745179,0.656346,0.117974,-0.234558,0.0923666,0.967704,0.624252,-0.748784,0.222781
-0.436769,0.878855,-0.191956,-0.820341,-0.30156,0.485904,0.369153,0.369697,0.852672
-0.241833,0.508456,0.826432,0.859724,-0.28261,0.425449,0.44988,0.81339,-0.368787
0.615157,0.179359,0.767732,0.582099,0.553434,-0.595711,-0.531735,0.813352,0.236044
-0.677344,-0.687011,-0.263098,-0.571449,0.716576,-0.399957,0.463304,-0.120562,-0.87796
-0.58623,0.629,-0.510581,0.784836,0.597232,-0.165371,0.200916,-0.497667,-0.843777
0.183563,-0.853425,-0.487821,-0.589713,-0.492642,0.639955,-0.786475,0.170202,-0.593707
0.260111,0.953137,0.154504,-0.337802,0.239726,-0.910177,-0.904562,0.184555,0.384327
-0.544592,-0.81489,-0.198426,-0.82288,0.473415,0.31424,-0.162134,0.334413,-0.928375
-0.513567,0.68678,-0.514376,-0.85793,-0.40098,0.321203,0.014341,0.606258,0.795139
-0.0738501,0.404735,0.911447,-0.702388,-0.669909,0.240567,0.707953,-0.622424,0.333754
0.566896,-0.57129,0.593512,0.138519,-0.644102,-0.752293,0.81206,0.508685,-0.286004
0.289937,0.428628,0.855695,0.956307,-0.0946237,-0.276629,-0.0376018,0.898512,-0.437335
-0.249436,-0.57603,-0.778441,-0.620606,-0.521994,0.585125,-0.743391,0.629056,-0.227284
0.545255,-0.791056,-0.27736,0.254055,0.471253,-0.844616,0.798845,0.390066,0.457924
0.154225,0.650537,0.743651,0.982114,-0.0186549,-0.187361,-0.108012,0.759245,-0.641778
-0.21179,-0.701571,0.6804,0.94064,0.0426002,0.336722,-0.265219,0.711326,0.650903
-0.934041,-0.355059,0.0387456,-0.336503,0.838445,-0.42869,0.119724,-0.413452,-0.90262
0.516204,-0.85624,-0.019662,0.348912,0.231204,-0.908188,0.782173,0.46195,0.418101
-0.589402,-0.132102,-0.796965,0.431513,0.782523,-0.448837,0.682936,-0.608446,-0.404217
0.181914,0.598158,-0.780458,0.88695,0.242853,0.392863,0.424531,-0.763694,-0.486358
0.593776,0.60304,-0.532704,-0.195743,-0.5339,-0.822578,-0.780458,0.592701,-0.198976
0.124754,0.20386,0.971019,0.815802,0.535943,-0.217331,-0.564715,0.819272,-0.0994488
0.90194,0.0361912,0.430342,0.0982051,-0.987564,-0.122772,0.420547,0.152995,-0.894278
-0.363677,0.813971,-0.45298,0.125853,0.524753,0.8419,0.922984,0.249171,-0.293281
-0.448338,0.642947,-0.620977,0.566302,-0.333194,-0.753846,-0.691589,-0.689638,-0.214719
-0.751518,0.0766492,0.655245,-0.524124,0.533815,-0.663577,-0.400642,-0.84212,-0.360998
-0.443087,-0.361628,0.820304,-0.501623,-0.658362,-0.561189,0.742999,-0.660139,0.110311
-0.900098,0.434256,0.035289,-0.24336,-0.568294,0.786014,0.361386,0.698901,0.617201
-0.337305,0.489878,-0.803894,0.936877,0.258246,-0.235733,0.0921219,-0.832664,-0.546063
-0.621901,0.189951,0.759709,-0.544255,-0.802375,-0.244911,0.563051,-0.565786,0.602379
0.895018,0.359681,-0.263766,0.111918,-0.753546,-0.647798,-0.43176,0.550271,-0.714692
-0.664212,0.281133,0.692667,0.634524,0.701912,0.323572,-0.395224,0.654434,-0.644604
0.346021,0.847023,0.403511,0.44151,-0.526484,0.726556,0.827852,-0.0732498,-0.556144
-0.182086,0.870556,0.457139,-0.909485,0.0275984,-0.414819,-0.37374,-0.491294,0.786733
0.672789,0.454448,0.583808,0.724486,-0.244792,-0.644357,-0.149916,0.856477,-0.493935
-0.780727,0.429274,-0.454081,0.513777,0.0273751,-0.857487,-0.355666,-0.902759,-0.241924
0.676891,0.45965,-0.574927,-0.439732,-0.373862,-0.816617,-0.590301,0.805574,-0.0509408
-0.428061,0.53258,-0.730152,0.895314,0.139776,-0.422936,-0.12319,-0.834758,-0.53666
0.643351,-0.696319,0.318181,0.487184,0.0517748,-0.871763,0.590552,0.715863,0.372545
-0.814905,-0.568904,-0.110804,0.351715,-0.333436,-0.874709,0.46068,-0.751777,0.471811
0.783167,0.520748,-0.33981,0.609754,-0.750259,0.255562,-0.121862,-0.407348,-0.905106
-0.526679,-0.836578,-0.150819,0.838721,-0.482518,-0.252436,0.138409,-0.259448,0.955788
-0.624215,0.00938973,-0.781196,-0.132566,-0.9867,0.0940673,-0.769923,0.162278,0.617158
-0.0834465,0.99636,0.0174279,-0.848117,-0.0801914,0.523706,0.523197,0.0289205,0.851721
0.355237,0.896738,-0.263947,0.811519,-0.435988,-0.389039,-0.463944,-0.0759966,-0.882599
0.883062,0.12068,-0.453473,-0.399829,-0.312358,-0.861725,-0.245638,0.942268,-0.22758
0.211959,-0.763664,-0.609828,0.700283,-0.316574,0.639831,-0.681672,-0.562671,0.467681
0.212034,-0.669603,-0.71181,-0.968984,-0.238658,-0.0641345,-0.126934,0.703331,-0.699438
0.419219,0.720059,0.552965,0.580533,0.255675,-0.773053,-0.698024,0.645093,-0.310834
-0.327619,0.121036,0.937025,-0.89055,-0.370814,-0.263472,0.315573,-0.920786,0.229274
-0.68205,-0.728327,-0.0659428,-0.450784,0.347707,0.822128,-0.575849,0.590458,-0.565471
-0.124663,-0.438464,-0.890061,-0.0131735,-0.896248,0.443357,-0.992112,0.0669956,0.105953
0.720978,-0.534631,-0.440864,-0.461335,-0.845043,0.270318,-0.517069,0.00849242,-0.855901
0.0177037,-0.94147,0.33663,0.690593,0.254983,0.676805,-0.723027,0.220493,0.654687
-0.677197,0.141359,0.722095,0.419394,0.880506,0.220947,-0.604577,0.452467,-0.655561
-0.231763,-0.828763,-0.509351,0.135647,0.490959,-0.860558,0.963268,-0.268537,-0.00136631
-0.308418,-0.776458,0.549537,-0.919736,0.0959371,-0.380633,0.242824,-0.622823,-0.743725
-0.675605,-0.558438,-0.481357,0.523769,0.0959446,-0.84644,0.518868,-0.823979,0.227672
-0.965231,0.00810524,0.261275,0.213744,-0.550914,0.806726,0.150479,0.834523,0.530027
0.382025,0.534847,0.753655,-0.914696,0.335197,0.225777,-0.131867,-0.775617,0.617276
-0.826638,0.112178,0.55144,0.528315,-0.182745,0.829149,0.193785,0.97674,0.0917987
-0.25272,0.959575,0.123888,0.761959,0.118472,0.636697,0.596282,0.255304,-0.761097
0.422169,-0.853739,-0.3048,0.511309,-0.0533883,0.857737,-0.748556,-0.517957,0.413985
-0.444525,-0.202452,-0.872588,0.839589,0.245375,-0.484645,0.312229,-0.948053,0.0609016
0.361198,0.214686,0.907439,0.818428,0.393384,-0.418837,-0.44689,0.893957,-0.0336154
-0.242619,-0.96132,0.130386,0.646925,-0.0601671,0.760176,-0.722928,0.268783,0.636499
0.249907,0.887908,0.386221,-0.911267,0.0808354,0.403805,0.327321,-0.452864,0.829322
0.467857,0.842205,-0.267957,0.569926,-0.0557728,0.819801,0.675496,-0.536265,-0.506088
-0.730662,-0.657471,-0.184021,-0.669733,0.637859,0.380254,-0.132627,0.401083,-0.90639
0.24059,0.969638,0.0438108,0.970573,-0.240805,-0.000383475,0.010178,0.0426139,-0.99904
0.545424,-0.498878,0.673523,0.445919,0.853126,0.2708,-0.709696,0.152636,0.687775
-0.575156,0.151912,0.803815,-0.812706,-0.218179,-0.540284,0.0932995,-0.964013,0.248947
0.467255,0.831481,0.300521,0.192457,-0.427414,0.883333,0.862921,-0.354904,-0.359736
-0.546818,-0.344161,-0.763245,-0.0388278,-0.900203,0.433735,-0.83635,0.26681,0.478885
0.945122,0.147611,0.291471,0.120731,0.671184,-0.731393,-0.303592,0.726445,0.61653
-0.218703,0.130538,0.967021,0.27327,-0.943163,0.18912,0.936746,0.305619,0.1706
-0.290031,-0.956951,0.0112894,-0.0860329,0.0143224,-0.996189,0.953142,-0.289897,-0.0864832
0.869568,-0.279053,-0.407407,0.0256925,-0.798339,0.60166,-0.493145,-0.533651,-0.68704
-0.872549,-0.358066,-0.332334,0.0529262,-0.745562,0.664331,-0.48565,0.562072,0.669491
-0.6864,0.106357,-0.719405,0.0305465,-0.984158,-0.174643,-0.726582,-0.14185,0.672277
-0.611566,-0.117373,0.782439,-0.192339,-0.937213,-0.290925,0.767459,-0.328413,0.550592
-0.514615,-0.828774,0.219783,0.567829,-0.521482,-0.636888,0.64245,-0.202953,0.738964
0.41097,-0.108456,-0.905175,-0.309775,0.917207,-0.250542,0.857405,0.383365,0.343347
-0.533478,0.343457,-0.772942,0.830059,0.388152,-0.400424,0.16249,-0.855205,-0.49216
0.0312224,-0.48397,0.874527,-0.287009,0.833765,0.471659,-0.957419,-0.265723,-0.112871
0.58208,-0.126621,0.803212,-0.812701,-0.122736,0.569608,0.0264581,-0.984329,-0.174347
-0.760808,-0.581057,-0.28904,-0.0121356,-0.432562,0.901522,-0.648863,0.689393,0.322045
0.391378,-0.458662,-0.79778,-0.874137,0.0856333,-0.478071,0.287589,0.884475,-0.367418
0.955458,-0.26878,-0.12189,0.254221,0.959335,-0.122674,0.149905,0.0862228,0.984933
0.671898,-0.104576,-0.733223,-0.738554,-0.0202973,-0.673888,0.0555903,0.99431,-0.0908729
0.371405,0.521863,-0.767931,-0.473543,-0.604962,-0.640139,-0.798634,0.601399,0.0224384
-0.993225,-0.104202,0.0514368,-0.00295841,-0.419819,-0.907603,0.116168,-0.901607,0.416666
-0.322567,-0.934142,-0.152737,-0.676823,0.114822,0.727136,-0.661711,0.337926,-0.669287
0.193671,0.0325618,-0.980526,0.251745,0.964335,0.0817481,0.948217,-0.262675,0.178566
0.252512,-0.167351,0.953012,0.830979,-0.467066,-0.302196,0.495692,0.868241,0.0211255
0.526983,0.360999,-0.769395,-0.45537,-0.644445,-0.614271,-0.717584,0.674069,-0.175224
-0.116146,-0.953921,-0.276666,-0.779697,0.260125,-0.569568,0.615291,0.149562,-0.773982
0.0688594,0.9629,-0.260925,-0.0373905,0.263853,0.963838,0.996925,-0.0566132,0.0541721
0.73977,-0.672858,-0.00134432,0.539816,0.594688,-0.595773,0.40167,0.44001,0.803152
0.692214,0.357399,-0.626981,0.718166,-0.255357,0.647325,0.0712498,-0.898364,-0.433434
-0.626242,0.592147,0.507133,0.0622859,-0.6104,0.78964,0.777137,0.526093,0.345376
0.820743,-0.504019,0.268972,0.332182,0.804063,0.493089,-0.464797,-0.315352,0.827355
-0.0659335,0.927108,-0.36895,-0.305705,0.333206,0.891919,0.949841,0.171597,0.261452
0.775392,0.615067,0.143037,0.52495,-0.50193,-0.687382,-0.350991,0.608078,-0.712072
0.593733,-0.157824,0.789033,-0.25049,-0.968105,-0.00515299,0.76468,-0.194586,-0.614329
0.97199,-0.193121,0.133943,0.163067,0.143743,-0.976088,0.16925,0.970589,0.171208
-0.910726,-0.129425,0.392209,0.304625,-0.851755,0.426282,0.278894,0.507703,0.815142
-0.878306,0.0792278,0.471489,-0.47672,-0.21999,-0.851083,0.0362935,-0.97228,0.230988
0.755713,-0.63592,0.156537,0.396545,0.634547,0.663402,-0.521201,-0.439267,0.731706
0.346687,-0.494973,-0.79675,-0.474886,0.639896,-0.604165,0.808883,0.587821,-0.0132126
-0.246205,0.318137,-0.915517,0.969121,0.0941382,-0.227908,0.013679,-0.943359,-0.331491
-0.660144,0.212843,0.720352,0.129835,0.976912,-0.169666,-0.739833,-0.0184771,-0.672537
0.742005,0.596391,-0.30618,-0.623403,0.445848,-0.64233,-0.24657,0.667486,0.702614
-0.964819,0.255057,0.0637925,0.251939,0.827546,0.501691,0.0751685,0.500113,-0.862691
0.0461639,0.98189,0.18374,0.870383,-0.1298,0.474958,0.490206,0.137998,-0.860613
0.818911,0.00811522,-0.573863,-0.494254,-0.498262,-0.712354,-0.291715,0.866988,-0.404021
-0.913754,0.256568,-0.315004,0.405727,0.616324,-0.67493,0.0209793,-0.744525,-0.667265
-0.64753,0.169328,-0.742989,0.750499,0.310746,-0.583257,0.132119,-0.935289,-0.328298
-0.700301,-0.281451,0.656021,-0.358647,0.933308,0.0175599,-0.617212,-0.222983,-0.754538
0.0211178,0.033345,-0.999221,-0.92032,0.391113,-0.00639844,0.390595,0.919738,0.0389475
-0.365464,-0.928827,-0.0609609,0.902208,-0.337354,-0.268724,0.229033,-0.153208,0.961286
-0.674389,0.738325,-0.00869689,0.711064,0.652572,0.261797,0.198967,0.170369,-0.965084
-0.522149,0.487991,0.699447,-0.146603,0.75656,-0.637279,-0.84016,-0.435295,-0.323496
-0.780961,-0.433185,0.449946,-0.614448,0.662092,-0.429054,-0.112046,-0.611543,-0.783237
-0.128987,0.989516,-0.0649672,-0.824403,-0.143413,-0.547533,-0.55111,-0.0170656,0.834258
-0.643633,0.329126,-0.690951,-0.198202,0.800328,0.565855,0.739225,0.50115,-0.449884
0.286255,0.0172547,-0.957998,0.679192,0.701585,0.215583,0.675837,-0.712376,0.189113
-0.0754706,-0.986698,-0.143981,0.986407,-0.052739,-0.155626,0.145962,-0.15377,0.977267
-0.811804,0.574838,0.102643,-0.543787,-0.808273,0.225812,0.212769,0.1275,0.968748
-0.608046,0.424188,0.671077,-0.524135,0.420399,-0.74064,-0.59629,-0.802078,-0.0332899
-0.111713,-0.60783,0.786169,0.925793,0.223854,0.304626,-0.361148,0.761861,0.537718
0.467259,-0.18571,0.864396,0.822047,-0.26862,-0.502078,0.325435,0.945175,0.0271475
-0.313279,-0.590471,-0.743775,0.667335,0.420351,-0.614792,0.675664,-0.688948,0.262354
-0.551821,0.123408,-0.824781,-0.55753,-0.790087,0.254799,-0.620205,0.600444,0.50479
-0.12494,0.991223,0.0432076,0.952527,0.107649,0.284787,0.277636,0.0767378,-0.957617
-0.486491,0.00244561,0.873682,-0.740216,-0.532371,-0.410684,0.464119,-0.846507,0.260804
-0.125024,0.915287,-0.382909,0.681498,0.359709,0.637314,0.721061,-0.181272,-0.668738
-0.331173,0.32273,-0.886662,0.523936,-0.718615,-0.457256,-0.784739,-0.615985,0.0688964
0.30721,-0.0879741,-0.947567,0.0937249,-0.98808,0.122122,-0.947015,-0.126328,-0.295303
-0.907691,-0.41424,-0.067096,-0.073343,-0.000826772,0.997306,-0.413179,0.910167,-0.0296311
-0.0407589,-0.197816,-0.979391,-0.57908,0.803474,-0.138185,0.814251,0.561514,-0.1473
-0.588603,0.738672,0.328497,-0.221393,0.243523,-0.944289,-0.777516,-0.628539,0.0201988
0.142277,-0.824605,0.547525,0.915321,0.320151,0.244316,-0.376754,0.466401,0.800329
-0.100782,-0.0563843,0.993309,-0.813153,0.579934,-0.0495841,-0.573258,-0.81271,-0.104296
-0.953695,-0.00345452,0.300757,-0.246387,0.582489,-0.774597,-0.172512,-0.812831,-0.556368
-0.456364,0.858666,-0.23329,0.477153,0.0148656,-0.878695,-0.751038,-0.512319,-0.416499
0.0763417,-0.975566,-0.206018,0.934283,-0.00217886,0.356524,-0.348262,-0.219697,0.911289
-0.064446,-0.769658,-0.635195,-0.360374,-0.575615,0.734029,-0.930579,0.276213,-0.240269
0.778412,0.385116,-0.495742,-0.236467,0.911423,0.336737,0.581514,-0.144894,0.80053
0.0666159,-0.353004,-0.933247,0.872512,-0.433125,0.226111,-0.484031,-0.829332,0.279147
0.244977,-0.739387,0.627131,-0.969357,-0.198956,0.144093,0.0182308,-0.643213,-0.76547
0.759151,-0.414834,0.5016,0.19117,-0.594531,-0.781017,0.622209,0.6888,-0.372035
0.671335,0.459121,0.581823,-0.0252166,-0.770418,0.63704,0.740725,-0.442339,-0.505631
-0.916731,0.327091,0.229381,-0.0176085,0.540523,-0.841145,-0.399117,-0.775143,-0.489755
0.688547,-0.657296,-0.306375,-0.298272,0.1284,-0.945805,0.661013,0.742614,-0.107643
-0.370846,-0.544164,-0.752568,0.889575,0.0245746,-0.456129,0.266703,-0.838619,0.474961
-0.822546,-0.175683,0.540882,-0.562648,0.113036,-0.818932,0.0827329,-0.977936,-0.191825
0.432017,-0.826671,0.360522,-0.84442,-0.511163,-0.16021,0.316727,-0.235218,-0.918889
0.211662,0.180704,-0.960492,-0.466469,0.882277,0.0631943,0.85884,0.434664,0.271037
0.814059,0.517271,-0.264082,0.199294,-0.675885,-0.70955,-0.545518,0.524985,-0.653299
0.454233,-0.671348,-0.585632,-0.59437,-0.718044,0.362129,-0.663624,0.183591,-0.725188
-0.628795,0.732833,-0.259948,0.473318,0.0954982,-0.8757,-0.616917,-0.673674,-0.406912
-0.591745,-0.323475,-0.738377,-0.539184,0.839735,0.0642297,0.599265,0.436129,-0.671322
0.749998,0.102485,-0.653452,0.655066,-0.251907,0.712342,-0.0916047,-0.962309,-0.256065
-0.582582,-0.754283,0.302747,0.112754,-0.443889,-0.888959,0.804913,-0.483756,0.34365
-0.269485,-0.786462,0.555748,-0.933211,0.35571,0.0508615,-0.237686,-0.504924,-0.829794
0.00768121,-0.617557,0.786489,-0.829376,-0.443323,-0.34,0.558638,-0.649683,-0.515592
-0.00379805,0.66445,0.747323,0.572126,0.614375,-0.543337,-0.820157,0.425499,-0.382483
0.641676,-0.0333343,-0.766251,0.137974,0.987774,0.0725713,0.754464,-0.15229,0.63843
0.263052,0.909942,0.320639,0.704179,-0.408265,0.580906,0.659496,0.0729789,-0.748157
0.553048,0.809376,0.197607,-0.460885,0.0996217,0.88185,0.694063,-0.57878,0.428125
0.446529,-0.886132,0.124022,-0.890741,-0.427091,0.155477,-0.0848044,-0.179897,-0.980023
-0.0190739,-0.998914,0.0425018,0.0468202,-0.0433553,-0.997962,0.998721,-0.017045,0.0475963
-0.51308,0.684857,0.517415,0.828227,0.236746,0.507928,0.225362,0.689146,-0.688687
0.395579,0.914107,0.0890281,0.236338,-0.194985,0.951906,0.887503,-0.355513,-0.29317
-0.000390238,-0.640455,0.767996,-0.503517,-0.663411,-0.553494,0.863985,-0.386915,-0.322221
