0.0686202,-0.997117,0.0323859,-0.928456,-0.0757061,-0.363647,0.36505,-0.00511538,-0.930974
0.694041,0.320869,0.644477,0.287924,0.69677,-0.656971,-0.659853,0.641525,0.391202
-0.521814,-0.29315,0.801107,0.849776,-0.0963118,0.518271,-0.0747754,0.951203,0.299369
-0.0611323,-0.0337544,0.997559,-0.919502,0.390713,-0.0431283,-0.388303,-0.919893,-0.0549224
-0.83059,0.38642,-0.400999,-0.43844,-0.897729,0.0430508,-0.343353,0.211572,0.915066
-0.949029,-0.142817,-0.280975,-0.250027,-0.20167,0.947004,-0.191913,0.968985,0.155683
0.216815,0.928683,-0.300898,0.397081,-0.365477,-0.841875,-0.891806,0.0630503,-0.448003
0.331484,0.649933,-0.68389,0.880616,-0.473276,-0.0229382,-0.338577,-0.59464,-0.729225
-0.215608,0.811795,-0.542681,-0.957591,-0.0669945,0.280235,0.191137,0.580087,0.791812
0.357164,-0.120322,-0.926259,0.311162,0.950351,-0.00346773,0.880688,-0.286978,0.376871
0.213688,0.975499,-0.0523381,-0.835983,0.154881,-0.526444,-0.50544,0.156249,0.848597
0.531533,0.846391,0.033095,0.753472,-0.490308,0.438038,0.386978,-0.207896,-0.898347
-0.942672,0.034564,-0.331925,-0.110699,-0.970693,0.213308,-0.314824,0.237823,0.918872
0.47634,-0.830513,0.288701,0.812508,0.541265,0.216477,-0.33605,0.131455,0.932625
0.144521,0.137532,0.979897,-0.58469,-0.78705,0.196699,0.79828,-0.601363,-0.0333318
0.60151,-0.188953,0.776197,-0.393412,-0.915702,0.081959,0.695279,-0.354664,-0.625141
0.721671,-0.585746,0.368907,0.275627,-0.245712,-0.929331,0.634997,0.772352,-0.0158761
-0.916488,-0.330477,0.225467,0.330343,-0.943036,-0.0394568,0.225663,0.0383198,0.973452
-0.86662,0.49875,-0.0147488,-0.0497655,-0.115807,-0.992024,-0.496481,-0.858974,0.125181
-0.874242,0.459085,0.157932,0.476979,0.75155,0.455701,0.090511,0.473723,-0.87601
0.510068,0.29508,0.807935,0.86013,-0.177742,-0.478104,0.0025247,0.938795,-0.344468
-0.635155,-0.616227,-0.465663,-0.520329,0.786932,-0.331656,0.570821,0.0316453,-0.820465
0.119448,-0.590349,-0.798261,0.461366,0.744939,-0.481879,0.879132,-0.31073,0.361349
0.46943,0.0819782,0.879156,0.761466,0.466468,-0.450085,-0.446995,0.880731,0.15655
0.951403,-0.179689,0.250087,0.262515,0.0486877,-0.963699,0.160989,0.982518,0.0934926
-0.774961,0.546856,-0.316833,0.221875,-0.233999,-0.946581,-0.591783,-0.803861,0.0600062
0.061999,0.464633,0.88333,-0.970306,-0.179261,0.162395,0.233801,-0.867169,0.439722
-0.135385,-0.644301,0.752693,0.837678,0.331267,0.434233,-0.529119,0.689303,0.494868
0.21308,-0.976626,0.0282671,0.977014,0.213176,0.000397228,-0.00641381,0.0275327,0.9996
0.169888,0.594953,0.785601,-0.98534,0.115148,0.125877,-0.0155691,-0.795469,0.605794
0.396244,0.825541,-0.401838,-0.671511,0.559048,0.486352,0.62615,0.0771243,0.775879
0.636117,-0.762988,0.114907,-0.258964,-0.351399,-0.899698,0.726837,0.542557,-0.421117
-0.331995,-0.704901,0.626813,0.699361,0.261972,0.66503,-0.632987,0.659155,0.406007
0.560385,0.140165,-0.816286,-0.445538,0.881841,-0.154443,0.698187,0.450233,0.556619
-0.972126,0.0980986,0.212949,-0.111051,-0.992571,-0.0497094,0.20649,-0.0719719,0.975798
0.203206,0.595273,0.777404,0.820471,0.32978,-0.466982,-0.534354,0.732732,-0.421391
-0.263702,0.882618,-0.389162,0.593643,-0.169495,-0.786676,-0.760295,-0.438472,-0.479264
0.647015,0.242792,0.722789,0.569159,-0.784584,-0.245941,0.507376,0.570509,-0.645825
0.838948,-0.537409,0.0857806,-0.40679,-0.514555,0.754821,-0.361509,-0.66815,-0.650297
-0.345613,0.643291,0.683175,0.754671,0.623233,-0.205065,-0.557694,0.4447,-0.70087
0.65393,0.437126,-0.617492,-0.756552,0.380192,-0.532056,0.00219019,0.815092,0.579327
-0.631922,-0.730168,0.259864,-0.769058,0.632303,-0.0934995,-0.0960426,-0.258935,-0.961108
0.915427,-0.322224,0.241173,0.131154,0.805325,0.578143,-0.380514,-0.497617,0.779478
-0.0255783,0.999632,-0.00906311,0.280186,-0.00153398,-0.959945,-0.959605,-0.0270931,-0.280043
-0.955006,0.274324,-0.112742,0.16351,0.169833,-0.971813,-0.247444,-0.946522,-0.207046
-0.718719,0.490837,0.492466,0.428942,-0.244432,0.869633,0.547222,0.836261,-0.0348629
0.360085,0.60923,0.706525,-0.92477,0.133214,0.356446,0.123039,-0.781724,0.611366
0.935921,-0.348967,-0.0476803,0.281509,0.659806,0.696712,-0.21167,-0.66549,0.715764
-0.143443,-0.943301,-0.299343,0.304292,0.24578,-0.920325,0.941717,-0.223102,0.251784
-0.790954,-0.110125,0.601884,0.597281,-0.352523,0.720404,0.132843,0.929301,0.344605
-0.993734,0.0823612,0.0755592,0.0378833,0.884201,-0.465568,-0.105154,-0.459788,-0.881781
0.221728,0.745477,-0.62857,0.929168,-0.357055,-0.0956987,-0.295775,-0.562828,-0.771843
-0.576435,-0.632473,0.517398,0.71501,-0.696922,-0.0553298,0.39558,0.338051,0.853954
-0.176347,-0.982916,-0.0526986,-0.626695,0.153399,-0.764017,0.759049,-0.101706,-0.643041
-0.539357,0.816396,-0.206378,0.203712,-0.111303,-0.972683,-0.817065,-0.566665,-0.106277
0.85081,-0.466413,-0.242034,-0.408018,-0.296139,-0.86361,0.331124,0.833523,-0.442263
0.110157,-0.731566,-0.672812,-0.729671,-0.519161,0.44503,-0.674867,0.441908,-0.590992
-0.276071,-0.924083,0.264301,0.85182,-0.362608,-0.378046,0.445184,0.120769,0.887258
-0.58071,-0.475091,0.661108,-0.0590293,0.834496,0.547843,-0.811967,0.279113,-0.512645
0.722687,0.663039,0.1952,0.46029,-0.672365,0.579705,0.515613,-0.329097,-0.7911
-0.577082,0.539832,0.612827,0.699298,-0.0609799,0.712225,0.421852,0.839561,-0.342313
-0.983403,0.0393524,-0.177117,-0.163707,-0.613331,0.772674,-0.0782246,0.788845,0.609594
-0.605265,0.445425,-0.659735,-0.781979,-0.487706,0.388138,-0.148871,0.750826,0.643505
-0.0712634,0.948293,-0.309293,0.88625,-0.0820869,-0.455877,-0.457693,-0.306598,-0.834574
0.282206,-0.19009,-0.940333,-0.920524,-0.329694,-0.209613,-0.270177,0.924753,-0.268024
0.0561076,-0.332107,0.941571,0.883344,0.456061,0.108222,-0.465355,0.825659,0.318953
0.424743,0.274414,0.862723,0.383339,-0.917823,0.103211,0.820149,0.286877,-0.495032
-0.225794,0.948965,0.22019,0.238738,-0.165232,0.956923,0.944469,0.268635,-0.189245
0.479758,0.143747,-0.865546,-0.242643,-0.926279,-0.288326,-0.843183,0.348345,-0.40951
0.506879,0.860775,-0.0462699,0.709245,-0.385937,0.589936,0.489944,-0.331842,-0.806124
0.957545,0.260047,-0.124433,-0.198053,0.907049,0.371533,0.209483,-0.331115,0.920043
-0.1246,-0.975151,-0.18318,0.329745,-0.214823,0.919304,-0.935812,0.0541423,0.348318
-0.0201945,-0.849174,0.527727,-0.557443,0.447739,0.699133,-0.829969,-0.280059,-0.482408
0.535372,-0.095577,0.839191,-0.696726,0.51167,0.50276,-0.477441,-0.85385,0.207343
0.396771,0.871659,0.287721,0.871455,-0.259242,-0.416365,-0.28834,0.415937,-0.862471
-0.943107,0.234755,0.235454,0.310277,0.87589,0.36952,-0.119485,0.421553,-0.898897
0.664264,-0.737813,0.119937,-0.727837,-0.601854,0.328671,-0.170314,-0.305619,-0.936798
-0.165763,-0.624433,0.763287,0.986036,-0.117518,0.117998,0.0160181,0.772188,0.635193
-0.581035,-0.318094,0.749142,-0.804534,0.363564,-0.469624,-0.122976,-0.875578,-0.467161
-0.682401,-0.721299,-0.118563,-0.722374,0.690251,-0.0415724,0.111825,0.0572781,-0.992076
0.394731,-0.507835,0.765696,0.132188,0.856087,0.499641,-0.909238,-0.0960081,0.405054
0.938054,0.146309,-0.314083,0.331602,-0.116237,0.936231,0.100471,-0.982386,-0.157552
0.142253,0.959705,-0.242345,0.429139,-0.280425,-0.858605,-0.891966,0.0181392,-0.451738
0.809702,0.555077,-0.190453,0.480472,-0.440717,0.758232,0.336941,-0.705449,-0.623548
-0.965057,0.120873,0.232497,-0.177795,0.349735,-0.919823,-0.192494,-0.929018,-0.316024
-0.33572,-0.646586,0.684996,-0.928479,0.104552,-0.356363,0.158802,-0.755643,-0.635442
-0.36603,0.913974,-0.175139,-0.928797,-0.347072,0.129915,0.0579533,0.210222,0.975935
-0.127458,0.953804,-0.272054,-0.945311,-0.199849,-0.257776,-0.300237,0.22432,0.927113
0.430282,-0.802731,-0.412894,-0.829208,-0.532252,0.170653,-0.356751,0.268946,-0.894649
-0.208057,0.14399,0.96746,-0.791014,0.557027,-0.253015,-0.575333,-0.817917,-0.0019957
-0.41996,0.535129,-0.732988,-0.22014,0.723475,0.654311,0.880438,0.436145,-0.186027
-0.464984,-0.81011,0.357087,-0.827773,0.254782,-0.499878,0.313977,-0.528022,-0.789057
0.700439,-0.339471,-0.627809,-0.658596,0.031528,-0.751836,0.27502,0.940088,-0.201491
-0.56717,-0.767777,0.298054,-0.554973,0.623671,0.55049,-0.608541,0.14681,-0.779823
-0.470849,0.450885,0.75829,0.837835,-0.0406446,0.544408,0.276286,0.891656,-0.35863
-0.291476,-0.146111,0.945353,-0.938251,0.236193,-0.252781,-0.186352,-0.960658,-0.205933
0.879713,0.475436,0.00802939,-0.473621,0.877606,-0.0740949,-0.042274,0.0613794,0.997219
0.0514494,-0.357934,-0.932328,-0.766284,0.584535,-0.266698,0.640439,0.728149,-0.244205
0.615787,0.62953,-0.473813,-0.719184,0.694722,-0.0116418,0.321839,0.347927,0.880549
0.893799,0.439507,0.0891974,-0.446932,0.856502,0.258177,0.0370727,-0.270623,0.961971
-0.297892,-0.601925,0.74091,-0.0558232,-0.763834,-0.642994,0.952966,-0.232902,0.193939
0.149904,0.781487,0.605646,-0.523612,0.582361,-0.621841,-0.838665,-0.223906,0.496494
-0.727569,0.371059,-0.577025,0.286828,0.928591,0.235474,0.623195,0.00581694,-0.782045
-0.527419,-0.847373,-0.0615577,0.760644,-0.438675,-0.478524,0.378484,-0.299206,0.875914
-0.822322,-0.436375,0.365188,0.12009,-0.760418,-0.638234,0.556205,-0.480978,0.677713
0.198225,0.81838,-0.539409,-0.93261,-0.0118442,-0.36069,-0.30157,0.574556,0.760882
-0.31257,-0.90254,0.296179,-0.708357,0.429211,0.560365,-0.632875,-0.0346473,-0.773478
0.581048,-0.809559,0.0836527,0.160681,0.0133467,-0.986916,0.79785,0.586887,0.137836
-0.115347,-0.917189,-0.381391,-0.949853,-0.0104987,0.31252,-0.290644,0.398314,-0.869984
-0.735981,-0.145829,0.661109,0.0642485,-0.987163,-0.146226,0.673947,-0.0651444,0.735902
-0.940074,-0.221564,0.259174,0.246648,-0.966701,0.0682208,0.235429,0.128057,0.963418
0.671839,-0.723986,-0.15645,-0.645598,-0.46883,-0.602828,0.36309,0.506008,-0.782382
0.258227,0.956767,-0.133847,-0.299411,0.210983,0.930505,0.918516,-0.200206,0.340949
0.755371,0.490132,-0.434954,-0.458834,0.869484,0.182944,0.467852,0.0613812,0.881673
-0.556823,-0.552824,-0.619946,-0.72466,0.688098,0.0372773,0.405976,0.470007,-0.783758
-0.194794,0.96682,0.165271,0.00416959,-0.167681,0.985833,0.980835,0.192724,0.028632
0.324518,0.339878,-0.882707,0.0368107,-0.937044,-0.347267,-0.945163,0.0802012,-0.316598
-0.553537,0.268181,0.788464,-0.797151,0.103508,-0.594841,-0.241138,-0.957792,0.156486
0.778295,-0.398703,0.485071,-0.0239148,-0.790791,-0.611619,0.627444,0.464419,-0.625003
0.612416,-0.524318,0.59164,-0.122688,-0.802374,-0.584075,0.780957,0.28511,-0.555714
0.588764,0.464599,0.661442,0.800035,-0.451704,-0.39485,0.115329,0.76165,-0.637643
0.73787,-0.27723,-0.61538,0.549212,-0.283348,0.786181,-0.392319,-0.918073,-0.0568157
-0.371539,0.531774,0.761036,0.922998,0.300007,0.240979,-0.10017,0.791967,-0.602291
0.820446,0.0216694,-0.571313,-0.456179,0.627167,-0.631318,0.344628,0.778583,0.524442
0.56785,0.807071,-0.161811,0.460837,-0.148829,0.874916,0.682038,-0.57139,-0.456441
-0.385871,-0.846492,0.366816,-0.847575,0.482296,0.221377,-0.364308,-0.225481,-0.903569
0.0223953,0.0835428,0.996253,0.0066985,-0.996493,0.0834124,0.999727,0.00480535,-0.0228764
0.234986,0.857971,0.456802,-0.080165,0.485467,-0.870572,-0.968687,0.167952,0.182857
-0.604777,-0.0452044,0.795111,0.559712,-0.73436,0.383977,0.56654,0.677253,0.469425
-0.730646,0.682733,-0.00564586,-0.492667,-0.52148,0.696662,0.47269,0.511795,0.717377
0.528329,0.736145,-0.423035,-0.84494,0.504772,-0.176866,0.0833369,0.450882,0.888684
0.54927,0.324183,0.7702,0.495868,0.615429,-0.612668,-0.67262,0.718438,0.177285
-0.492386,0.440393,0.750739,0.475086,-0.586729,0.655776,0.72928,0.679561,0.079673
-0.25295,0.921157,-0.295779,-0.780497,-0.374949,-0.500238,-0.5717,0.104319,0.813804
-0.913218,-0.378551,-0.150769,-0.0355363,-0.294611,0.954956,-0.405918,0.877441,0.255592
-0.285419,0.943838,0.166454,-0.12834,0.134475,-0.982571,-0.949771,-0.301807,0.082751
0.0786156,0.992939,0.0888306,-0.0492091,0.0928629,-0.994462,-0.99569,0.073809,0.0561621
0.217049,-0.596364,-0.772813,0.800154,-0.344785,0.490792,-0.559145,-0.724895,0.402347
0.0877792,0.279302,-0.956183,-0.711013,0.689855,0.136235,0.697678,0.6679,0.259142
-0.759966,-0.23381,-0.606453,-0.641835,0.122861,0.756937,-0.10247,0.964489,-0.243438
-0.613229,-0.164651,0.772554,0.345562,-0.935399,0.0749381,0.710308,0.31292,0.630511
-0.65845,-0.529313,-0.535044,0.613101,-0.789557,0.0265899,-0.436522,-0.310528,0.844406
0.611445,0.0749279,-0.787731,-0.104086,0.994473,0.0138004,0.784411,0.0735535,0.615864
-0.879872,-0.415412,-0.230777,-0.455096,0.596805,0.660841,-0.136792,0.686481,-0.714165
-0.770004,-0.505498,-0.389314,0.242815,-0.796423,0.553851,-0.590029,0.331936,0.735992
-0.287504,-0.860547,0.420477,-0.796691,0.458549,0.39372,-0.531624,-0.221794,-0.817425
-0.836261,-0.169042,0.521625,-0.547711,0.302772,-0.779963,-0.0260871,-0.937952,-0.345783
0.561975,-0.670582,0.484255,0.637213,0.72426,0.263452,-0.527393,0.160521,0.83432
0.616082,0.770115,-0.165426,-0.00705035,-0.204616,-0.978817,-0.78765,0.604198,-0.120631
-0.408071,0.834979,-0.369172,0.87878,0.249654,-0.406717,-0.247435,-0.490391,-0.835639
0.949291,0.240038,-0.203048,0.125209,-0.881041,-0.456168,-0.288391,0.407613,-0.866419
-0.719382,0.650406,0.243847,-0.282025,0.0473242,-0.958239,-0.634784,-0.758111,0.149387
-0.960327,-0.205558,-0.188463,-0.274,0.821298,0.500393,0.0519242,0.53218,-0.845037
-0.65043,-0.737121,-0.183285,0.31732,-0.482934,0.816139,-0.690108,0.472681,0.548018
-0.637861,-0.468084,-0.611581,-0.594406,-0.205728,0.777404,-0.48971,0.859403,-0.147006
-0.42426,-0.860933,0.280709,-0.474834,-0.0524469,-0.878511,0.771062,-0.506008,-0.386549
-0.929309,0.21211,-0.302315,0.311158,0.0088042,-0.950317,-0.19891,-0.977206,-0.0741816
0.469204,-0.165322,0.867477,-0.878579,-0.186553,0.439656,0.0891453,-0.968435,-0.23278
-0.130689,0.991279,-0.0168927,-0.315717,-0.0577636,-0.947094,-0.93981,-0.118442,0.320513
0.845414,-0.527839,0.0816141,-0.480063,-0.817921,-0.317088,0.234125,0.228891,-0.944878
0.35194,0.210412,-0.912067,0.898825,-0.347933,0.266563,-0.26125,-0.913603,-0.311575
-0.105679,-0.93746,-0.331664,0.078022,-0.340321,0.937067,-0.991335,0.073151,0.109107
0.86786,0.486442,0.100957,0.172603,-0.485777,0.856872,0.465861,-0.72622,-0.505547
0.946741,0.229625,-0.225728,-0.154184,0.938725,0.308257,0.282681,-0.257036,0.924134
-0.365354,0.812511,-0.454249,-0.397933,0.304823,0.865293,0.841526,0.496899,0.211957
0.452474,-0.518851,-0.7253,0.887915,0.337734,0.312319,0.0829119,-0.785321,0.613511
0.703229,-0.400052,-0.587731,-0.367313,-0.91223,0.181433,-0.608728,0.0882927,-0.78845
0.580491,-0.784689,0.217471,-0.808259,-0.522894,0.27074,-0.0987324,-0.332935,-0.937767
0.591267,-0.21784,0.776498,0.293269,-0.838835,-0.458639,0.751263,0.498901,-0.43209
0.994807,0.101146,0.0113413,-0.0100403,-0.0133627,0.99986,0.101284,-0.994782,-0.0122778
-0.919391,0.0661968,-0.387735,0.0709163,0.99748,0.00214126,0.386899,-0.0255281,-0.921769
-0.710335,-0.605184,-0.359411,0.562952,-0.181969,-0.806208,0.422503,-0.775009,0.469949
0.642153,0.719288,-0.265075,0.170896,0.202761,0.9642,0.747284,-0.664464,0.00728029
0.931843,-0.160305,0.325533,0.0935022,-0.76075,-0.642275,0.350609,0.628937,-0.69391
0.444243,-0.607814,-0.658188,0.505426,0.776618,-0.376043,0.739724,-0.165611,0.652212
-0.54696,0.013645,0.837047,-0.757303,0.418117,-0.501668,-0.356829,-0.908291,-0.21836
-0.886125,0.127768,0.445487,-0.228579,-0.956686,-0.180286,0.403156,-0.261585,0.876948
-0.387248,0.448255,-0.805672,-0.753933,-0.656944,-0.0031266,-0.530682,0.606212,0.592354
-0.39402,0.875432,-0.279942,-0.654111,-0.481063,-0.58371,-0.645668,-0.0468801,0.762178
0.946689,0.0606914,0.316379,-0.321011,0.260176,0.910638,-0.0270463,-0.963652,0.265788
-0.907912,0.327329,-0.261822,0.417785,0.656122,-0.628459,-0.0339251,-0.679971,-0.732454
-0.674471,-0.545363,0.497662,-0.456198,-0.222138,-0.861706,0.580493,-0.808229,-0.0989679
0.603912,0.461816,-0.649628,0.771556,-0.543208,0.331097,-0.199978,-0.701178,-0.684367
-0.324967,0.938767,0.114516,0.282134,0.211807,-0.935702,-0.902661,-0.271763,-0.333688
0.757704,0.418078,0.501095,-0.63744,0.309602,0.705562,0.13984,-0.854025,0.501086
-0.341155,0.663949,0.665421,-0.93346,-0.155883,-0.323038,-0.110753,-0.73135,0.67295
0.779394,-0.396501,0.48511,0.59211,0.719255,-0.363426,-0.204819,0.570491,0.795355
0.991535,-0.108964,0.070607,0.0461274,-0.212707,-0.976027,0.12137,0.971021,-0.20588
0.516813,0.418791,-0.746671,-0.850871,0.15504,-0.501977,-0.0944594,0.89475,0.436464
0.288851,0.727414,0.622442,-0.280317,-0.557402,0.781489,0.915417,-0.400215,0.0429003
-0.609591,-0.755715,0.239361,0.644919,-0.297209,0.704092,-0.460953,0.583577,0.668551
-0.95494,0.296481,0.013744,0.296766,0.953121,0.0590775,0.00441559,0.0604942,-0.998159
0.123208,0.0953222,-0.987792,-0.422887,0.90552,0.0346358,0.897768,0.413457,0.151878
0.885199,-0.452787,-0.106801,0.355668,0.510702,0.782741,-0.299872,-0.730868,0.613115
-0.323599,-0.571818,0.753862,0.0827481,-0.810781,-0.579471,0.942569,-0.125136,0.309685
0.310172,-0.89917,-0.308686,0.362285,0.411995,-0.836068,0.878944,0.147492,0.453545
0.774105,-0.181275,0.606548,-0.142488,0.883648,0.44594,-0.616813,-0.43163,0.658207
-0.016183,-0.890408,-0.454876,-0.968923,0.126274,-0.212706,0.246834,0.437297,-0.86478
-0.348486,-0.936021,0.0492073,-0.032756,0.0646277,0.997372,-0.936741,0.345958,-0.0531821
-0.307461,-0.24356,0.919862,-0.17437,0.96474,0.19716,-0.935448,-0.0997773,-0.339089
-0.621662,0.745251,0.241118,0.682296,0.364021,0.634004,0.38472,0.55865,-0.734779
-0.714239,-0.690796,0.11253,0.629765,-0.564153,0.533973,-0.305382,0.452252,0.83798
-0.443383,-0.859851,0.253116,-0.253186,-0.150747,-0.955601,0.859831,-0.487782,-0.150864
0.973091,-0.131414,0.189275,-0.227284,-0.682527,0.694621,0.0379023,-0.718948,-0.694029
-0.332216,0.916584,-0.222501,0.402357,0.351077,0.84549,0.853078,0.191361,-0.485427
-0.703366,0.0732496,-0.707044,0.673154,-0.250884,-0.695644,-0.228342,-0.965242,0.127155
-0.129057,-0.674394,0.727006,0.0290637,0.73025,0.682562,-0.991211,0.109219,-0.0746433
0.978534,0.166667,-0.121215,-0.205934,0.768296,-0.606063,-0.00788139,0.618016,0.786126
0.515491,0.188991,0.835794,0.466292,0.75645,-0.458644,-0.718917,0.626151,0.301818
-0.499976,-0.335131,-0.798568,-0.393849,-0.733237,0.554299,-0.771302,0.591652,0.23461
-0.225405,0.721046,-0.655199,-0.0024681,0.672081,0.740474,0.974262,0.168523,-0.149711
-0.583568,-0.0368259,-0.811229,-0.113212,0.992905,0.0363673,0.804134,0.113063,-0.583597
0.661682,-0.206326,-0.720837,-0.739429,-0.0203322,-0.672928,0.124187,0.978272,-0.166017
-0.862052,-0.322651,0.390848,0.0624131,0.697725,0.713642,-0.502962,0.63959,-0.581338
-0.846239,-0.250384,0.470305,0.125689,-0.951601,-0.280461,0.517766,-0.178225,0.836752
0.0981973,-0.399323,0.911536,-0.981095,-0.192337,0.0214324,0.166763,-0.896408,-0.410661
0.734346,-0.451537,-0.506804,-0.112099,-0.817068,0.565538,-0.669455,-0.358488,-0.650628
-0.516504,0.292083,0.804929,-0.620114,0.520651,-0.58684,-0.590494,-0.802253,-0.0877936
-0.727575,0.178883,-0.662295,-0.6631,0.064125,0.745779,0.175877,0.981778,0.0719613
0.726827,-0.538987,-0.425694,-0.284272,-0.800301,0.527928,-0.62523,-0.262699,-0.734899
0.491445,0.235353,0.838505,-0.570535,0.81443,0.105793,-0.658005,-0.530388,0.534525
-0.195362,0.489427,-0.849879,0.957982,-0.090334,-0.272233,-0.210011,-0.867353,-0.451215
-0.680462,0.525269,0.510945,0.157128,-0.576458,0.801877,0.715739,0.625931,0.309723
0.53991,0.624387,-0.564481,0.39717,0.402296,0.824872,0.742127,-0.669552,-0.0307845
0.639398,-0.283734,-0.714608,0.721294,-0.100528,0.685295,-0.26628,-0.953619,0.140378
0.390751,-0.7283,0.562932,-0.120991,0.56561,0.815749,-0.91251,-0.386865,0.132895
0.307639,-0.788688,-0.532287,-0.523419,-0.607443,0.597532,-0.794601,0.094785,-0.599688
0.0542422,0.724254,0.687396,0.505175,-0.613713,0.606757,0.86131,0.314344,-0.399165
0.871967,-0.0621178,0.485607,0.119732,0.988854,-0.0885017,-0.474697,0.135313,0.869686
-0.68208,0.584358,0.439651,0.21763,-0.411762,0.884923,0.698144,0.699269,0.153681
-0.473767,0.875927,0.0910893,-0.143505,0.0252637,-0.989327,-0.868879,-0.481782,0.113731
0.808866,-0.567132,0.155235,-0.562596,-0.823223,-0.0760884,0.170945,-0.0257892,-0.984943
-0.276731,0.801448,0.53019,-0.87445,0.0187455,-0.484753,-0.398442,-0.597771,0.695639
0.113925,-0.469341,-0.875637,0.215819,-0.848637,0.482948,-0.969765,-0.243998,0.00461193
0.67747,0.735509,-0.00781516,0.549685,-0.513313,-0.659057,-0.488754,0.442196,-0.752052
-0.913055,-0.362971,0.185966,0.403678,-0.869274,0.285317,0.0580936,0.33558,0.940219
0.984313,0.10336,-0.142985,0.117001,0.22419,0.967497,0.132056,-0.969049,0.20858
0.0685558,-0.972056,0.224517,-0.0379141,0.222345,0.97423,-0.996927,-0.0753015,-0.0216115
-0.897887,0.304342,-0.318079,0.288918,-0.137768,-0.947389,-0.332152,-0.942547,0.0357705
-0.724369,0.384959,-0.571922,0.647294,0.0942527,-0.75639,-0.237274,-0.918108,-0.317456
0.214432,0.171928,-0.961488,0.273633,0.934394,0.228109,0.937627,-0.312009,0.153319
-0.250607,0.176307,-0.951899,-0.383291,-0.920996,-0.0696745,-0.888979,0.347393,0.298385
-0.908493,0.372579,-0.189276,-0.35335,-0.443034,0.823933,0.223125,0.815417,0.534144
0.177578,-0.588364,-0.788856,-0.277967,-0.798943,0.533315,-0.944034,0.124571,-0.30542
0.308089,-0.0670626,0.948991,-0.587001,0.771594,0.245096,-0.748673,-0.63257,0.198354
0.109585,-0.609565,0.785125,-0.323556,0.724987,0.608035,-0.939842,-0.320663,-0.117781
-0.17162,-0.784457,-0.595965,-0.736858,0.503741,-0.450872,0.653902,0.361763,-0.664485
-0.687039,0.641437,0.341374,-0.723837,-0.645257,-0.244344,0.0635422,-0.414973,0.907612
0.501548,0.506248,0.701543,0.846727,-0.120882,-0.518113,-0.17749,0.853874,-0.489282
-0.309971,0.0740268,0.94786,-0.833758,-0.500285,-0.233585,0.456909,-0.86269,0.216794
-0.604294,0.435638,-0.667119,0.390661,0.891738,0.228445,0.694415,-0.122569,-0.709059
-0.710911,-0.145808,-0.688002,-0.552337,-0.489821,0.674536,-0.43535,0.859544,0.267684
0.620629,-0.730988,-0.283682,-0.0677003,-0.410396,0.909391,-0.781176,-0.545189,-0.304192
0.914623,0.243693,-0.322613,-0.130201,0.932961,0.335606,0.38277,-0.264948,0.885036
-0.272871,-0.784738,0.556533,0.869119,-0.449129,-0.20716,0.412521,0.427165,0.804585
0.549898,0.557705,-0.621753,-0.256819,0.821246,0.509509,0.794768,-0.120499,0.59483
0.468712,-0.703101,0.534751,-0.39719,-0.708466,-0.583366,0.789018,0.0610331,-0.611331
-0.973156,0.224498,-0.0506659,0.138026,0.393154,-0.909054,-0.184162,-0.891645,-0.413587
-0.476302,0.543518,0.691176,0.655356,-0.304627,0.691166,0.586212,0.78217,-0.211103
-0.0496621,-0.136735,0.989362,-0.997444,-0.0441551,-0.0561702,0.0513658,-0.989623,-0.134193
-0.528489,-0.814711,-0.238632,0.841854,-0.539189,-0.0235813,-0.109456,-0.213355,0.970824
-0.242221,-0.193294,-0.950771,-0.0908026,-0.971136,0.220567,-0.965963,0.139759,0.217678
0.795316,-0.60178,0.073029,-0.175161,-0.343467,-0.922686,0.580337,0.721035,-0.378573
-0.96481,-0.227526,-0.131809,0.143608,-0.875856,0.460709,-0.220269,0.425568,0.877709
-0.83919,-0.527658,-0.131673,0.530228,-0.847672,0.0176113,-0.120908,-0.0550375,0.991137
-0.391017,-0.195331,0.899417,0.920363,-0.076421,0.383527,-0.00618009,0.977755,0.209657
0.656972,-0.718656,0.227863,0.224569,0.47506,0.850816,-0.719692,-0.507791,0.473488
-0.340665,-0.938707,0.0526934,0.935232,-0.332592,0.121344,-0.0963814,0.0906182,0.991211
-0.763099,0.621461,0.177387,-0.385118,-0.657683,0.647408,0.519003,0.425721,0.741213
0.762692,0.0733746,0.642586,-0.00895233,0.994646,-0.102949,-0.6467,0.0727661,0.759266
-0.671433,0.368952,0.642692,0.69757,0.0219201,0.716181,0.250149,0.92919,-0.272088
-0.836769,-0.411396,0.361345,0.54507,-0.68864,0.478198,0.052108,0.5971,0.800473
-0.706738,-0.196947,-0.679509,-0.162947,0.979962,-0.114553,0.688454,0.029765,-0.724669
-0.44342,-0.585259,-0.678859,0.890611,-0.372996,-0.260165,-0.100948,-0.719962,0.686632
-0.671399,-0.463262,-0.578456,0.260356,0.583345,-0.769366,0.693857,-0.667156,-0.271045
0.547387,-0.69716,0.462963,-0.0991156,-0.603314,-0.79132,0.83099,0.387271,-0.399346
0.864741,0.49313,0.0951126,0.358776,-0.739099,0.570099,0.35143,-0.458864,-0.816052
-0.722797,0.470182,-0.506452,-0.654533,-0.700892,0.283438,-0.221701,0.536357,0.814352
-0.85196,0.344923,-0.393944,-0.491963,-0.269718,0.827783,0.179268,0.899044,0.399479
-0.825645,-0.375527,0.421058,-0.127345,-0.603004,-0.787508,0.54963,-0.703822,0.450046
0.0366005,-0.592094,0.805038,0.354891,-0.745367,-0.564341,0.934191,0.306356,0.182848
-0.032876,-0.117817,0.992491,-0.986692,-0.154393,-0.0510117,0.159244,-0.98096,-0.111174
-0.644333,0.540677,-0.540836,-0.685768,-0.7215,0.0957114,-0.338464,0.432558,0.835665
0.638895,0.476679,-0.603813,-0.242252,-0.620297,-0.74602,-0.730156,0.622903,-0.280828
-0.755754,0.179182,0.629864,-0.639351,-0.409953,-0.650515,0.141654,-0.894334,0.424384
0.855431,0.086083,0.510713,-0.330147,0.850407,0.409647,-0.39905,-0.519035,0.755885
-0.12862,-0.989069,-0.0721072,0.31557,0.0281112,-0.948486,0.940145,-0.144749,0.308505
-0.785833,0.227717,-0.574988,0.601239,0.499054,-0.624065,0.14484,-0.836116,-0.529085
-0.0905068,-0.830969,-0.548907,0.993876,-0.0402818,-0.102895,0.0633914,-0.554858,0.829526
-0.440649,-0.726689,-0.527021,-0.768582,0.608744,-0.196752,0.463799,0.31836,-0.826763
0.0656101,0.97374,-0.218004,0.635095,-0.20926,-0.743549,-0.769643,-0.0896687,-0.632147
0.220321,0.577897,-0.785808,0.956344,-0.28655,0.0574006,-0.192002,-0.76415,-0.615801
-0.403448,0.670438,-0.622689,-0.747267,0.151304,0.64707,0.528036,0.726374,0.439953
0.709647,0.582345,0.396579,0.461841,-0.809567,0.362358,0.532075,-0.0739896,-0.843458
-0.561626,-0.203426,0.801994,-0.204965,0.973298,0.103344,-0.801602,-0.10634,-0.588325
0.72354,-0.409704,-0.555547,-0.600501,-0.770493,-0.213866,-0.340423,0.488348,-0.80351
-0.944355,0.180298,0.275111,-0.204079,0.334782,-0.919931,-0.257964,-0.924886,-0.279358
0.200911,-0.518993,0.830831,0.937519,-0.144069,-0.316705,0.284065,0.84255,0.457621
-0.788315,0.514621,0.33723,0.566448,0.393061,0.72432,0.240198,0.762016,-0.601363
-0.848513,-0.496734,-0.182432,0.297077,-0.161854,-0.941036,0.437917,-0.852677,0.284904
-0.877629,-0.0818384,-0.472303,0.145869,-0.984184,-0.100518,-0.456607,-0.157112,0.875686
-0.545142,0.837559,0.0362532,0.0651173,0.0854168,-0.994215,-0.835811,-0.539628,-0.101104
-0.17582,-0.834156,-0.522753,-0.95564,0.272094,-0.112767,0.236303,0.479737,-0.844993
-0.860256,0.405294,-0.30935,-0.483578,-0.840865,0.2431,-0.161594,0.358723,0.91935
-0.568783,0.731178,0.37665,-0.821906,-0.488058,-0.293718,-0.0309331,-0.476633,0.878558
0.862963,0.312668,-0.396906,-0.271875,-0.374779,-0.886355,-0.425886,0.8728,-0.238414
0.50779,-0.262493,-0.820516,-0.560436,0.622696,-0.546042,0.654264,0.737121,0.169088
-0.010411,-0.827238,0.561755,0.337844,-0.53166,-0.776659,0.941145,0.1817,0.285012
0.630477,0.36613,0.684432,0.641168,0.251337,-0.725074,-0.437495,0.895979,-0.0762885
0.0832765,-0.494636,0.865101,0.989836,-0.0593716,-0.12923,0.115284,0.86707,0.484664
-0.474205,-0.33826,0.812841,-0.604873,0.796028,-0.0216147,-0.639733,-0.501916,-0.582085
-0.0648217,0.871406,0.486262,0.0710561,0.49008,-0.868776,-0.995364,-0.0217637,-0.0936866
-0.118243,-0.834822,-0.537671,0.977115,-0.194239,0.0867021,-0.176817,-0.515115,0.838685
0.121418,-0.587259,-0.80024,0.244231,-0.763745,0.597533,-0.962086,-0.267995,0.050695
-0.422639,-0.905309,0.0423361,0.254462,-0.0737009,0.96427,-0.869842,0.418311,0.261515
0.0304503,-0.943939,0.328713,0.951096,-0.0737741,-0.299956,0.307391,0.321771,0.89553
-0.387392,-0.362576,-0.847624,-0.892444,-0.0831267,0.443434,-0.231239,0.928239,-0.291377
-0.396411,-0.460837,-0.794032,0.529348,0.591916,-0.607804,0.750099,-0.66126,0.00930056
0.409364,0.119144,0.904558,-0.850667,0.408254,0.331202,-0.329829,-0.90506,0.268476
-0.200129,-0.918681,-0.340549,0.259773,-0.384894,0.885649,-0.944704,0.0887791,0.315677
0.561204,0.0693889,0.824764,0.600371,0.651811,-0.463355,-0.569742,0.755201,0.324139
-0.269114,-0.727607,-0.631004,0.914256,0.0130167,-0.404927,0.302841,-0.685871,0.661716
-0.569056,0.73295,0.372773,0.0272743,0.469904,-0.882296,-0.821846,-0.491909,-0.287393
-0.571822,0.723784,0.386207,-0.806313,-0.582644,-0.10191,0.151261,-0.369678,0.916765
0.123348,-0.822644,0.555015,0.441674,0.546347,0.711638,-0.888656,0.157357,0.430731
0.10806,0.809246,-0.577445,-0.764608,0.43888,0.471973,0.635372,0.390518,0.666182
-0.0419924,0.998308,-0.0402302,0.178718,0.0471217,0.982771,0.983004,0.0340791,-0.180394
0.445085,-0.458458,-0.76923,0.531791,0.826453,-0.184862,0.720484,-0.326791,0.611646
-0.565657,0.727626,0.388062,-0.228156,-0.590305,0.774264,0.79245,0.349429,0.499923
0.558081,-0.575908,-0.59739,0.30658,-0.525886,0.793381,-0.771073,-0.625919,-0.116925
0.651368,0.72292,0.230447,0.118962,0.202658,-0.971997,-0.749378,0.660542,0.0460048
-0.791852,0.348845,0.501276,-0.381956,-0.923349,0.0392068,0.476529,-0.160419,0.864399
-0.497202,-0.856327,0.139618,-0.71093,0.309849,-0.631325,0.497361,-0.413155,-0.762847
0.832284,0.284632,-0.475697,-0.0346331,-0.829744,-0.557069,-0.553266,0.480114,-0.680725
-0.185706,-0.953419,0.237709,-0.982571,0.178152,-0.0530704,0.00824989,-0.243421,-0.969886
-0.858265,-0.0596948,-0.509722,0.506888,-0.253967,-0.823751,-0.080279,-0.965369,0.24823
0.563979,-0.121372,-0.816821,0.612881,-0.601405,0.512531,-0.553447,-0.789671,-0.264793
-0.568603,0.781538,0.256688,-0.662611,-0.250224,-0.705928,-0.487481,-0.571477,0.660134
-0.945514,0.0642209,-0.319184,0.279135,-0.344733,-0.896238,-0.167591,-0.936502,0.308023
0.350993,0.333161,0.875104,0.927535,-0.251841,-0.276144,0.128387,0.908614,-0.397413
0.182716,0.245632,-0.951987,-0.640385,-0.704981,-0.30481,-0.746004,0.665332,0.028488
0.0898195,0.0235211,-0.99568,0.952523,0.289988,0.0927767,0.290918,-0.956741,0.0036422
0.258556,-0.596587,-0.759759,0.388134,0.784382,-0.483835,0.88459,-0.16979,0.434363
0.858968,-0.423861,-0.287255,-0.264906,-0.847973,0.459094,-0.438176,-0.318251,-0.840665
-0.656622,0.613942,0.43809,0.750267,0.472305,0.462631,0.0771165,0.632458,-0.770746
-0.934774,-0.216272,0.281824,0.25107,0.159039,0.954814,-0.25132,0.963293,-0.0943659
-0.544497,0.748505,-0.378502,0.768279,0.626143,0.133013,0.336557,-0.21837,-0.915993
-0.640086,-0.753447,-0.15036,-0.48862,0.248179,0.836455,-0.592908,0.608872,-0.527005
0.371118,-0.866013,-0.335102,0.211392,-0.272606,0.938616,-0.904204,-0.419175,0.0818989
0.510342,-0.0291419,-0.859477,-0.783642,0.395876,-0.478735,0.354198,0.917842,0.179195
0.623994,0.703926,-0.339292,0.778977,-0.594711,0.19878,-0.0618546,-0.388338,-0.919439
-0.154194,0.977996,-0.140527,-0.0881323,-0.155276,-0.983932,-0.984102,-0.139332,0.110136
0.223193,-0.931162,0.28831,0.928014,0.293488,0.229468,-0.298287,0.21634,0.929635
0.413962,0.633683,-0.653515,0.058718,0.697833,0.71385,0.908399,-0.333879,0.251667
0.034317,0.188503,-0.981473,0.21163,0.958411,0.191473,0.976747,-0.21428,-0.00700299
-0.492054,-0.166346,-0.854525,0.229192,0.922195,-0.311492,0.839854,-0.349121,-0.415644
-0.612608,0.331625,0.717451,-0.399813,-0.913042,0.0806457,0.681807,-0.237442,0.691925
-0.0998484,0.649426,0.753841,-0.0914422,-0.76041,0.642973,0.990792,-0.00473308,0.135311
-0.453131,0.630595,-0.630097,0.204248,0.761467,0.615184,0.86773,0.150063,-0.473842
-0.252933,-0.272441,0.928332,0.593278,-0.801625,-0.0736115,0.764229,0.53214,0.364391
0.820625,0.511266,-0.255307,0.445113,-0.291663,0.846645,0.358397,-0.808418,-0.466917
0.294281,-0.462407,0.836408,-0.324046,0.775045,0.542494,-0.899107,-0.43068,0.0782394
-0.580438,-0.335437,-0.742007,-0.730448,-0.188269,0.656506,-0.359913,0.923059,-0.135741
0.624092,-0.620274,0.475152,-0.652465,-0.748283,-0.119841,0.429882,-0.235228,-0.871705
0.304662,-0.109098,-0.946192,0.919393,0.293177,0.262229,0.248793,-0.949813,0.189623
-0.977223,-0.0544547,0.20511,-0.121316,0.936364,-0.3294,-0.17412,-0.346781,-0.921643
0.877804,0.477968,0.0317096,0.466016,-0.836783,-0.287442,-0.110854,0.267095,-0.957273
0.376353,0.867467,-0.325362,-0.858516,0.194512,-0.474463,-0.348294,0.457894,0.817939
-0.387366,-0.858456,-0.336157,-0.0758772,-0.333701,0.93962,-0.918798,0.389483,0.0641272
-0.518865,-0.0292387,-0.854356,-0.830642,-0.218942,0.511956,-0.202023,0.9753,0.0893146
0.612352,0.0218396,0.790283,0.478639,-0.805841,-0.348604,0.629229,0.591729,-0.503912
-0.15555,-0.767682,-0.621666,-0.918973,-0.118384,0.376131,-0.362345,0.629801,-0.687064
0.778602,-0.447236,-0.440181,0.605317,0.350346,0.714737,-0.16544,-0.822945,0.543499
-0.950825,0.20727,-0.230154,-0.309081,-0.586942,0.74831,0.0200154,0.782648,0.622142
0.125265,0.750335,-0.649081,0.279643,-0.654411,-0.702529,-0.951897,-0.093508,-0.291801
0.197343,-0.0203412,-0.980124,0.979023,0.0557888,0.195963,0.0506938,-0.998235,0.030924
-0.0422774,-0.499768,0.865127,0.99618,0.0451319,0.0747536,-0.0764043,0.864983,0.495951
-0.523209,-0.841498,-0.134664,-0.655849,0.498499,-0.566887,0.544164,-0.208281,-0.812714
0.546512,-0.702344,0.456111,0.725528,0.125073,-0.676732,0.418252,0.700763,0.577924
0.0535146,0.973084,-0.22415,0.244486,-0.230408,-0.941881,-0.968175,-0.00439716,-0.250235
0.521543,-0.297013,0.79986,0.584197,-0.55894,-0.588473,0.621858,0.77419,-0.117997
-0.681193,-0.719142,0.137153,-0.720804,0.626018,-0.297562,0.128129,-0.301558,-0.944799
-0.340338,0.89456,0.289711,-0.276009,-0.389572,0.878665,0.898882,0.21908,0.379493
-0.752697,0.301882,0.585077,0.622419,0.0366529,0.781825,0.214574,0.952641,-0.215485
-0.0735033,-0.544163,0.835753,0.976719,0.130072,0.170592,-0.201538,0.828835,0.521934
-0.918167,-0.0277431,-0.395221,-0.366025,0.441203,0.819369,0.151641,0.896979,-0.415252
-0.497966,-0.317745,-0.806888,0.047238,0.919135,-0.3911,0.865909,-0.23287,-0.442689
0.392527,0.865599,0.310903,0.0011111,0.337587,-0.941294,-0.91974,0.369829,0.13155
0.75594,-0.0713108,0.650745,-0.471544,0.630209,0.616832,-0.454092,-0.773143,0.442775
-0.889058,-0.430818,0.154826,-0.44795,0.888436,-0.100107,-0.0944246,-0.158356,-0.982857
-0.27497,-0.891079,0.361067,-0.74203,0.435487,0.50965,-0.611378,-0.127784,-0.780953
-0.199568,0.81291,0.547129,0.598451,-0.341015,0.724959,0.775905,0.472108,-0.418431
0.599692,-0.557286,0.574284,-0.65308,-0.755555,-0.0512166,0.462446,-0.34434,-0.817052
-0.188547,-0.880096,0.435754,0.979334,-0.135436,0.150207,-0.0731796,0.45507,0.887444
-0.524259,0.826573,-0.204767,-0.769653,-0.357032,0.529304,0.3644,0.435092,0.823352
-0.944165,-0.224418,0.241225,0.273563,-0.125934,0.953574,-0.183621,0.966321,0.180295
0.962111,-0.161112,-0.219969,-0.197219,-0.968283,-0.153405,-0.188277,0.190974,-0.963369
0.98509,-0.154293,0.0760977,-0.149621,-0.550029,0.821633,-0.0849161,-0.820769,-0.564914
-0.99045,0.0818442,0.110953,0.00219266,0.813994,-0.580869,-0.137856,-0.575078,-0.8064
-0.211411,0.61215,-0.761957,0.977282,0.120415,-0.174413,-0.0150158,-0.781519,-0.6237
0.928594,0.181315,0.323787,0.250618,-0.949887,-0.18683,0.273686,0.254636,-0.9275
-0.703157,-0.594658,0.389811,0.38664,-0.779868,-0.492254,0.596724,-0.195415,0.778289
-0.343076,0.936696,0.0699888,-0.773423,-0.23942,-0.586937,-0.533025,-0.255495,0.806602
0.155638,0.684517,0.712189,-0.965025,0.259337,-0.0383688,-0.210961,-0.681308,0.700939
-0.445637,0.782964,0.434022,-0.294263,0.329767,-0.89703,-0.845469,-0.527466,0.0834414
-0.638091,-0.247308,0.729163,-0.76967,0.230916,-0.595219,-0.0211728,-0.941019,-0.337691
-0.143663,-0.888714,-0.435371,0.573034,0.283974,-0.76876,0.806842,-0.359924,0.468467
-0.449555,-0.738777,0.502104,0.258899,0.430214,0.864805,-0.85491,0.518771,-0.00213585
-0.666138,0.146247,0.731349,0.410087,-0.747233,0.522945,0.622967,0.648271,0.437787
-0.939903,-0.188962,-0.284387,-0.33949,0.606116,0.719284,0.0364542,0.772604,-0.633841
0.0984634,-0.461984,-0.881406,-0.994402,-0.0797968,-0.0692614,-0.0383357,0.883291,-0.467254
0.622242,0.108769,-0.775231,-0.68264,-0.409327,-0.605354,-0.383166,0.905881,-0.180451
-0.507567,0.312835,-0.802814,-0.850258,-0.0310906,0.525448,0.139419,0.949298,0.281771
-0.359498,0.615228,0.70161,-0.0408538,-0.761531,0.646839,0.932251,0.203874,0.298903
-0.670087,-0.47744,0.568362,0.182483,-0.848153,-0.497329,0.719502,-0.229538,0.655461
0.989738,0.140199,-0.0276175,-0.135842,0.86319,-0.486261,-0.0443341,0.485023,0.873377
0.109815,0.450702,0.885894,0.953268,-0.300144,0.0345324,0.28146,0.840703,-0.4626
0.974094,-0.225832,-0.0118711,-0.172586,-0.776295,0.606285,-0.146134,-0.588529,-0.795159
-0.988393,-0.149955,-0.0243658,-0.151793,0.981379,0.117703,0.00626195,0.120035,-0.99275
-0.188963,-0.961241,0.200768,0.423597,0.104661,0.899784,-0.885922,0.255071,0.387402
0.640024,-0.185724,0.745571,-0.058156,-0.979273,-0.194016,0.766151,0.0808158,-0.637559
0.151565,0.859066,-0.488911,-0.254589,-0.444009,-0.859093,-0.955098,0.25468,0.151412
-0.384534,0.545057,-0.745014,0.773294,0.630962,0.0624849,0.504133,-0.552087,-0.664116
-0.909765,-0.216072,-0.354458,-0.314691,0.915838,0.249418,0.270734,0.338456,-0.901194
0.687086,0.0480503,-0.724985,0.224916,-0.962865,0.149342,-0.690887,-0.265671,-0.672379
0.051118,0.155499,0.986513,0.998347,0.0180339,-0.0545738,-0.0262768,0.987671,-0.15432
-0.0104528,-0.916626,0.399609,-0.177382,0.394992,0.901397,-0.984087,-0.0614611,-0.166721
-0.606045,0.645176,-0.46525,0.761049,0.300213,-0.575045,-0.231331,-0.702581,-0.672953
-0.780843,0.343908,-0.521546,-0.145354,-0.91194,-0.383715,-0.607582,-0.223813,0.762071
-0.857646,-0.0499276,0.511812,-0.448807,-0.413176,-0.792375,0.251029,-0.909282,0.331951
0.311224,-0.606318,0.731791,0.80493,-0.24117,-0.542148,0.505201,0.75777,0.412986
-0.958178,0.247522,-0.143624,0.283512,0.889343,-0.358735,0.0389366,-0.384451,-0.922324
0.270909,-0.34517,0.898591,-0.351884,0.833381,0.426208,-0.895983,-0.431664,0.104311
0.890248,-0.37001,0.265616,-0.110354,-0.741004,-0.662371,0.441907,0.560362,-0.700509
0.415098,-0.502445,0.758448,0.831384,-0.12905,-0.540507,0.369453,0.854924,0.364156
-0.797441,-0.37457,0.473059,0.57011,-0.210926,0.794031,-0.19764,0.902888,0.381747
-0.0477234,0.035399,-0.998233,-0.923378,0.379545,0.057604,0.380913,0.924496,0.0145735
0.0675514,-0.756172,-0.650877,0.943586,0.260378,-0.20457,0.324164,-0.600339,0.731102
0.326196,0.340101,-0.882002,0.694555,-0.719149,-0.0204331,-0.64124,-0.605934,-0.470803
0.311821,0.0369837,-0.949421,0.88025,-0.387399,0.274013,-0.357671,-0.92117,-0.153354
0.950196,0.211352,-0.229035,-0.234346,8.12486e-05,-0.972153,-0.205448,0.97741,0.0496067
-0.699912,0.690188,0.18375,-0.574808,-0.391621,-0.718491,-0.423934,-0.608501,0.670825
-0.540322,0.813495,-0.215123,-0.551928,-0.149653,0.820353,0.635159,0.561988,0.529851
0.0879269,-0.950602,-0.2977,0.93913,0.178749,-0.293399,0.332119,-0.253781,0.908456
0.837235,-0.399252,0.373678,-0.325772,-0.912997,-0.24558,0.439215,0.0838743,-0.894458
0.715247,-0.320982,0.6208,0.327942,0.938568,0.107449,-0.617152,0.126734,0.776571
0.193941,0.968259,-0.157673,0.173343,-0.192019,-0.965961,-0.965577,0.160008,-0.205081
-0.0423212,-0.697007,0.715815,0.999007,-0.0394931,0.0206091,0.0139051,0.715976,0.697986
-0.231615,-0.688267,0.68749,-0.205414,0.725375,0.656991,-0.950873,0.0109487,-0.309387
-0.627093,-0.674169,-0.390193,0.479146,-0.728799,0.489153,-0.614144,0.119785,0.78005
-0.727308,-0.0546484,0.684132,-0.382565,0.859875,-0.338023,-0.569795,-0.507572,-0.6463
-0.219818,-0.944574,0.243845,-0.280716,-0.178141,-0.943114,0.93428,-0.275764,-0.225998
-0.798621,-0.407401,-0.442978,-0.238041,0.889851,-0.389233,0.552758,-0.205402,-0.807631
0.158419,0.633444,0.757398,0.265283,0.711573,-0.650606,-0.951067,0.303993,-0.0553154
0.135996,0.0438817,0.989737,-0.673436,0.736817,0.0598661,-0.726628,-0.674666,0.129756
0.0582628,0.311177,-0.948564,-0.0639137,0.949392,0.307523,0.996253,0.0427091,0.0752027
0.568782,0.786046,0.242111,-0.631645,0.228917,0.74069,0.526793,-0.57422,0.626706
0.213677,-0.643557,-0.734967,0.959967,-0.0011661,0.280112,-0.181125,-0.765397,0.617544
0.897359,-0.20924,0.388544,0.438041,0.31549,-0.841776,0.0535511,0.925572,0.374764
0.328041,-0.404725,0.853573,-0.0987334,-0.913314,-0.395107,0.93949,0.0453351,-0.339564
-0.690322,-0.105375,-0.715787,0.638076,0.377688,-0.670978,0.341049,-0.919917,-0.193489
-0.95372,-0.219055,0.205994,-0.143645,-0.269933,-0.952104,0.264167,-0.937631,0.225975
0.716591,0.694595,0.0635216,-0.697451,0.714573,0.0542878,-0.00768279,-0.0832054,0.996503
0.754262,-0.593407,-0.280992,-0.63042,-0.534957,-0.562487,0.183465,0.601406,-0.777594
-0.727931,-0.672312,-0.134586,-0.604368,0.536452,0.589032,-0.323814,0.510114,-0.796824
0.809581,0.266456,0.523048,0.35325,0.490493,-0.796637,-0.468821,0.829709,0.302969
0.109502,0.0441741,-0.993005,-0.225355,-0.971895,-0.0680857,-0.968103,0.231234,-0.0964695
