37.8948,38.9034,23.174
38.1849,37.5936,23.0827
38.855,38.7594,22.7979
37.1815,37.9791,23.1334
39.2837,37.4224,23.1005
38.1188,39.1298,21.9603
37.0975,36.829,23.4269
39.9274,38.1571,22.4696
36.9868,38.7703,22.4655
38.2662,36.6252,22.6972
39.2777,39.3983,22.0187
36.2858,37.4702,23.6901
40.2516,37.1551,23.0231
37.4396,39.7635,22.5451
37.9104,36.8661,24.0541
39.9392,39.0745,22.8159
36.1027,38.3802,23.0652
39.3559,36.4622,23.7359
38.3917,40.1547,22.3129
36.8174,37.4615,24.5611
40.3023,38.291,23.7269
36.3371,39.4055,23.1023
38.3081,35.9565,23.4726
39.1895,39.9117,23.3521
36.1009,38.2671,24.4625
40.271,37.0228,24.1485
37.495,40.8563,22.1157
36.6256,36.3213,24.3942
41.1352,38.5132,22.7117
35.5568,39.1298,22.4166
39.1952,35.6499,22.914
39.4873,40.5513,22.527
35.6056,37.2138,24.4406
41.1804,37.5471,23.8198
36.7522,40.4767,22.877
37.5131,35.6258,24.3966
40.325,39.6029,23.9139
35.2572,38.6984,23.5704
40.2571,36.1221,23.4172
38.4378,41.1202,22.9042
35.7915,36.2138,23.6975
41.8588,38.3308,23.5873
35.7059,40.3199,22.5178
38.7055,34.8177,23.6261
40.2676,40.7228,23.213
34.9406,38.0361,24.3609
41.2486,36.4748,23.6504
37.413,41.2109,23.1396
36.5947,35.453,23.6386
41.3605,39.2827,23.6515
35.21,39.8521,23.3285
39.8883,35.0496,23.7211
39.316,41.0197,23.6378
34.8696,36.8034,23.6725
42.1815,37.3029,23.2935
36.2525,41.6597,22.9073
37.3746,34.7274,23.4486
40.7984,40.5656,24.2254
35.1451,39.0749,24.4874
40.8904,35.6715,24.2465
37.6427,42.035,22.5637
35.9212,35.4322,24.4554
42.4372,39.1435,22.8206
34.5243,39.7707,22.5275
39.2429,34.199,22.9948
40.1001,41.6538,22.8542
34.5855,37.1059,24.6533
42.018,36.8415,24.3405
36.6946,40.8952,23.9209
36.8477,34.5501,24.5264
41.6504,40.0228,24.679
34.2857,39.1459,23.8739
40.8383,35.0733,23.3841
38.8185,42.0369,23.6636
34.9042,35.7988,24.2478
42.9625,38.2577,23.2537
34.857,40.9093,22.8686
38.2818,33.8483,23.5463
41.011,41.5107,23.4367
34.225,37.9805,25.2498
41.5762,35.9653,24.9659
37.4619,41.8949,23.9432
35.8841,34.3746,23.9497
42.4348,39.8313,23.8613
34.2944,40.1788,23.691
40.4783,34.0413,23.6127
39.9075,42.0877,23.7784
33.8231,36.4632,24.2164
43.1066,36.8596,23.9279
35.6012,41.1391,24.0259
37.2442,33.6526,23.9078
42.0673,41.0459,24.0538
34.097,39.0226,24.9028
41.8169,35.3444,23.9186
37.7823,42.9387,23.4266
35.0543,34.6771,24.5518
43.3101,39.2913,23.5009
33.6305,40.9197,23.0819
39.3396,33.1733,23.6795
40.9728,42.5817,23.6732
33.8592,36.9035,25.4177
42.5947,36.2405,25.2966
36.4359,41.916,24.6199
36.1789,33.5078,24.5844
42.7696,40.6276,24.7808
33.4087,39.505,24.312
40.8766,34.2441,24.6432
38.9771,43.1298,23.8307
33.941,35.2933,24.1241
43.2181,37.9489,24.471
34.6161,41.5546,23.6828
38.1701,32.8977,24.2538
41.3886,41.8932,24.3981
33.1228,38.1097,25.6007
42.2177,35.1116,24.8918
37.384,42.7155,24.6946
35.7217,34.1155,25.1985
43.6344,40.051,24.4381
33.0522,40.5672,23.9583
40.148,33.4408,24.3754
40.0663,43.0155,24.2901
33.0249,36.0057,24.6805
43.3912,36.9787,24.9357
35.3346,42.0501,24.5181
37.1652,33.2406,24.9868
42.7819,41.7077,24.4416
32.9034,38.6875,24.7747
41.8766,34.0892,24.3115
38.1522,43.5168,24.4733
33.974,34.3335,24.5826
43.994,38.8467,24.5228
33.4724,41.7432,23.8213
38.9553,33.144,24.9946
40.9769,42.5706,25.0763
32.6904,36.8908,25.2307
43.4948,35.759,24.5985
36.3358,43.0185,24.7987
36.5436,33.5233,25.7529
43.6214,41.0666,24.2356
32.2985,39.714,24.0689
41.2233,33.1815,24.3799
39.4003,43.4775,25.001
33.0148,34.8088,24.3674
44.4323,37.7055,24.5927
34.3302,42.539,23.9949
37.8234,32.3472,25.1976
42.191,41.8352,25.3678
32.2404,37.7885,24.8088
43.193,34.6211,24.1984
37.1885,43.7161,24.2225
34.7031,33.7292,25.2624
44.5582,39.5745,23.9236
32.3654,41.603,23.2389
39.7568,32.4342,24.3141
41.2943,43.3747,24.4329
32.2664,36.059,25.6608
43.6146,36.2489,25.8532
35.3198,42.4272,25.5103
36.0242,32.3775,24.9607
43.3524,41.5501,25.3781
32.6454,39.7285,25.0865
41.7489,33.51,25.1885
38.8831,44.4477,24.3782
33.5385,35.1471,25.2267
44.2422,38.3797,25.4454
33.3914,42.7399,23.3386
38.4889,31.5854,24.8617
41.9299,42.9361,25.2952
31.9247,37.2079,26.033
43.2837,34.8187,25.2293
37.0485,43.5793,25.3606
35.5074,33.3961,25.9461
44.7349,40.796,24.2656
31.9592,40.7786,23.8674
40.5465,32.7892,25.1596
40.2737,44.2117,24.6105
32.1973,35.3896,24.7007
44.4331,36.7364,25.4248
34.4192,42.733,25.0713
36.8889,31.842,25.0086
43.1037,42.6684,25.2322
31.896,38.7587,25.2362
42.7702,33.9172,24.9983
37.7482,44.7395,23.953
34.0887,34.3519,25.8122
44.9636,39.1456,24.8252
32.4141,42.472,23.8825
39.3224,31.9079,25.3444
40.9852,43.4229,25.8359
31.4735,36.6555,25.2029
44.253,35.4769,25.2367
36.0647,43.2671,25.8264
36.4801,32.4589,25.9897
44.4238,41.6995,24.625
31.5971,39.9581,24.7829
41.6773,32.1745,24.7538
39.0436,44.5614,25.3737
32.5729,34.5725,25.3467
45.3935,37.2547,24.8398
33.83,43.4669,24.5002
37.7305,31.6153,25.8725
42.6438,42.6532,26.1366
31.3563,38.2116,25.9782
43.979,33.8715,24.7276
36.6361,44.6284,25.2302
34.9947,34.0787,26.7475
45.5368,40.1407,24.563
31.4247,41.9131,23.9569
40.1611,32.271,25.9636
41.4439,44.3403,25.0287
31.1206,35.3986,24.9551
44.5338,35.8379,26.2167
35.0693,43.2965,26.1312
35.9457,31.4463,25.625
44.1737,42.4555,25.4628
31.8027,39.7514,25.8261
42.5566,32.8102,25.12
38.726,45.4789,24.5667
33.1904,34.4471,26.3524
45.4046,38.1637,25.4255
32.6548,43.5007,24.2733
38.644,30.9559,25.712
41.9171,43.728,26.3121
30.8221,37.1923,25.9823
44.0177,34.4552,25.9015
36.681,44.1411,26.2668
35.7538,32.9278,26.835
45.6285,41.1772,24.9105
30.7405,41.2537,24.542
41.1572,32.0303,25.6968
40.6279,45.0474,25.2073
31.4274,34.3895,25.4257
45.4137,36.5096,25.7638
34.2519,43.6708,25.6065
36.8319,30.8978,25.8899
43.7216,43.428,25.7489
30.7333,38.7779,25.3764
43.6127,32.9585,25.3473
38.0143,44.901,25.2108
33.8406,33.4684,26.8392
45.8873,39.1479,25.2725
31.6523,43.0734,24.3562
39.6784,31.1362,25.9866
41.3683,44.702,26.09
30.6485,36.1777,25.5894
45.3742,35.1495,25.7457
35.6174,44.1485,26.5868
36.0533,31.8412,26.8796
45.3103,42.2878,25.5391
30.5677,40.4705,25.7318
42.1178,31.5693,25.5592
39.5816,45.5182,25.8882
32.1707,34.6325,26.4896
46.0065,37.4108,25.9097
33.0727,43.9461,25.2663
37.9109,30.6791,26.2908
42.8908,44.09,26.2761
30.1674,37.98,25.7047
44.6488,33.3075,25.5076
37.1177,45.1142,26.1065
34.5781,33.1913,27.5477
45.7961,40.3281,25.7459
30.9328,42.4865,24.9035
40.743,31.1255,26.2871
41.738,45.3412,25.2851
30.6551,35.1182,25.8705
45.858,35.7608,26.4413
34.6796,44.2391,26.5032
36.0058,30.7793,26.6077
44.7994,43.2792,25.8302
30.9725,39.4045,26.3526
43.2524,32.2334,26.0623
38.6255,45.955,25.7106
32.7447,34.0841,27.4702
46.5798,38.4435,25.9293
32.1296,44.231,24.671
38.8326,30.611,26.721
42.1657,44.6135,27.0452
29.7805,36.9517,26.2512
45.2632,34.126,26.0294
36.1109,45.1445,26.611
35.4008,32.4469,27.8147
45.3182,41.36,26.0297
30.7575,41.5913,25.7142
41.8493,31.4468,26.5819
40.717,45.8288,25.8196
31.0508,34.2738,26.4501
46.4443,36.6054,26.5307
33.6146,44.4486,26.0305
36.9923,30.4303,27.0103
44.0001,43.5616,26.8132
29.9212,38.8989,26.3235
44.2019,32.667,26.2151
38.2982,45.1282,26.5911
33.5737,32.8844,27.8313
46.1304,39.4828,26.3298
31.572,43.3768,25.4619
40.0524,30.8853,27.1231
42.2205,45.4543,26.2658
30.3972,36.133,26.6563
46.1544,34.6673,26.3327
35.1708,44.4837,27.5895
35.2902,31.2366,27.4435
45.1411,42.209,26.7191
31.0529,40.4426,26.6932
42.7903,31.1044,26.5733
39.5239,46.6224,26.0915
31.7515,33.4928,26.9558
47.1491,37.4066,26.3007
32.3678,44.9917,25.469
37.9502,30.5529,27.4015
43.0996,44.2046,27.5547
29.5356,37.9593,26.7085
45.2041,33.0466,26.5386
37.0142,45.1016,27.225
34.2418,32.7599,28.6899
46.3023,40.3436,26.9894
30.8438,42.4993,26.1929
41.1009,30.8959,27.3719
41.4905,46.3201,26.2152
30.2466,35.0187,26.8757
46.989,35.6375,26.3882
34.1099,45.2112,26.6674
36.11,30.6011,27.6794
45.0222,43.2116,27.0177
30.4959,39.4208,27.3159
43.816,31.5425,26.6308
39.0727,46.0203,27.0266
32.6759,33.3222,28.3474
46.7539,38.678,26.951
31.5004,44.3494,25.9035
38.8538,30.9386,27.7474
43.1621,45.1961,26.932
29.8219,36.9113,27.3765
46.0426,33.7696,26.9025
35.9461,45.5105,27.5908
34.4691,31.7303,28.4189
45.7933,41.3938,27.0939
31.0422,41.6323,26.7498
42.1913,31.0771,27.5281
40.4428,46.7474,26.5341
30.7719,34.2306,27.5346
47.4886,36.47,26.8144
32.8305,45.2786,26.5693
36.9906,30.8823,28.3317
44.2577,43.8727,27.8276
29.4614,38.9847,27.3657
44.9544,31.6726,26.6619
37.9683,45.7231,27.4552
33.1898,32.8551,29.0948
47.0536,39.6907,27.285
31.201,43.4689,26.54
39.9837,30.7839,28.2631
42.0956,46.072,27.3071
29.7363,35.8766,27.6298
46.9665,34.5608,27.0953
34.8302,45.4014,27.4686
34.706,30.7672,28.1229
45.7312,42.4967,27.7633
30.5414,40.4921,27.6011
43.6436,30.7892,27.6383
39.6812,47.0774,27.1797
31.4854,33.4736,28.233
47.194,37.7138,27.3333
31.7889,45.3249,26.4369
38.1475,30.9543,28.489
43.832,45.2044,27.7467
29.4028,37.7775,27.977
46.1593,32.6881,26.3275
36.4939,44.981,28.372
33.4901,31.8735,28.8567
46.9798,41.188,26.6555
31.8271,42.6008,26.6944
41.1061,31.1134,28.4534
41.2917,47.3941,26.1064
29.7011,34.6121,27.8682
47.6958,35.5219,27.3554
33.5446,45.3758,27.5651
35.7893,30.3962,28.7132
45.0249,43.1659,28.2137
29.4651,40.0665,27.1712
44.5369,31.4042,27.6474
38.7634,46.6389,27.7985
32.1553,33.2656,29.2498
47.8843,38.7846,26.9742
31.2224,44.6652,26.9871
39.0117,30.2025,28.5143
43.1938,46.1522,27.6323
29.2713,36.6609,28.3467
46.8691,33.5486,26.2121
35.3623,45.0505,28.4543
33.6382,30.939,28.3888
46.7142,42.0257,27.2312
31.6186,40.8372,27.6442
42.7869,30.1715,27.3707
39.9098,47.6278,26.0853
30.8406,32.9006,27.1438
48.227,37.2317,26.8733
32.3748,46.1423,26.1238
38.1329,29.7397,28.121
43.4125,44.4114,28.591
28.6513,38.3246,27.2846
45.7661,32.3326,27.3125
37.0353,45.9223,28.1513
33.7604,32.0936,29.923
47.6486,40.4363,26.9494
30.5488,42.8246,27.4129
40.7316,30.0535,28.0209
42.1464,47.0384,26.7398
29.1707,34.9626,26.9765
47.7787,34.9091,26.44
34.2391,46.2833,27.5876
35.2227,29.9238,27.8303
45.82,43.717,27.7719
29.7116,39.6674,28.2439
44.4475,30.6214,26.6167
38.4083,47.2078,26.9119
32.1112,32.4526,28.5373
47.3371,38.6144,27.9015
30.6003,45.267,26.3676
38.8506,30.6448,29.542
43.0971,45.4289,28.4836
28.7175,37.1316,27.2353
46.8974,33.0482,27.3964
35.9561,45.8702,28.8953
34.1893,30.9859,29.328
47.0021,41.4146,28.0325
31.6687,41.9575,27.5701
42.0105,30.1577,28.0681
40.5735,47.8299,27.0648
30.0218,33.5121,27.4846
48.501,36.1588,26.9994
32.5362,45.9784,27.4053
37.0279,29.8617,28.6772
44.3308,43.7487,28.9487
28.3406,39.3479,27.2749
45.6069,31.4306,27.8029
37.8904,46.5669,28.5204
32.6977,32.8474,30.0393
48.3444,39.8382,27.3692
30.5589,44.0149,27.5077
40.2632,30.1488,29.2807
42.2925,47.0679,27.8114
28.6913,35.5686,27.859
47.8993,33.7836,26.7417
35.1771,46.1915,28.0998
34.2384,29.9953,28.7231
46.6969,43.2755,27.3783
30.4797,40.4529,28.7491
43.7216,29.7931,27.0864
39.1779,48.286,26.4826
31.185,32.2839,28.1011
48.1363,37.7896,27.7615
31.2401,46.3418,26.3819
37.974,30.0193,29.264
44.3432,45.0711,28.6892
28.4243,37.9405,28.2067
46.6981,32.0337,26.9106
36.6275,45.2602,29.3696
33.2396,31.093,29.8347
48.0381,41.7007,27.0078
31.5597,43.075,27.7734
41.6735,30.474,29.0571
41.797,48.2771,26.6167
29.0039,33.8861,27.3703
48.6399,35.1491,27.0821
33.1212,46.3815,28.1545
36.0881,29.3683,28.553
45.2686,44.3003,28.5565
28.7866,40.3241,27.9087
45.3052,30.5561,27.4356
38.5657,47.528,28.4396
32.1124,32.0246,29.5373
48.4885,38.7975,27.9342
30.0722,44.8971,27.3069
39.428,29.5341,29.2324
42.9948,46.5331,28.7715
28.2639,36.5138,28.2233
47.7402,33.5089,27.9366
34.9821,45.6963,29.2561
33.2892,30.1377,29.0739
47.1466,42.5698,28.2801
31.0787,41.3622,28.4003
42.8085,29.355,28.0924
40.0953,48.8068,26.9519
30.2415,32.8841,28.3507
48.8201,36.961,27.6559
31.8725,46.7947,27.0648
37.9088,28.7441,28.7485
44.0513,44.5053,29.6538
28.4597,39.012,28.3358
46.4239,32.0528,28.144
37.2848,46.1703,29.3435
33.0309,31.7968,30.5962
48.3691,40.9845,27.7482
30.4778,43.3991,28.3886
41.2626,29.5296,29.1747
42.6125,47.8984,27.1922
28.2058,34.611,27.5348
48.506,34.3584,27.719
34.2744,47.0883,28.375
35.0327,28.9316,28.1701
46.0568,43.2308,28.714
29.324,40.6128,28.773
44.835,29.4954,27.1343
38.437,48.1693,27.4915
31.2172,31.6218,28.9649
47.7712,38.1718,28.8381
30.032,46.0427,27.1672
38.4959,29.792,30.2308
44.084,46.1422,28.7926
27.6,37.4421,27.5281
47.8466,32.4659,27.3034
35.8148,45.8214,29.9402
33.9456,30.112,29.921
48.1129,42.0797,27.985
31.6585,42.3146,28.7542
42.7606,29.8793,28.9898
41.2134,49.1651,26.9055
29.2396,33.4583,28.5118
48.6591,35.8635,28.0587
32.5667,47.2698,27.8901
36.8474,28.731,28.147
45.2364,43.8997,29.6115
27.7871,39.8193,28.1222
46.4763,30.8805,27.5947
37.5267,47.5181,29.09
31.9291,32.0486,30.7863
48.3207,39.9945,28.436
29.7672,44.2345,28.2587
40.2972,28.8815,29.5354
43.2625,47.3721,27.9556
27.8547,35.2766,28.4969
48.8905,33.4663,27.4589
35.0731,46.7363,28.9852
33.936,29.1284,28.0884
47.0014,43.6707,28.3893
29.9058,41.5559,28.7203
44.1494,29.6202,28.083
39.0459,49.2223,27.2419
30.1549,31.6055,28.8409
48.4633,37.0633,28.6064
30.8119,47.0552,27.3662
37.6762,29.0787,30.007
44.3706,45.6113,29.7433
27.2351,38.2176,28.2738
47.3187,31.6228,27.9039
36.8016,46.3283,30.3121
33.2821,30.207,30.715
49.2505,41.568,27.8774
31.7446,43.4313,28.7707
42.1814,29.6692,29.8223
42.2686,48.9492,27.3512
28.2677,33.7103,28.1098
49.4529,34.8784,27.8072
33.1521,47.2977,28.8151
35.8435,28.1147,28.0241
46.1984,44.1172,29.2886
28.2553,40.4363,28.9563
45.9543,29.6017,27.5903
38.216,48.4591,28.8916
31.275,31.5536,30.0569
48.4515,39.0097,28.9887
29.3203,45.5105,27.9824
39.4378,28.885,30.1418
43.7869,47.1561,28.9731
27.273,36.1908,28.1516
48.3582,32.685,28.306
35.0822,46.5987,30.0798
33.8202,29.1872,29.3402
47.9924,43.3001,28.21
31.0188,41.5756,29.4244
43.5081,29.1303,28.9646
40.3247,49.8296,27.1897
29.2033,32.4884,28.9361
49.4514,36.6137,28.6677
31.5463,46.9526,28.3069
37.0897,28.3644,29.4781
45.2305,45.053,30.0023
27.4008,39.1529,28.8532
46.7645,31.152,28.6851
37.6588,46.8929,30.0171
32.2986,30.7236,30.5414
49.4644,40.6691,28.4678
30.9269,44.1592,28.9476
41.3693,28.9962,30.2625
42.5176,48.0867,28.1949
27.2741,34.3677,28.2633
49.3821,33.836,28.5956
34.0974,47.0444,29.4751
34.5751,27.916,28.1698
47.1325,43.3816,29.4389
28.8469,41.4509,29.3596
45.2131,29.0787,28.1186
38.8257,49.1133,28.3547
30.3113,32.1701,29.7007
48.9032,38.0184,29.0164
29.7614,46.6769,28.0494
38.4382,28.7013,30.6927
44.6228,46.6629,29.7213
27.3046,37.0977,28.8346
48.4228,31.6405,28.0443
35.9479,46.7497,30.8254
33.5793,29.2426,30.3478
49.0474,42.5979,28.3641
31.524,42.5588,29.811
43.2276,29.58,30.1325
41.5207,49.1716,28.1166
28.3636,33.0768,28.969
49.7904,35.6294,28.5256
32.0823,47.4141,29.105
36.7985,27.6328,28.4366
46.0124,44.2421,30.3141
28.3687,39.537,29.4956
46.7978,30.1337,28.3343
38.2633,47.8705,29.8084
31.4379,31.1416,31.0814
49.1275,39.7838,29.2481
30.1096,45.0709,28.7214
40.4385,28.392,30.4105
43.7954,48.2277,28.543
26.7036,35.343,28.8395
49.7607,32.7708,28.4394
34.5143,47.8135,30.0347
33.6518,28.3434,28.694
47.8478,44.1175,28.9666
29.7097,41.6481,30.0195
44.6109,28.9469,29.0267
39.668,49.7711,28.1354
29.3193,31.7156,29.5741
49.0491,37.1286,29.6499
30.5914,47.4451,28.5496
38.162,28.0123,29.9089
45.5174,46.0914,29.2063
27.6674,38.0006,29.2115
47.7824,30.7438,28.5903
36.9093,47.6417,30.5665
32.4744,29.6969,30.2196
48.7277,41.6836,28.8493
31.3578,43.6133,29.9366
42.4219,28.884,30.4635
42.6544,49.5716,28.0615
27.2971,33.3066,28.7024
50.1941,34.5151,28.9588
32.7568,47.1193,29.9267
35.6472,27.1062,28.446
47.052,44.3695,30.0281
28.573,40.4283,30.057
46.0499,29.4267,28.7034
38.8659,48.8517,29.6618
30.4011,31.6553,30.7539
48.737,38.7551,30.0098
29.3034,46.0718,29.1389
39.4587,28.2771,31.0034
44.6337,47.8414,29.0663
27.0205,36.1236,29.5254
49.0347,32.3605,29.2062
35.5428,47.7935,30.5514
32.7159,28.4731,29.4475
48.4941,42.9312,29.3518
30.7621,42.2204,30.4268
44.1581,28.9655,30.0806
40.6692,49.7008,28.6145
28.2894,32.0131,29.5698
49.5973,36.1762,29.9589
31.2789,47.9699,29.3434
37.295,27.2839,29.5119
46.4237,45.3411,29.8097
27.8018,38.9013,30.1242
47.0805,30.4175,29.4569
38.1089,47.7152,30.8095
31.6152,30.0751,31.0069
49.2069,40.7832,29.7433
29.947,44.2423,29.6053
41.677,27.9509,30.7832
43.0012,48.7657,29.1729
27.0864,34.3104,29.3309
50.1191,33.4338,29.2968
33.5873,47.5605,30.5477
34.8712,27.579,29.2023
47.9323,43.7738,30.0211
28.7226,41.4675,30.5303
45.6294,28.9892,29.6127
38.9882,50.0756,28.9648
29.4771,32.1801,30.7312
49.6518,38.0517,29.8752
29.941,47.0511,29.3115
39.1176,27.5043,30.2016
45.5158,47.2342,29.3403
27.8015,36.9532,29.8924
48.1761,31.6618,29.1643
36.3179,47.3378,31.6833
32.7194,28.5244,30.5709
49.5181,42.3082,29.2961
31.3422,43.0281,30.9246
43.5684,28.5661,30.9732
41.6274,50.2271,28.6762
27.2737,32.2022,29.2351
50.2579,35.4385,29.5827
32.0811,48.1157,30.1053
36.1709,27.2289,29.5508
46.8108,45.1023,30.8093
28.1517,39.723,30.7833
47.3133,29.4706,29.177
38.0685,48.7231,30.4384
30.5382,30.5553,31.151
48.9699,39.9958,30.4858
29.8674,45.3525,29.7493
40.6674,27.9009,31.5744
44.5565,48.9864,29.2651
27.767,35.1947,29.6033
50.1984,32.2143,29.4047
34.4618,48.1806,31.0466
33.7309,27.6572,29.5661
49.1149,44.0844,29.5574
30.2168,41.4342,30.9385
45.0277,27.9513,29.8155
39.9796,50.529,28.9833
28.6625,31.2208,30.2845
49.6442,37.1656,30.5546
30.6959,47.5,30.0656
38.408,26.8992,29.7133
46.1221,46.3944,30.0004
28.2946,37.899,30.2077
48.5038,30.5974,29.6453
37.4695,47.615,32.0008
31.7152,28.8559,30.4471
48.7947,41.9365,29.9819
30.1196,43.6675,30.5198
42.6775,27.7795,30.4822
42.7255,49.8674,29.1401
27.4883,33.3918,29.751
50.2801,34.1363,30.1367
32.5532,47.4644,30.9237
35.0804,26.6302,29.5661
47.8808,44.8166,30.6079
28.6824,40.489,31.2491
46.708,28.6409,29.4272
38.6682,49.9699,30.2685
29.6487,30.9829,30.5418
49.7063,39.2714,30.1669
29.5829,46.3143,30.0917
39.8967,27.2433,31.2313
45.3948,48.4023,29.5302
27.6923,35.8584,30.4688
49.3387,31.5314,29.8405
35.3618,48.0811,31.5268
32.7922,27.3927,30.1058
49.3294,43.0677,30.0808
30.8308,42.1261,31.537
43.8823,27.72,30.3382
41.1257,51.0326,29.1267
27.5553,31.3424,29.995
50.6351,36.3568,29.9988
31.104,48.5042,30.2435
37.4325,26.2479,29.8515
47.1672,46.0887,30.2785
28.6993,38.706,30.6993
48.2492,29.4706,29.8604
37.7898,48.6401,31.4937
30.738,29.3689,30.7797
48.8556,41.1655,30.7163
29.4642,44.7468,30.669
41.8558,27.3501,31.5998
43.5468,49.1915,29.9151
26.9045,34.2953,30.5031
50.8863,33.2368,30.1733
33.7561,47.794,31.7009
35.1014,27.4416,30.2889
48.7314,44.1764,30.9164
28.9999,41.443,31.6079
45.9552,28.0158,30.3556
39.5188,50.5143,30.0888
28.9507,31.2701,31.3726
50.3339,38.0923,30.6436
29.5893,47.5184,30.3178
39.4087,26.5357,30.2387
46.1345,47.7491,30.1202
28.2809,36.7858,30.7927
48.7745,30.9848,30.7175
36.6479,48.3029,31.9898
31.6942,27.6623,30.529
49.7286,41.9476,30.6479
30.3147,43.1122,31.5865
43.2346,27.6456,31.4212
42.0707,50.8051,29.6131
26.8911,32.1383,30.3594
50.4397,35.1965,30.6115
31.9479,48.5341,31.0995
36.2579,26.1236,30.0428
47.5229,45.8118,31.4011
28.5955,39.2044,31.6672
47.5164,28.7085,30.3946
38.2946,49.7384,31.2312
29.731,29.8666,30.8125
49.9675,40.2354,30.7549
28.7832,45.6512,30.5032
40.9273,26.814,31.336
44.6861,48.7863,30.3388
27.837,34.9001,30.8172
50.1876,32.5378,30.4479
34.5319,48.3744,32.0848
33.7547,27.1174,30.5345
49.7435,44.1409,30.5051
29.7826,42.1507,31.8202
45.0767,27.3543,30.7512
40.3933,51.1275,30.1938
27.8337,31.116,31.0782
50.8802,37.0977,30.8758
30.2099,48.1232,30.8558
38.3918,25.9735,30.316
46.782,47.0504,30.7558
28.4513,37.8368,31.2669
49.0938,29.9248,30.2887
37.6089,48.5274,32.6599
31.1778,28.4173,31.2751
48.2967,41.6737,31.4607
29.6994,44.0018,31.4705
42.8008,26.5937,30.9948
43.2377,50.5602,29.8484
26.8668,33.1118,30.9531
51.058,34.2062,30.8634
32.4967,48.227,31.9641
35.2346,26.4639,30.6267
48.4858,45.242,31.3867
29.7639,40.4354,31.6645
46.4006,29.0712,30.704
38.9124,50.7744,31.0354
29.6526,30.4475,31.6838
50.0874,39.0487,31.2051
29.2171,46.5976,31.0287
40.1359,26.0606,31.0042
45.8658,48.7692,30.4899
28.0884,35.936,31.5558
49.6515,31.7711,31.02
35.7286,48.7239,32.3599
32.5917,27.3778,31.1285
50.2832,43.081,30.7766
29.7935,43.0284,32.5684
44.1975,27.0597,31.1781
41.4698,51.3483,30.2526
26.6571,31.2442,31.1233
50.5532,36.0965,31.3335
30.8615,48.855,31.3848
37.1804,25.8031,30.7617
47.8182,46.7678,30.9725
29.4182,38.3473,31.7314
48.2832,29.4372,30.9139
38.1708,49.4151,32.3576
30.0335,28.9472,31.3062
49.8043,40.8595,31.8257
28.6856,44.6457,31.3057
41.8184,26.0545,31.4404
44.0191,49.8038,30.6722
27.6173,34.053,31.451
50.9973,33.0399,31.2694
33.3658,48.8633,31.9413
34.5369,27.1413,31.2313
49.4758,44.7971,31.52
29.6835,41.2539,32.4613
45.181,28.3149,31.2267
39.9057,51.028,31.2408
28.4188,30.4407,31.8348
50.8225,38.0364,31.5377
29.3546,47.6234,31.455
39.0974,25.9494,31.1852
46.8056,48.3148,30.7507
28.659,36.8587,31.7412
49.8358,30.5419,31.2185
36.7219,49.3495,32.4623
31.8852,27.8473,31.8164
49.5139,42.3554,31.6617
30.3401,43.868,32.4869
43.5306,26.7565,31.9886
42.6737,51.4133,30.2546
26.721,32.2423,31.6815
50.5402,35.028,31.6741
31.6872,49.3709,31.8771
36.0938,25.7058,31.1933
48.3249,46.2966,31.9625
29.6547,39.3473,32.014
47.2094,29.2351,31.3548
38.4765,50.4814,32.0561
29.1808,29.4095,31.7465
49.9914,39.758,31.9624
28.55,45.851,31.7217
40.8909,25.5711,31.7743
45.16,49.7691,30.4416
27.999,34.88,32.1103
50.4845,32.185,31.6072
34.4365,49.4428,32.1705
33.5887,26.843,31.6559
50.4201,44.1776,31.5531
30.4539,41.9833,32.635
44.9392,27.4833,31.9479
40.7273,51.7341,30.953
27.3116,30.3608,31.6574
50.389,37.0152,31.944
30.3572,48.1247,31.943
38.0528,25.9841,31.451
47.466,47.5323,31.7183
28.8081,37.6207,32.44
49.0622,29.9732,31.4896
37.4586,50.1062,32.7267
30.9893,28.3285,32.2869
49.1013,41.5611,32.2447
29.4448,44.5002,32.3862
42.734,25.9714,32.0182
43.7132,51.0105,30.7942
27.2715,33.1932,32.1245
50.8612,33.8928,32.1754
32.5536,48.826,32.8807
35.0159,26.0065,31.6843
49.1402,45.669,32.1869
30.1919,40.2182,32.6154
46.2018,29.1273,31.7654
38.9726,51.5625,31.9094
29.07,30.2331,32.596
49.9888,38.547,32.1645
29.3828,46.6322,32.144
39.8251,25.7159,32.0263
46.5077,49.4023,31.0945
28.2596,35.9663,32.6064
49.7937,31.3809,32.0976
35.4924,49.8366,32.5487
32.8425,27.6217,32.224
50.1264,43.277,32.0712
30.7134,43.0311,33.0914
44.2859,26.9586,32.7114
42.0813,51.696,31.185
26.8088,31.1492,32.172
50.1766,35.7699,32.4024
31.277,48.4926,32.3146
36.9944,26.0651,31.902
48.6154,47.2697,31.6378
29.6619,38.1783,32.8886
48.1423,29.6162,31.9527
38.0486,50.4165,33.5488
29.7303,28.3409,32.1669
49.2764,40.5683,32.7352
28.6023,45.1593,32.672
41.8405,25.4257,32.4895
44.6254,50.3903,31.2747
27.9509,33.9716,32.5773
51.1544,32.8647,32.2678
33.5384,49.2598,32.904
34.7539,27.0379,32.3328
49.9731,44.8602,32.5788
30.3925,41.0796,33.2615
45.4362,28.4093,32.2477
39.9179,52.2619,31.5675
28.1574,29.7026,32.7962
50.6147,37.8178,32.6403
29.6507,47.5926,32.5806
38.7469,25.3998,32.1123
47.2777,48.6427,31.7818
28.1795,36.903,33.0605
49.6726,30.2437,32.3675
36.4208,50.3496,32.87
31.5032,27.2075,32.559
49.5174,42.3833,32.8772
29.2788,43.6391,33.2363
43.3116,26.2584,32.9661
43.0237,51.1116,31.567
27.4229,32.0107,32.5861
51.2565,34.8305,32.5865
31.5868,49.6482,32.8941
36.0178,25.7956,32.3966
49.314,46.826,32.6925
29.9568,39.2725,33.0926
46.9031,29.8144,32.1855
39.0498,50.813,32.9876
29.9313,29.1854,33.002
49.4714,39.5301,32.9643
28.357,46.2379,32.7405
40.8314,25.2045,32.769
45.531,49.7691,31.4578
28.2733,34.8601,33.1331
50.443,31.9931,32.7016
34.4842,49.86,33.1773
33.7485,27.444,32.9288
50.5275,43.9743,32.7843
30.4055,42.1895,33.7429
44.565,28.004,32.9194
41.0861,52.2316,32.0564
27.261,30.3552,32.7377
50.5882,36.7578,32.9774
30.3891,48.6063,32.9757
37.6953,25.529,32.652
48.0474,48.2178,32.3682
28.4825,37.8429,33.738
48.7477,29.6919,32.9066
37.332,51.1205,33.085
30.7395,27.9809,33.2339
49.4209,41.3355,33.3879
29.1899,44.6698,33.5524
42.2025,26.27,32.9698
44.0394,51.367,31.9405
27.3041,33.368,33.1916
51.3909,33.6988,33.1024
32.7233,49.7964,33.3259
35.646,26.6782,32.9111
49.2217,45.5704,33.2253
29.6841,40.2173,33.5235
45.7958,29.634,32.7756
39.6143,51.8289,32.839
28.9699,29.6382,33.6595
50.1699,38.5896,33.2316
28.6086,47.2838,32.8462
39.7315,25.2296,33.0153
46.5094,49.2276,32.3173
28.3722,35.8516,33.6261
50.1923,31.0582,33.04
35.4107,50.4695,33.4669
32.3249,27.6895,33.1847
50.2217,43.1212,33.3165
30.3176,43.1271,34.1866
43.9184,27.3557,33.6326
42.1495,52.4377,32.1802
26.992,31.335,33.2318
50.8122,35.7338,33.2833
31.4928,48.6649,33.4175
36.5734,25.2616,33.1903
48.4145,47.3687,33.1573
29.5881,38.1804,34.1634
47.6346,29.9334,33.1584
38.1744,51.4851,33.6649
29.6094,27.8365,33.2663
49.4944,40.2685,33.7774
28.9771,45.8204,33.5833
40.8688,26.2331,33.1788
44.8512,50.1742,32.376
27.9559,33.8678,33.7873
51.1573,32.7061,33.3429
33.5849,50.1375,33.8964
34.5604,26.7977,33.4226
49.6796,44.752,33.7968
29.7438,41.1061,34.1902
44.8798,29.0778,33.1304
40.3227,52.841,32.5182
28.037,30.1879,33.6626
50.1733,37.5034,33.6383
29.6001,48.0679,33.6017
38.7387,24.8563,33.1973
47.3593,48.7303,32.9257
28.0971,36.7752,34.1715
49.6203,30.289,33.483
36.0339,51.458,33.5602
31.3874,26.9211,33.5965
50.3709,41.8635,33.6268
29.6932,44.0627,34.308
42.7344,27.0901,33.416
43.164,51.4537,32.5656
27.2514,32.2803,33.7482
50.9495,34.6863,33.5795
31.9268,49.5134,33.9002
36.6161,26.3275,33.225
48.8861,46.5241,33.7034
29.591,39.2557,34.2406
46.6844,29.4971,33.4591
39.5052,51.6889,33.9317
29.1069,28.4379,33.9906
49.7314,39.324,34.0432
28.0458,46.654,33.6631
40.3088,25.6842,33.9734
45.788,50.0532,32.9475
27.9915,34.8576,34.2094
50.707,31.7924,33.7329
34.5233,50.543,34.1784
33.4484,27.4216,33.9822
50.5734,44.0846,34.0791
29.8622,42.29,34.7624
43.9928,28.4537,33.7054
41.2471,52.79,33.0319
26.8249,30.3701,33.939
50.1927,36.3667,33.9722
30.6655,48.2836,33.9368
37.7637,24.6655,33.5097
48.4822,48.4269,33.2855
28.7776,37.5247,34.7181
48.6156,29.8984,34.1242
37.2018,51.8356,34.1242
30.4205,27.1882,33.8242
50.0041,41.05,34.4381
28.2587,44.619,34.2418
41.7905,26.7154,34.0554
44.1218,51.1363,33.1066
26.745,33.3384,34.1209
50.5421,33.5282,33.7022
32.4791,50.2689,34.3248
35.5299,26.8096,33.9266
49.0084,45.6118,34.2988
29.2091,40.2242,34.6469
45.4479,29.5374,34.1927
39.4681,52.778,33.5694
27.9663,29.1764,33.9794
49.7985,38.1619,34.4568
29.0892,47.1589,33.9728
39.5786,24.7013,34.0305
46.2157,48.802,33.3013
28.1819,35.7565,34.6691
50.2211,30.8882,34.1499
35.5296,50.851,34.49
32.3686,27.0735,33.9954
50.504,43.0193,34.4653
29.5142,43.3058,35.2322
43.0835,28.1155,34.1042
42.3007,52.1818,33.5322
27.1478,31.3923,34.4049
50.3067,35.1681,34.3728
30.6737,49.2385,34.4684
37.3096,25.4988,34.0096
49.1999,47.4373,34.068
29.4086,38.3095,35.2353
47.4675,29.7849,34.4517
38.2557,51.8318,34.7081
29.7539,27.632,34.6746
50.0679,40.0348,34.7561
27.9798,45.7394,34.1409
41.0482,26.0822,34.6284
44.8337,50.4548,33.3769
27.2185,34.2433,34.6696
50.7385,32.6804,34.3543
33.3506,50.9688,34.4996
34.4111,27.2463,34.4808
50.4024,45.2702,34.4502
29.0789,41.2339,34.956
44.1704,29.727,33.8792
40.4992,52.9842,33.7244
27.7029,30.1495,34.6906
49.9843,37.1311,34.7343
29.7895,48.0039,34.6759
38.37,24.6467,34.4078
47.2261,48.1289,33.7794
28.3454,36.7051,35.2108
49.1676,30.7638,34.65
36.462,51.3178,34.9125
31.4271,26.7406,34.6648
50.5384,41.9572,34.7729
28.8882,44.3339,35.1565
42.6953,27.1675,34.6741
43.2135,51.4428,33.7164
26.4891,32.4837,34.7675
50.7307,34.2309,34.7165
31.4932,50.2686,34.7453
36.1579,26.0254,34.3852
49.1587,46.6379,34.8408
29.5258,39.4628,35.4141
46.4579,29.8545,34.4759
38.9782,52.585,34.5852
29.4486,28.8364,34.8824
49.8862,39.0149,35.1652
28.3366,46.4615,34.8815
40.462,25.1556,34.8682
45.3289,49.3707,33.6685
27.124,35.2851,34.863
50.987,31.5045,34.7519
34.2343,51.3931,34.981
33.5236,26.8137,34.752
50.6246,44.1526,35.1639
28.955,42.3431,35.6384
43.5862,29.0868,34.5534
41.4111,52.4542,34.1791
26.9976,30.7337,35.2823
50.6775,36.2759,34.9196
30.6967,48.4646,35.3546
37.2536,24.695,34.9365
48.1098,48.0686,34.3363
28.846,37.7594,35.9575
48.3907,30.2836,35.2366
37.4528,52.1588,35.3053
30.9949,27.6222,35.0914
50.3557,40.7658,35.5305
28.0216,45.1631,35.255
42.0214,26.4112,35.1712
43.9294,50.7538,34.1419
26.9045,33.2765,35.327
51.6384,33.3266,34.4455
32.0675,51.1498,34.9246
35.2543,26.4467,35.0383
50.1173,46.2765,34.9737
29.7174,40.5599,35.7224
45.3427,30.5757,34.5022
39.9695,53.4128,34.4915
28.0291,29.081,35.0474
49.7561,37.9043,35.5541
28.8936,47.593,35.0995
39.5956,24.669,35.3014
46.3762,48.9764,34.4979
27.3748,36.015,35.5641
50.263,31.1599,35.413
35.3969,51.7033,35.2117
32.5222,26.9642,35.1231
50.4572,42.9605,35.4813
28.8228,43.5346,36.0541
43.4162,27.9303,35.1429
42.2353,51.785,34.5641
26.2923,31.5092,35.0737
50.9214,35.1958,35.3712
30.9175,49.5338,35.5125
36.7526,25.6653,35.2078
49.238,47.5798,35.2323
29.1639,38.7218,36.2957
47.3361,30.5741,35.2147
38.1808,53.0039,35.2299
30.1549,28.2215,35.522
49.393,39.9639,35.6974
27.3553,46.0891,35.045
41.7134,25.2146,35.3021
44.9708,50.1115,34.4233
27.6259,34.0947,35.8147
51.2586,32.5738,35.4829
33.3346,51.1114,35.6926
34.295,26.4875,35.5998
50.4347,45.1289,35.5558
29.6871,41.6544,36.0239
44.3403,29.892,35.0114
40.6088,52.907,35.1235
27.0905,29.5267,35.5689
50.7305,37.229,35.4889
29.9832,47.7809,35.6905
38.3837,24.9407,35.6133
47.3914,48.9771,34.6374
27.7806,36.8979,36.1834
49.1428,31.2287,35.6811
36.3649,52.0404,35.6377
31.6523,27.0552,35.7006
50.1728,42.0734,35.8897
28.0834,44.2233,36.1886
43.0752,27.0799,35.654
42.8796,50.8617,34.7815
26.8461,32.1407,35.8041
51.8027,34.2331,35.1692
31.3951,50.4676,35.7819
36.0706,26.4314,35.7282
50.183,47.0901,35.6709
29.8162,39.7266,36.5992
46.2369,30.8806,34.9031
39.0272,53.7035,35.397
28.8215,28.6136,35.6887
50.076,39.0097,36.2007
27.74,47.2925,35.1739
40.6888,24.036,35.099
45.3533,49.1107,34.7057
27.0433,35.1138,35.9722
51.3977,31.5449,35.8332
34.6056,51.4573,36.097
33.1522,26.2255,35.6879
51.2764,43.7561,36.1194
29.308,42.6455,36.5577
44.1426,28.8096,35.5189
41.7038,52.3807,35.2983
26.0229,30.34,35.598
51.4367,36.4131,35.7665
29.809,48.9701,35.842
37.3168,25.0946,35.9496
48.7657,48.66,34.9841
28.596,37.8032,36.9321
48.1064,31.3324,35.2118
37.0776,53.0789,35.5862
31.313,27.9669,36.0447
49.4138,41.0942,36.048
27.3396,45.5344,36.3092
41.8224,25.9539,36.0837
43.7112,50.2415,35.1198
27.4761,33.117,36.2991
52.1933,33.0898,35.369
32.2946,51.2026,36.0117
35.102,26.8024,36.2959
50.3188,46.0673,36.0891
29.5692,40.7682,36.8214
45.3854,30.3418,35.5995
40.0841,53.6861,35.5464
27.3673,28.4688,35.7573
50.6322,38.0279,36.4947
29.0152,48.2202,35.9552
39.1982,24.4633,36.2454
46.2031,49.4718,35.4059
27.6383,35.7679,36.6127
50.0736,30.8515,36.3875
35.7628,51.3968,36.1762
32.0734,26.1037,35.5399
51.7017,42.6185,35.8387
28.4487,43.6952,37.0538
44.1667,27.3498,35.6955
41.728,51.2949,35.5504
26.0188,31.4017,36.0677
52.0904,35.3835,35.371
30.1955,49.971,36.1963
37.1035,26.3508,36.187
49.883,48.2106,35.8907
30.0406,38.2738,36.7207
46.9799,31.6644,35.1227
37.6577,54.1298,35.0886
29.7441,28.8366,36.2395
49.848,39.8691,36.7902
27.109,46.5962,35.9744
41.2815,24.7244,36.0696
44.2533,49.3877,34.424
26.8047,34.1164,36.4992
52.3316,32.1472,35.8672
33.6892,52.2531,35.3969
33.5064,27.1522,35.925
50.2921,44.2061,36.3745
28.8734,41.6514,36.5711
43.5059,29.636,35.6274
41.7338,53.4188,34.8752
26.679,29.9248,36.428
49.9363,36.4336,35.7858
30.2515,48.3342,36.663
37.1394,23.945,36.0567
47.4081,48.185,35.3714
29.1743,36.9054,36.6944
48.2954,30.7565,36.2729
37.2274,52.4031,36.4787
30.5571,27.055,36.0085
50.3591,40.8249,36.6251
27.1013,44.5628,35.7922
42.886,25.9476,35.8185
43.6728,51.2866,35.4555
26.0167,33.0484,35.9031
52.7727,33.9775,35.6286
31.3043,51.6379,35.8035
35.8484,27.4719,35.8082
51.1118,46.893,35.9867
30.7442,40.3866,36.4053
45.2499,31.4271,35.354
39.7413,54.4377,34.827
28.0807,29.1779,36.2553
49.5102,38.2273,36.5568
27.9375,48.0243,35.8665
40.0576,23.9463,35.9839
45.8927,48.3113,35.0694
26.592,36.2139,36.4377
51.0595,30.534,36.2483
35.4826,52.5051,36.2967
32.5156,26.7686,36.3432
50.7087,42.7511,36.6174
28.2527,42.7472,36.6234
43.4776,27.9156,36.2692
42.6967,52.1292,35.4948
25.0568,30.8885,35.676
51.4505,35.3652,36.2966
28.9675,49.5767,36.0746
36.3066,25.5674,36.404
48.9395,48.9942,36.0553
29.6447,38.45,37.688
47.321,31.366,36.1243
37.8446,53.7535,36.0761
30.5842,28.6589,36.8808
48.7672,40.3027,36.615
26.5303,45.6815,35.5437
42.4675,24.6826,35.8383
44.5782,49.4457,35.4028
28.0132,33.8628,36.9011
51.6191,32.921,36.407
32.958,52.0411,36.2613
34.6863,27.6136,35.7457
50.3459,45.2356,36.6815
29.8079,41.7645,37.0605
44.357,30.2629,36.0669
41.3161,53.5469,35.8434
26.3314,28.7923,36.3937
50.2318,37.0455,36.6502
29.1005,47.4418,36.8076
38.3135,23.6983,36.0295
47.1866,49.3544,35.8528
28.2059,36.3951,37.2266
49.1247,30.5165,36.8846
36.602,51.5199,36.8496
31.4215,26.2147,36.3849
51.1342,41.6413,36.5731
27.1642,43.8482,36.5392
43.8649,26.3188,35.5852
42.702,51.0054,35.9333
25.4486,32.2686,36.3748
53.0712,35.1543,35.7983
30.3716,51.1446,36.2046
36.5796,27.3026,36.4949
50.8612,47.8804,36.2634
30.7652,39.1578,36.9396
46.1458,31.4817,36.0595
38.8159,55.0213,35.1901
28.8204,28.5909,36.7835
49.0898,39.0736,37.0622
26.7791,47.7,35.5507
40.8583,23.2224,35.8729
44.7841,48.2755,35.3091
26.5153,35.2455,36.9062
52.1563,31.1135,36.3867
34.3763,52.6208,36.2456
33.5634,26.4989,36.8928
50.4961,43.7576,37.3808
28.5266,42.1454,37.4941
44.0624,28.8051,36.5603
42.3354,53.0827,35.8608
25.2512,30.3165,36.5664
50.7483,36.1636,36.5562
29.5262,49.0293,36.9343
36.4439,24.4306,36.7183
48.4319,48.0917,36.2691
29.1243,37.1434,37.7667
48.2948,31.9045,36.1604
36.7865,53.5398,36.5125
30.9319,27.3966,36.9028
49.3809,40.8694,37.2034
26.3261,44.9155,36.6569
42.5294,25.4684,36.7656
44.3645,50.3548,35.9151
26.6928,33.2467,37.113
52.9125,32.9252,36.3742
32.0526,51.9058,36.8451
35.5107,27.6891,36.826
51.3598,45.945,36.5501
30.5746,41.06,37.4244
45.0001,31.204,36.5352
40.6789,54.4828,35.6994
27.1269,28.8464,37.0446
50.3416,37.553,37.6699
28.2063,48.0556,36.9689
39.2143,23.335,36.5182
45.9366,49.2222,36.3829
27.2647,35.8904,37.6646
50.392,30.0669,37.0188
35.8025,52.081,37.1718
32.3776,25.7946,36.7075
51.942,42.2706,37.0076
27.4417,43.1243,37.4665
44.5469,26.7941,36.4652
42.016,51.6679,36.5983
24.6332,31.4568,36.3657
52.5054,35.6459,36.6301
29.2628,50.7679,36.2006
36.6186,26.5139,37.1521
50.1744,48.7999,36.6832
30.8667,38.2235,37.4176
46.6829,32.4473,36.0744
37.871,54.8598,36.0427
29.7754,28.0155,37.0394
49.0262,39.9967,37.7487
26.0761,46.7545,35.5567
41.8338,23.5581,36.1848
43.6871,48.5687,35.123
26.9377,34.6411,37.5701
51.8799,31.9283,37.2416
33.324,53.1531,36.2132
34.1524,27.4341,36.752
51.1251,44.5692,36.9491
28.82,41.1033,37.534
43.8063,29.7927,36.8617
42.3656,54.1451,35.7329
25.7688,29.5682,37.0102
49.6512,36.236,36.9616
29.1953,48.2378,37.5063
37.6417,23.9486,37.2531
47.5198,48.5485,36.472
29.245,35.8669,37.6278
49.2975,31.7396,36.5569
36.9423,52.4943,37.5271
30.4204,26.4275,37.4768
50.0588,41.7155,37.3388
26.2108,44.0839,36.0297
43.729,25.336,36.2951
43.6096,50.8947,36.4987
25.4062,32.7283,37.2891
53.1828,34.0283,36.5968
30.9412,51.4085,37.0153
36.4077,28.3441,36.4165
51.4426,47.1859,36.9829
31.0407,39.9541,37.6287
45.2069,32.2286,36.2324
39.8663,55.3799,35.8057
28.0225,28.085,37.1329
48.7506,38.1338,37.5003
27.1827,47.915,36.5892
40.2568,23.4319,37.0233
45.3445,48.2788,36.1833
26.3844,36.4493,37.4378
51.6296,30.4605,37.1789
34.9279,52.7727,37.1792
32.6394,26.9501,37.3951
51.0898,42.6006,37.6313
27.5094,42.1632,37.1843
44.8701,27.8927,37.0154
42.6975,52.5403,36.7291
24.2271,30.4768,36.6979
51.6788,36.0133,37.2159
29.1263,50.1019,37.0927
36.2173,25.7032,37.7298
48.9951,48.5977,37.2155
30.22,37.4138,37.9201
47.5046,32.1953,37.0145
37.3615,54.381,36.9554
30.8688,28.1394,37.7929
48.4102,40.9861,37.5533
25.5762,45.7249,36.1992
42.1224,24.3866,36.8442
43.7201,49.2738,36.304
27.1859,33.7763,38.1871
52.2954,32.9304,37.4674
32.3488,52.9535,36.852
34.7127,28.3142,36.9404
51.2622,45.5362,37.4661
29.646,41.4723,38.0635
44.5121,30.4102,37.3101
41.5212,54.4619,36.4268
25.9341,28.1056,37.2142
49.384,37.1257,37.5156
28.6457,47.4665,38.0367
38.6638,23.9248,37.2697
46.8049,49.3167,36.9375
28.0419,36.0541,38.3359
49.692,30.7872,37.7007
36.1374,51.9405,38.502
31.3345,25.7782,37.4498
51.0654,41.3043,37.696
26.4792,43.5885,37.4165
43.7054,26.3695,37.0234
42.6142,50.8439,37.0555
25.0068,31.7034,37.3046
53.402,35.0369,36.8848
29.6745,51.548,36.9229
36.6661,27.9336,37.4229
50.9197,48.2757,37.3
31.401,39.0084,38.0292
45.9772,32.118,37.0172
38.8014,55.5766,36.3306
28.8872,27.9469,37.8037
48.17,39.1787,37.8383
26.0406,47.5684,36.2368
41.0864,22.8536,36.9755
44.1388,48.014,36.134
26.1316,35.4194,37.9395
52.127,31.0884,37.9707
34.1478,53.4986,36.9361
33.6703,27.2896,37.7837
51.7343,43.7994,37.7555
27.8051,41.4455,37.9514
44.6607,29.0637,37.3936
41.9888,53.5055,36.9189
24.6535,29.4254,36.9748
50.4597,35.9631,37.604
29.4235,49.4243,37.9614
37.2112,25.2096,37.4329
48.0314,47.9541,37.239
30.0652,36.4339,38.254
49.117,32.7715,37.0189
36.8333,53.5815,37.536
31.165,27.1189,37.9994
49.4794,41.3483,38.2172
24.964,44.6055,36.4329
43.2102,24.6401,37.075
44.0342,50.0364,36.9406
26.3801,32.9742,38.184
53.4662,33.114,37.4056
31.528,52.5852,37.414
35.5881,28.865,37.0428
51.434,46.6974,37.9425
30.7308,40.721,38.4384
44.7517,31.6701,37.4763
40.3964,54.9281,37.0302
26.8564,27.7732,37.4622
49.6281,38.3242,38.1021
27.5489,47.376,37.4666
39.2613,23.0587,37.7469
45.9041,48.3454,37.2077
27.2735,37.0081,38.0181
50.7348,30.4909,38.0967
35.7094,52.8929,37.9664
32.4357,25.5384,37.8697
51.8412,41.9226,38.0822
26.3615,42.4436,37.4315
44.5324,26.8755,37.5517
42.5452,51.814,37.5305
23.971,31.1324,37.572
52.4993,35.3696,37.623
28.691,51.1691,37.1574
36.7621,27.0431,38.0496
49.9991,47.8068,37.2043
31.3998,38.0199,38.3718
46.7059,32.9029,37.311
37.6388,55.4833,37.1421
29.9142,27.7817,38.1695
47.9437,40.2956,38.2496
25.2702,46.8999,36.6066
41.9926,23.4168,37.3579
43.2666,48.4321,36.6512
26.5936,34.6387,38.6504
52.279,32.1506,38.2076
33.1564,53.4843,37.2197
34.802,27.4777,37.6157
51.4076,44.7619,38.2041
28.6739,41.3897,38.6972
43.7368,29.9232,37.9399
42.4774,54.6128,37.1277
24.9855,28.5493,37.4819
49.5078,36.1866,38.0925
28.9905,48.656,38.5149
38.0804,24.7586,37.7807
47.3874,48.5732,37.7131
29.0763,36.2836,38.6258
49.4411,31.8884,37.6604
37.3316,52.9428,38.5267
30.4963,25.9807,38.3254
50.6394,42.0569,38.588
25.5957,43.9708,36.9884
44.003,25.3145,37.2721
43.6939,50.7418,37.6315
25.4606,32.1247,38.3998
53.4441,34.1664,37.7579
30.5534,52.1289,37.7248
36.6726,28.9327,37.3135
51.453,47.6066,38.5178
30.6274,39.6779,38.5969
45.2295,32.6598,37.5262
39.8141,55.8407,36.996
27.6676,27.8284,38.3162
48.7012,38.5389,38.5963
26.4766,47.1827,37.073
40.4824,22.8698,37.8758
44.9187,47.6145,36.9618
26.5255,36.3929,38.494
51.7286,30.0022,38.2437
34.2477,52.963,38.0405
33.2799,26.3367,37.9566
52.3235,42.8491,38.2373
27.0486,42.1267,38.1585
43.9608,28.0123,37.9016
42.8319,52.9911,37.6691
24.1669,30.0386,37.8422
51.3382,35.8038,38.2399
29.2606,50.5436,38.1371
37.4425,26.2016,37.9998
48.8776,47.6313,37.7394
30.5328,37.1917,38.9448
47.8181,33.074,37.5569
37.283,54.6106,37.9507
30.7221,27.6788,38.8627
48.5229,41.332,38.7383
25.3442,45.874,37.2913
42.3341,24.4707,37.9164
44.2223,49.0534,37.2904
26.3161,33.7537,38.9087
53.0241,32.9069,38.4581
31.7687,53.9303,37.2049
35.4315,28.323,38.0419
51.3007,45.7072,38.7497
29.4878,40.7057,38.9554
44.1788,30.8214,38.3706
41.4748,54.6512,37.5669
26.2295,28.1834,38.2488
49.1187,37.1037,38.6096
27.8279,48.3467,38.4023
38.8813,23.9359,38.3223
46.2075,48.9784,37.8803
28.3271,37.0212,38.8622
50.3218,31.5317,38.1353
36.2657,53.0311,38.8883
31.729,25.8944,38.5406
51.5632,41.0243,38.783
25.4744,43.0735,37.525
43.673,26.4345,38.0957
42.8212,50.9865,38.231
24.4458,31.8095,38.5393
53.4446,35.2252,38.0566
29.0501,52.2626,37.4394
37.5322,27.9119,37.989
50.4504,47.6946,38.2297
30.9975,38.7788,39.1373
45.9636,33.3525,37.9407
38.8663,55.8431,37.4333
28.5331,27.3238,38.7076
48.5793,39.6024,39.0632
25.5004,47.6584,37.4344
41.5481,22.7362,37.9859
43.5832,47.6506,37.3954
26.239,35.4821,39.1016
52.6536,30.5703,38.7632
33.8559,54.063,37.8211
34.4715,26.6792,38.3504
52.3925,43.9243,38.5976
27.7997,41.9696,39.2778
44.259,28.9036,38.4002
41.9696,53.842,38.043
24.7473,29.3978,38.4626
50.3085,35.67,38.693
29.1206,49.6735,38.9965
37.417,25.1431,38.6343
47.6034,47.6814,38.2202
29.9799,36.2983,39.4599
48.8125,32.6589,38.1074
36.4114,54.3274,38.4286
31.008,26.6116,38.9442
49.8359,41.7935,39.2018
25.2515,44.8196,37.6275
43.7854,24.3687,37.9778
44.4545,49.9301,37.9888
25.7575,32.7723,39.1797
53.9495,33.3467,38.4406
30.729,53.1968,37.9254
35.9263,29.2401,38.3263
51.7479,46.7362,39.2551
30.4018,40.4928,39.5431
45.1303,32.0636,38.5524
40.8539,55.6066,38.0279
26.8265,27.2886,38.5795
49.3758,38.1303,39.2955
26.8641,48.3159,37.8529
39.8715,23.427,38.58
45.3543,47.692,38.0639
27.1706,37.0429,39.3303
51.3407,31.2641,38.7023
35.2227,53.1261,38.8795
32.659,26.196,38.8473
51.7397,42.1959,39.1421
26.0026,42.4242,38.3794
44.1112,27.2245,38.6729
43.1689,52.1735,38.3062
23.7463,30.9965,38.693
52.3074,35.5929,38.6992
28.7478,51.5174,38.1868
37.732,27.0434,38.5466
49.5005,48.3298,38.2365
31.2899,37.6424,39.4133
46.8565,32.971,38.5081
38.1133,55.6102,38.1444
29.4874,27.7182,39.2144
48.1125,40.5377,39.471
24.5705,46.7692,37.4912
42.127,23.5591,38.4596
43.3189,48.6505,37.8636
26.3342,34.6268,39.7563
52.9796,31.7277,38.9413
32.7555,54.3459,37.7683
34.9809,27.5156,38.9596
52.4546,45.0096,38.5656
28.5069,40.57,39.4365
44.7506,29.8412,38.5244
42.5544,54.8802,38.2314
25.0042,28.1697,38.5516
49.3866,36.0718,39.1344
28.1229,49.2638,38.7069
38.1907,24.4411,38.9459
46.5154,47.88,38.3041
29.1104,36.8052,39.6022
49.4557,31.6473,38.7849
36.9463,53.7458,39.1692
31.0238,25.6153,39.2954
50.6854,41.2389,39.4086
24.5326,43.7923,37.647
43.7627,25.3524,38.3574
43.839,50.6413,38.6423
24.7542,32.473,39.3921
54.0314,34.5009,38.9054
29.6705,53.0948,37.8097
36.972,28.911,38.3472
50.6765,46.885,39.0963
30.2334,39.2656,39.8536
45.0218,33.4958,38.7449
39.7635,55.3932,38.1239
27.6062,27.4126,39.2977
48.656,38.7268,39.8242
26.1649,47.6106,38.2988
40.9475,22.9386,38.8999
44.5235,46.8878,38.0502
26.244,36.5495,39.6017
51.7746,30.6147,39.4648
34.2427,53.758,38.7842
33.7335,26.1747,38.9418
51.8599,43.3666,39.3379
26.7767,42.2239,39.3278
43.4328,28.3165,38.9267
42.388,53.0406,38.7155
23.8078,29.6627,38.8934
51.3019,35.2054,39.2301
28.4934,50.549,38.9322
37.1203,26.0947,39.0042
48.5365,47.8757,38.8115
30.7586,36.8096,39.9093
47.8828,33.0966,38.6429
37.4536,54.9984,39.0259
30.5127,27.6908,40.0689
49.0163,40.8897,39.8415
24.4293,45.7659,37.8687
42.9979,24.1427,38.6458
44.1899,48.9947,38.5911
25.6226,33.7032,39.7223
53.6024,32.5782,39.2677
31.647,53.6944,38.314
35.0071,28.663,39.033
51.9013,45.7506,39.5894
29.2725,41.0624,39.9938
45.256,31.0388,39.1288
41.6448,55.4543,38.7098
25.8641,27.4433,39.0767
49.4093,37.0865,39.6308
27.0187,48.7491,38.8563
39.2913,24.3365,39.2892
45.7597,48.3054,38.8239
27.9356,36.5285,40.0312
50.4564,31.3107,39.2246
35.8802,53.1427,39.8814
32.1019,25.4347,39.4329
52.1373,41.4258,39.7961
25.0394,43.0074,38.5754
43.3303,26.5137,39.1278
43.6099,51.5592,39.2846
23.7463,32.0559,39.4724
53.3918,35.2916,39.1253
28.6176,52.5598,38.3999
37.1212,27.9593,39.0865
49.7104,47.4688,38.9889
30.295,38.1528,40.1943
46.0532,33.4364,39.1302
38.8496,56.0958,38.9511
28.5507,27.758,39.6822
47.7366,39.2951,39.7611
24.9411,47.5874,38.3418
42.0187,22.7756,39.2143
43.9623,47.8263,38.4324
25.4344,35.7419,39.6817
52.9397,30.5954,39.8675
33.239,54.4813,38.8119
34.0442,27.1054,39.5193
53.1076,44.5061,39.3047
27.4569,41.0178,39.5185
44.0111,29.5332,39.6047
42.5547,54.1372,39.0323
24.5557,28.7675,39.2782
50.449,35.7079,39.8874
28.2713,49.5501,39.7892
38.1717,25.4338,39.4802
47.363,47.6346,39.5358
29.8504,37.2132,40.3157
48.3709,32.2023,39.3142
36.434,54.9282,39.4132
30.3582,26.4711,39.8058
50.0037,41.3642,40.2267
24.5352,44.7722,38.4607
43.8672,24.5722,39.072
44.5499,49.9168,39.0723
25.2904,32.7563,40.4084
54.2777,33.4683,39.4413
30.6827,53.9416,38.7198
36.0705,28.1862,38.9671
51.0472,46.4857,40.052
29.3131,39.8854,40.1401
44.7807,32.0426,39.5637
40.4907,55.1824,38.923
26.7302,26.6938,39.4772
48.8769,37.803,40.2534
25.8197,48.623,38.3432
39.794,23.5837,39.8109
45.3051,47.1521,39.0237
26.976,36.8164,40.4507
51.2648,31.9536,39.6319
34.7725,53.6015,39.6556
33.162,25.4632,39.4857
52.5705,42.4668,39.9797
25.5312,42.3169,39.4419
43.4253,27.4705,39.7273
42.6596,52.0238,39.3197
24.281,30.8772,39.6647
52.419,35.3559,39.6799
28.25,51.577,39.1857
37.0457,27.0282,39.7119
49.1607,48.5387,39.3387
31.2677,37.7233,40.4651
47.1316,32.8533,39.555
37.8306,55.9417,39.3685
29.3725,27.3854,40.2358
48.4181,40.4543,40.6813
25.2905,46.4985,38.3013
42.8174,23.6175,39.6531
43.1981,48.6997,38.9892
25.1321,34.5896,39.955
53.3084,32.0482,40.3251
32.7862,53.5587,38.8408
34.5586,27.8897,39.9566
52.834,45.3918,40.0019
27.8322,41.2468,40.5001
44.9876,30.091,39.5706
42.2848,55.1395,39.6448
25.1641,27.9099,39.7621
49.6256,36.1106,40.3111
27.2785,49.7404,39.3998
38.8099,24.756,40.1221
46.4868,48.2746,39.5577
28.814,36.858,40.7285
49.6313,32.229,39.6423
36.4713,54.0573,40.0381
31.4567,26.1226,40.181
51.23,41.0343,40.3282
24.1773,43.6176,38.9764
43.9005,25.7328,39.4835
43.8647,50.5835,39.7282
24.3307,32.1884,40.3734
53.6303,34.5462,39.9243
29.6383,52.8779,38.9805
37.138,28.9442,39.6647
50.249,47.343,40.0699
29.6185,39.0666,40.7587
45.0886,33.0917,39.8299
39.267,55.0826,39.174
27.7496,27.0076,40.3525
47.852,38.3135,40.4302
25.6615,47.9675,39.1938
40.9162,22.7418,40.0148
44.1386,46.9448,38.9987
26.1786,36.1157,40.5492
52.3401,31.5466,39.9781
33.7044,53.674,39.6699
33.661,26.2048,40.0486
53.2707,43.5403,39.798
26.3783,41.3846,39.798
44.1052,28.4544,39.8057
43.0216,53.0714,39.6483
24.1959,29.8897,40.0819
51.1086,35.04,40.3859
28.6762,50.9764,40.0185
37.366,26.1615,40.1733
48.2021,48.5703,39.7145
30.6024,36.8,40.9945
48.2561,33.2668,39.8412
37.1272,55.5408,40.0262
30.157,26.9997,40.9317
49.5316,40.3242,40.5592
24.9055,45.6209,38.9746
43.1503,24.7692,39.8751
43.6736,49.5082,39.6221
24.9552,33.7057,40.7592
53.9865,32.8806,40.239
31.8658,53.4621,39.3381
35.5107,28.4897,39.9268
52.1822,46.3256,40.4161
28.649,40.4756,40.7047
44.529,31.1353,40.0917
41.1157,55.0812,39.7797
25.621,26.9164,40.3797
48.9726,36.9004,40.8202
26.3454,48.7088,39.7201
39.299,23.9438,40.7427
45.9808,47.3144,39.7737
27.7244,36.4916,41.1366
50.4142,31.6819,40.2458
35.334,53.996,40.4183
32.4929,25.8358,40.3688
51.8264,42.0307,40.6444
24.4741,42.8334,39.643
43.6785,26.5714,40.3378
43.0382,51.0932,40.2214
23.5345,31.2586,40.3771
53.4112,35.4793,40.387
28.848,52.4743,39.6216
37.6959,27.8373,40.0527
50.2546,48.5319,39.8517
30.7819,38.6447,41.2299
46.1438,33.0668,40.1107
38.3801,55.1374,39.8419
28.5313,27.5539,40.8574
47.8328,39.3981,40.9326
25.0328,46.927,39.2929
41.9383,23.2663,40.1724
43.1306,47.77,39.6042
25.2494,35.3904,40.7168
53.3631,31.0008,40.8631
32.7317,54.1042,39.71
34.4761,26.8704,40.4732
53.6284,44.4233,40.4637
26.9356,40.6352,40.417
44.9659,29.1717,39.9451
42.873,54.0714,40.0587
24.5253,28.5712,40.4976
50.6343,35.8057,41.003
27.5528,50.0575,40.4039
37.6943,25.1563,40.5739
47.2277,48.8422,40.166
29.7039,37.3067,41.4963
48.6746,32.1171,40.3861
37.1928,54.5072,40.6051
30.4873,25.9934,40.9034
50.4914,40.614,40.9811
25.1758,44.5414,39.3675
44.3923,24.9214,40.1331
44.6877,50.0019,40.1463
24.6085,32.7214,41.2653
54.3875,33.8722,40.4333
30.777,53.1959,39.6419
36.5513,28.3728,40.2855
51.5942,47.2927,40.4153
29.4161,40.0299,41.3758
45.061,32.0137,40.628
40.1952,54.5633,39.939
26.8009,26.6518,40.5929
48.2551,37.7302,41.2619
25.1511,48.6548,39.7672
40.127,23.1755,40.7593
44.8541,47.4339,39.9209
26.6353,36.6357,41.5702
51.5694,31.5022,40.6977
34.3548,53.6166,40.6627
33.1176,24.9567,40.4573
52.5047,43.2473,40.6158
25.1904,42.0413,40.4053
43.8304,27.7144,40.657
42.9972,52.1341,40.4647
24.292,30.6754,40.881
52.103,35.3059,40.7854
28.0877,51.9216,40.2797
37.1907,26.8476,40.8703
49.0054,48.3564,40.3741
30.9563,37.6604,41.8002
47.0568,33.5359,40.51
38.0815,55.8404,40.5848
29.3524,27.2906,41.4978
48.8223,39.7394,41.5021
25.8254,46.309,39.3358
42.3748,24.1855,40.4885
43.0408,48.9077,40.2468
24.4169,34.7953,40.8447
53.9049,31.8738,41.1881
32.7696,53.0887,39.9909
35.403,27.5314,40.5374
52.7339,45.578,41.0478
27.5737,40.6391,41.3401
44.5055,30.1629,40.5015
41.9145,54.5108,40.5042
25.3564,27.9661,40.8018
49.9238,36.6614,41.2381
26.5614,49.6787,40.2748
38.3479,24.2649,41.2015
46.6602,47.9166,40.594
28.8314,36.7815,41.8497
49.6997,32.4867,40.7554
36.0776,54.2732,41.1906
31.6343,25.7858,41.1905
51.0535,41.8561,41.3407
24.4864,43.931,39.9529
44.7912,25.908,40.5561
44.0886,50.7175,40.7505
23.7956,31.8442,41.2394
54.2329,35.2719,41.0892
29.8297,52.556,39.9834
37.5206,29.0847,40.6335
51.0307,48.1598,40.4597
29.8347,39.2654,41.9219
45.2479,33.2942,40.8211
39.1418,54.3415,40.0286
27.539,26.8977,41.4193
47.5684,38.6892,41.6813
25.0836,47.6218,40.0371
41.176,22.6373,41.0609
43.7902,47.3716,40.2608
25.7763,35.8247,41.5595
52.5896,31.6274,41.2116
33.3715,54.1028,40.6802
34.2825,25.9706,41.0319
53.4655,43.6608,41.2474
26.0094,41.303,40.8457
44.7453,28.4797,40.7083
43.1186,53.1806,40.8079
24.5761,29.6596,41.049
51.2488,35.0577,41.5247
27.5131,51.1546,40.7793
38.0181,26.199,41.0225
48.0506,48.9869,40.8651
30.0452,36.7745,42.3985
47.9308,32.9904,40.7841
37.1845,55.5082,41.2364
29.7219,26.1756,41.5669
49.6561,40.4,41.6803
25.9981,44.9895,39.8858
43.5214,25.0053,40.9055
44.1003,49.2217,40.5745
24.0846,33.746,41.4301
53.7341,32.9632,41.2731
31.6352,53.4154,40.3949
36.0373,27.9579,41.2728
51.9803,46.759,41.3216
28.4232,39.8685,41.6192
44.7556,31.0916,41.1681
40.613,55.0818,40.8423
26.2384,27.3625,41.1949
49.322,37.7364,41.3702
25.3504,49.5214,40.5112
39.1164,23.1855,41.4808
45.5952,47.5251,40.7941
27.6247,36.3686,42.1519
50.6378,32.3359,41.2845
35.0152,54.3625,41.4574
32.579,25.0586,41.3489
51.6891,42.9356,41.2201
25.0925,43.0627,40.5866
44.0688,26.7939,41.2826
43.6393,51.5551,41.1955
23.6768,30.8077,41.8761
53.1118,35.5182,41.417
29.0456,52.3364,40.7055
38.1335,28.1633,41.1659
50.1435,48.6077,40.9082
30.2073,38.347,42.5475
46.2166,33.7009,41.0312
38.8102,55.1547,40.875
28.2978,27.219,42.0688
48.0414,39.586,42.1157
25.3357,46.4638,40.258
41.9159,23.6138,41.3514
42.8507,47.6476,40.7514
25.1241,34.9378,41.6495
53.5552,31.1581,41.9162
32.3904,54.1364,41.0467
35.1101,26.7157,41.2902
53.538,44.9839,41.4379
26.437,40.6999,41.5417
45.3672,29.3558,40.9074
42.133,53.4877,40.9637
25.6173,29.1786,41.0317
50.4228,36.0444,42.0721
26.4573,50.5839,40.946
38.7659,25.3107,41.1781
47.1976,48.4217,41.3147
29.1848,37.6107,42.4459
48.8957,32.6601,41.3841
36.9129,54.6061,41.7999
30.7586,25.8558,42.0153
50.2841,41.2323,41.9459
25.0252,45.0643,40.4201
44.5246,24.8343,41.2042
44.6429,49.9057,41.2973
23.807,32.6406,42.0075
54.1375,34.0701,41.439
30.5668,52.7763,40.735
36.4974,29.0881,41.0511
50.9779,47.223,41.5158
29.5987,40.0615,42.4518
44.9153,32.1337,41.7249
39.9943,53.6265,40.4448
26.6217,26.387,41.9177
48.4351,38.2578,42.1635
24.7081,48.389,40.7155
40.1329,23.0129,41.8317
44.6016,47.4429,40.9464
26.3876,35.7909,42.4577
51.7544,31.9308,41.7046
33.8877,53.7684,41.8429
33.6,25.1579,41.6245
52.563,43.5262,41.7577
25.5693,42.6503,41.4819
44.9544,27.3557,41.424
43.4167,52.4001,41.7235
24.5495,30.1279,42.0307
51.9569,35.8341,41.8118
28.0151,52.2017,41.2899
38.1863,27.1019,41.4347
49.1549,48.8448,41.3548
30.9012,37.5241,42.8267
47.3345,33.5843,41.6725
38.2434,55.6487,41.612
29.3274,26.8053,42.4674
48.9307,39.8666,42.5352
26.3304,46.0355,40.318
42.5547,24.4733,41.6291
43.5396,48.5612,41.1712
24.2241,34.6081,42.1781
54.288,31.9173,42.1416
32.4903,53.0027,41.1067
35.0128,27.8496,41.629
52.7662,46.2618,41.8939
27.1222,40.4993,42.3031
45.0018,30.0961,41.5458
41.2927,54.4283,41.333
26.0314,28.4189,41.6168
50.022,37.0461,42.5151
25.7435,49.8816,41.408
38.6279,24.4886,42.1721
46.2578,48.0009,41.8358
28.1393,37.0712,42.798
49.9546,32.1386,42.1141
35.8684,54.2199,42.2102
31.5719,25.0448,42.1642
50.6506,42.6109,41.8914
24.9837,44.1169,41.0045
44.3001,25.7782,41.671
44.4364,50.9423,41.8345
23.805,31.6889,42.4608
53.9133,35.01,42.0196
29.7386,51.3755,40.9179
37.3192,28.8625,41.9479
51.3576,48.1755,41.8142
30.0043,39.2366,43.1541
45.7813,32.8371,41.7413
39.0223,53.7303,40.8347
27.6345,26.3734,42.4171
47.575,38.7758,42.8572
24.6768,47.1512,40.9398
41.1616,23.196,42.2875
43.5784,46.967,41.3488
25.2694,36.0687,42.4866
52.4624,31.729,42.4721
33.1353,54.58,41.7045
33.8488,26.2085,42.029
53.2347,44.2679,42.3257
25.5652,41.5827,41.8755
45.026,28.7731,41.9821
42.3486,52.6801,41.6539
25.5702,30.1973,41.7701
51.2853,35.563,42.6651
27.307,51.5204,41.779
38.6526,25.8384,42.2259
48.2347,48.2229,41.6532
29.9879,36.8093,43.4246
48.3562,33.6351,41.747
37.2404,55.4011,42.5234
30.1506,26.3351,42.8529
49.0811,41.1981,42.6087
26.3178,44.8982,40.8877
43.5096,24.7314,42.1305
44.3325,49.0295,41.7546
23.6987,33.6396,42.6403
53.9904,33.3529,42.325
31.6138,52.3881,40.9452
35.6484,28.7799,41.7243
51.6636,46.2738,42.2404
28.4148,40.6317,42.4313
45.7233,31.1071,41.6146
40.125,54.2542,41.4731
25.9852,27.4899,42.288
49.5235,37.9982,42.3336
25.6405,48.8772,41.3829
39.3071,23.3153,42.5349
45.314,47.4926,41.9716
27.0967,36.3202,43.0995
50.9348,32.3127,42.2679
34.7024,54.1057,42.4331
32.5869,24.8505,42.4787
51.7173,43.1548,42.2947
24.5132,43.267,41.5007
44.5632,26.9615,42.3046
43.3138,51.1613,42.2671
24.202,30.7775,42.9977
53.3517,35.9331,42.3769
28.7935,51.5913,41.4683
37.2378,27.3904,41.8362
50.2279,48.1773,41.9058
30.2008,38.184,43.6354
46.9085,33.0852,42.4561
38.5481,54.4119,41.8008
28.278,26.8498,43.0901
48.0508,39.625,43.2898
25.6729,46.6029,41.34
42.0004,23.9109,42.4889
43.7759,47.804,41.9509
24.4115,35.5168,42.7903
53.5117,31.9288,42.7575
32.6075,53.6861,41.9642
34.4514,27.1109,42.5722
53.0438,45.4692,42.4729
26.8429,41.6422,42.1375
45.9463,29.3703,41.8206
42.1941,53.758,41.9185
26.2307,29.3105,42.1164
50.7714,36.3587,43.0423
25.9347,50.7534,42.0799
39.3094,25.1223,42.7472
47.1096,47.8909,42.4399
28.8793,36.6976,43.6093
49.5216,33.0145,42.2134
36.2781,55.1831,42.679
30.9067,25.3929,42.9316
49.856,42.0033,42.7201
25.4945,45.1569,41.5391
44.4755,24.9828,42.4425
44.2206,50.0853,42.3653
23.2271,32.6838,43.0901
54.4761,34.2092,42.5797
30.6651,51.8147,41.4249
36.4201,29.2272,42.4639
51.1725,47.3793,42.6945
28.9733,39.8116,43.2143
45.7214,32.1682,42.5446
39.7233,53.1215,41.4477
26.7585,26.9707,42.8795
48.5516,38.4201,43.4946
24.7761,48.0688,41.7244
40.3073,22.8885,42.9189
44.4457,46.691,41.9601
25.9699,36.2865,43.3725
51.902,32.5396,42.833
33.6097,54.5789,42.6348
33.4248,25.4686,42.6461
52.778,43.3971,42.7935
24.7735,42.0753,42.3462
45.3053,27.792,42.3628
42.6619,51.9448,42.6124
25.094,31.2955,42.2783
52.4012,35.6174,42.8048
27.8249,52.0741,42.5538
37.6798,26.5188,42.4661
49.2295,47.9546,42.3317
30.4661,37.3596,44.2971
47.8794,32.8078,42.7263
37.972,54.5245,42.64
29.1574,26.3731,43.4053
48.5065,40.793,43.4992
26.4828,45.8493,41.719
42.6676,24.6845,42.6739
43.522,48.7363,42.4203
23.5886,34.637,42.9759
54.4032,32.3608,43.2293
31.7738,53.0385,41.9096
34.791,28.4769,42.4535
52.4763,46.1763,42.8931
27.5805,41.2169,42.8702
45.574,30.3778,42.3855
40.8196,54.2498,42.3312
26.3895,28.4186,42.6236
50.6375,37.8112,42.9456
25.8671,49.5363,42.4227
39.727,24.0574,43.2466
46.2655,46.9976,42.1293
27.8084,36.8297,43.7331
50.259,32.7252,43.2075
35.4697,54.5928,43.1605
31.5991,24.5718,43.0799
50.9931,42.2413,42.959
25.0603,44.2172,42.1173
44.8936,25.9032,42.6013
44.2027,51.0586,42.8581
23.6297,31.5352,43.4779
54.5733,35.2271,42.9049
29.7224,51.2567,41.9857
36.4676,28.1277,42.5692
51.1041,48.665,42.8268
29.4751,39.1111,44.007
46.064,33.1339,43.1611
38.8448,53.4257,41.9125
27.2446,25.9674,43.5353
49.0853,39.3122,43.7329
24.9399,47.0205,41.9706
41.4733,23.4648,43.442
43.6136,46.7269,42.6733
24.8953,36.1376,43.479
52.7307,32.0105,43.4612
32.5994,54.3773,43.016
33.3657,27.039,42.5041
52.9832,44.5553,43.4434
25.9731,41.8085,42.8556
45.9546,28.5465,42.6528
42.5618,53.0663,42.7199
26.4297,30.8174,42.3159
51.8084,36.5092,43.0342
26.682,51.3188,42.6026
37.9895,25.5513,43.0646
48.2297,47.2498,42.7252
29.3304,36.9737,44.4558
48.6892,33.6191,42.8008
37.3023,54.9115,43.5067
29.9935,25.5872,43.4997
49.5593,41.0535,43.6892
26.3933,44.8377,42.1389
43.7484,24.7174,43.2153
44.1991,49.2432,42.9618
23.9703,33.2442,43.6946
54.1002,33.5168,43.4033
31.5201,52.0264,42.0433
35.6837,28.7226,42.9779
51.2863,46.3219,43.2128
28.6351,40.8703,43.4073
45.1326,31.385,42.862
40.3141,53.2768,42.3683
26.2713,27.7016,43.399
50.0261,38.7213,43.2908
25.7272,48.4024,42.3741
39.6796,23.0215,43.8506
45.4085,46.6468,42.7523
26.8157,36.9795,43.9184
51.0698,32.0458,43.3429
34.5231,54.1654,43.5789
32.2552,25.4479,43.291
51.6141,43.0392,43.4079
25.0011,43.2272,42.4162
45.443,26.8075,43.0094
43.1997,51.3461,43.3584
24.7461,31.8853,43.1897
53.3473,35.4924,43.4305
28.6753,50.9356,42.2973
37.3487,27.2795,43.0302
49.85,47.9642,43.1736
30.0804,38.4346,44.7558
46.93,32.6717,43.5139
38.6656,53.6933,42.9906
28.222,25.8237,43.8801
48.5016,40.0015,44.2273
25.5225,46.1491,42.3436
41.9663,24.5256,43.5794
43.0664,47.7474,42.7036
23.8394,35.3442,43.85
53.7279,31.8779,43.9474
32.0477,53.4849,42.8854
33.861,28.0083,42.8128
52.9352,45.5976,43.6828
26.8807,42.1969,43.2778
45.9647,29.5794,43.0231
41.6813,53.5312,42.8582
26.5619,29.6431,43.0981
51.2033,37.227,43.616
26.8949,50.1971,42.484
38.7969,24.7183,43.6183
47.2635,46.8006,42.7973
28.3433,36.2452,44.5645
49.6306,33.4348,43.6025
36.0567,55.2703,43.9812
30.6122,24.7836,43.7613
50.2837,41.8353,43.8832
25.6125,44.779,42.9576
44.5932,25.3429,43.4839
44.1084,50.1821,43.4541
23.241,32.5433,44.3268
54.8446,34.2479,43.601
30.7044,50.9943,42.2779
36.5876,28.7346,43.4695
51.3458,47.7161,43.8423
28.5537,39.7631,44.3362
45.1549,32.8047,43.5734
39.4557,52.5285,42.3768
26.7499,26.8874,44.0294
49.3594,38.1756,44.2594
24.8175,47.6829,42.8564
40.7237,23.0985,44.1138
44.5307,47.1976,43.1877
25.4642,36.759,44.1526
52.0337,32.7469,43.9191
33.412,54.2674,43.9081
33.1693,26.3257,43.2353
52.1039,44.0397,43.8762
25.2094,42.5128,43.3068
45.5269,27.8791,43.4564
42.4053,52.0876,43.8205
25.7841,31.4175,43.0997
52.2854,35.9064,43.8835
27.8421,51.2641,43.4085
36.8235,25.8979,43.105
48.9309,47.5707,43.4517
29.9443,37.1111,45.2699
47.6593,33.4648,43.7218
37.3536,53.8048,43.5475
29.2818,25.5743,44.2798
48.6371,41.2328,44.5447
26.5956,45.489,42.9918
43.1073,24.444,43.9604
43.9073,48.0994,43.4778
24.0057,34.4198,44.2535
54.1397,32.8396,44.3015
31.2607,52.4896,43.1406
34.893,28.2505,43.5733
52.1318,46.2833,43.9497
27.6476,41.2383,43.959
45.6403,30.7173,43.5035
40.7833,53.4774,43.4735
26.8127,28.7012,43.6135
50.3912,37.9681,44.0282
26.7164,48.8482,42.8265
38.8868,23.706,44.0625
46.303,46.5839,43.3541
27.2984,36.1821,44.5968
50.5361,32.9245,44.375
34.7228,55.1912,44.3073
31.53,25.1219,44.2363
51.2164,42.0588,44.2046
24.4028,44.1131,43.0232
45.1191,26.4027,43.9493
43.9988,51.2858,44.0939
24.3482,32.2662,44.0973
54.138,35.0951,44.1315
29.8566,50.4191,42.7097
36.6437,27.6577,43.6985
50.645,48.3819,43.8006
29.3079,39.1487,45.1091
46.0936,32.3147,44.1076
38.4668,52.5593,42.7624
27.8872,26.7077,44.2917
48.4278,39.195,44.8887
25.0149,46.6579,43.1939
41.4786,23.6617,44.5924
43.6637,46.4447,43.6348
24.557,36.2265,44.505
52.7844,32.2547,44.5562
32.2727,54.2052,44.0746
32.8322,27.641,43.475
52.9292,44.8678,44.5317
25.8617,42.6963,44.129
46.1572,28.8722,43.7912
42.4602,53.3418,43.8025
26.3262,30.5563,43.6092
52.1989,37.0176,43.94
26.9207,50.7404,43.5586
37.4769,25.1367,43.8771
48.2586,46.5974,43.7249
28.744,36.9991,45.3812
48.9207,34.0524,44.1861
36.5652,54.301,44.1587
30.2581,25.4207,44.613
49.7374,41.1185,44.8286
26.5704,44.3237,43.118
43.9556,24.8965,44.3798
43.5501,49.3724,43.8286
23.7372,33.3888,44.7374
54.1432,33.9414,44.6027
31.4383,51.4078,42.9831
35.8506,29.0774,44.1881
51.2397,46.7739,44.3252
28.3465,40.8202,44.6462
44.6518,31.6682,43.7791
40.2195,52.5536,43.3033
26.5543,28.0562,44.4307
49.943,38.9208,44.557
26.0912,47.8253,43.1931
40.1539,23.9804,44.4121
45.3124,46.5987,43.8531
26.2996,36.6863,44.8284
51.1923,32.2007,44.6333
34.3646,54.0948,44.6172
32.279,25.8807,44.3809
52.0233,42.869,44.5864
24.3193,43.038,43.5754
44.433,27.366,43.4033
43.0632,51.6955,44.6019
25.1289,31.4482,44.0083
52.88,35.2659,44.4083
29.319,51.115,43.4365
36.4649,26.7073,44.0727
49.6028,48.2992,44.1047
29.3154,38.214,45.5318
46.8444,33.1768,44.5744
38.3547,53.5209,43.9842
28.4698,25.8921,44.939
48.3774,40.4061,45.3081
25.7249,45.8971,43.5097
42.3359,24.2183,44.6354
43.0928,47.6318,43.9627
24.7861,34.9291,44.8951
53.7483,31.93,45.0698
31.5578,53.176,44.0146
33.852,28.3965,44.0038
52.2168,46.0675,44.9827
26.6796,41.725,44.2615
45.6049,29.7271,43.99
41.4103,52.5866,43.5856
27.3407,29.956,43.8362
51.0997,37.5125,44.5918
27.0426,49.426,43.8571
37.9385,24.2625,44.3225
47.1239,46.5043,44.0362
27.8469,36.329,45.5366
49.7538,33.6231,44.85
35.4542,54.4382,44.5012
31.2031,25.3706,45.2008
50.6862,41.5027,45.0107
25.6838,44.0021,43.642
44.5249,25.7756,44.5938
43.6184,50.1641,44.4424
23.8088,32.3222,45.212
54.982,34.4343,45.1829
30.8352,50.3518,43.1828
36.8499,28.4421,44.5606
51.1285,47.7558,44.9623
28.5728,39.9939,45.3603
45.0368,32.3832,44.6651
39.194,51.9212,43.4519
27.3741,27.5621,44.9315
49.149,38.5001,45.3083
25.2558,47.6112,43.9741
40.8197,23.2136,45.2839
44.3603,47.0051,44.3834
25.2587,36.6408,45.2572
51.9641,32.0611,45.2933
33.1607,54.2453,44.9689
32.6969,26.7822,44.1335
52.3603,44.0699,44.9708
24.7588,42.0694,44.1536
44.7334,28.4084,43.9361
42.974,52.7841,44.959
26.1592,31.2722,44.3529
52.5456,36.2153,44.9394
28.3458,50.2198,43.601
36.9752,25.8745,44.5546
48.8371,47.2168,44.4529
29.3126,37.3734,46.2013
47.9297,33.2485,44.6604
37.4191,53.9078,44.696
29.4839,26.1875,45.2116
49.0072,41.1765,45.6496
26.2602,44.923,44.0009
43.349,24.3646,45.1866
43.5805,48.4832,44.4183
24.0893,34.2205,45.3886
53.3397,33.1261,45.0996
31.8344,51.9044,43.8828
34.808,28.545,44.593
51.0924,45.7664,44.745
27.5863,41.6739,44.976
45.0709,30.4718,44.4258
40.6419,52.8538,44.3229
26.6412,29.0871,44.6627
50.0086,37.7152,45.2212
26.1745,48.6952,43.8985
39.1958,24.48,44.6645
46.0853,46.2529,44.565
26.7803,35.9123,45.5826
50.1929,31.8571,44.8712
34.9161,54.4118,45.5153
32.291,25.5821,45.3782
51.6856,42.1133,45.5
24.7716,43.7772,44.2546
43.8434,26.3821,44.0814
43.9218,50.9273,45.1211
24.8645,32.195,45.0386
53.6792,34.8873,45.2521
30.187,50.8223,44.1035
37.076,27.2588,44.8203
50.2064,48.2624,45.0823
29.0959,39.4565,46.1569
46.2132,32.5449,45.2157
38.4164,52.4977,43.9527
28.2966,27.1053,45.4267
49.2557,39.868,45.0262
25.4915,46.1209,44.5424
41.9698,23.7058,45.4968
43.5319,46.4657,44.7999
25.6125,35.6909,44.9278
52.8549,31.6175,45.6679
32.1395,53.516,45.036
33.685,27.3766,44.0755
52.3668,45.0702,45.3991
25.5928,41.5986,44.5793
45.7799,28.4407,44.6461
41.9248,52.7675,44.5263
27.0101,30.8432,44.6568
51.6875,36.7647,45.0331
27.6121,50.1969,44.4424
37.3881,24.937,44.9134
48.0372,46.4889,44.8722
28.5326,36.6834,46.3965
48.7738,33.4224,45.2042
36.3255,54.3767,45.2312
30.4668,25.8815,45.7334
49.8653,41.883,45.5981
26.695,44.0243,44.1609
44.0996,25.2414,45.4059
42.7254,49.3449,44.7194
23.5629,33.1063,45.9346
54.1909,33.7218,45.7411
31.5806,50.7946,43.9806
35.8825,28.7776,45.1548
50.8663,46.7633,45.3578
28.308,41.1438,45.6659
44.9584,31.3803,44.9417
39.7249,52.168,44.3219
26.6562,28.3256,45.5087
50.4959,38.764,45.5082
26.3644,47.5952,44.2384
39.7475,23.9769,45.4671
45.3103,46.9627,44.9298
26.1764,36.8155,45.9035
51.0834,31.2472,45.4436
33.8662,53.7849,45.6385
32.1595,26.7065,45.1358
52.625,43.0292,45.4968
24.3932,43.0328,44.789
43.9248,27.6017,44.3824
43.4202,51.7544,45.622
25.894,32.5316,44.823
52.6348,35.203,45.4224
29.1546,50.4891,44.2883
36.3088,26.5421,45.172
48.9885,48.1819,45.0144
28.6752,38.201,46.4415
47.0612,33.1387,45.6435
37.6351,52.8195,44.6216
28.8088,26.3242,46.0729
49.0909,40.2814,46.2598
26.6245,45.7858,44.3184
42.25,24.8483,45.5873
43.8958,47.6929,45.0062
24.6464,35.3729,45.9182
53.4477,32.6157,46.0289
32.5305,52.2878,44.5469
33.8858,28.2419,45.1869
51.5195,45.56,45.8285
26.3745,41.4766,45.4022
44.6807,29.3777,44.5941
41.4093,51.8015,44.7788
27.4132,29.8529,44.975
50.7709,36.9669,45.4332
26.7679,49.1297,44.8264
38.3325,24.4371,45.3481
47.0499,46.4269,45.1656
27.3985,36.676,46.5275
49.6919,32.6541,45.3421
35.6538,53.6043,45.0537
31.3452,25.5702,46.2618
50.6795,42.4788,45.6797
25.7203,44.2025,44.6469
44.2994,26.4552,45.4806
43.5297,49.8868,45.4785
24.4363,32.5056,46.0225
54.3861,34.8526,46.0997
31.0134,49.905,44.2606
36.2347,27.8448,45.5179
50.812,47.5661,46.0515
27.7273,39.8579,45.9796
45.3098,31.9505,45.6941
38.6425,51.4365,44.2231
27.7338,27.8857,45.9808
49.4898,39.191,46.1123
25.8489,47.1035,45.1344
40.8574,24.1936,45.7903
44.3593,46.7403,45.4288
25.4605,36.0755,46.1029
51.8358,31.3441,46.3782
33.2428,53.157,45.0025
32.9602,27.4226,45.0581
52.4768,44.0679,46.0693
24.7378,42.0905,45.2649
44.7482,27.8589,45.1107
42.3123,51.9856,45.5654
26.2932,31.4086,45.3751
51.7983,35.9593,45.7408
28.481,50.0073,45.1015
36.7932,25.5235,45.6345
48.5049,47.3328,45.4527
28.5161,37.4067,47.2444
48.039,32.5938,45.5635
36.6732,52.9782,45.2061
30.1176,27.0813,45.4998
49.6182,41.1977,46.5081
26.9612,44.7663,44.9791
43.0954,25.3834,45.933
43.2027,48.4504,45.3359
23.8903,34.3937,46.5262
53.135,33.595,46.1042
31.538,51.5801,44.8434
34.9869,27.7623,45.3359
50.342,45.7453,45.4949
27.322,41.6277,46.09
44.4585,30.2978,45.2503
40.4039,52.2987,45.2216
27.6099,28.8646,45.5321
51.0147,37.7388,46.1286
26.6487,48.1262,45.0445
39.0033,25.3317,45.3373
46.2541,47.1553,45.4459
26.5763,36.1193,46.7095
50.651,32.1733,45.8793
34.8328,53.402,46.0523
32.2185,26.1582,46.4353
51.4688,43.1385,45.8191
25.477,43.2015,45.1501
43.3659,26.8873,44.9378
42.905,50.8134,45.5303
25.2594,31.8425,46.017
53.2912,35.462,46.2589
29.9578,49.8008,44.4983
37.0604,26.9017,45.9314
49.828,47.3097,45.7504
28.1056,39.143,47.011
46.4397,32.3051,46.2143
37.4957,51.6966,44.8171
28.5634,27.1705,46.5751
50.1206,40.1406,45.881
26.2154,46.1513,45.2618
41.3078,25.2327,46.0448
43.3826,47.3548,45.9517
25.5267,34.926,46.3334
52.6535,31.9881,46.9176
32.4423,52.6685,45.559
33.9021,27.1813,45.6241
52.0113,44.9994,46.4931
25.3727,40.8817,45.7995
45.2631,28.7436,45.5886
41.2433,52.4181,45.8018
27.0405,30.733,45.8596
51.6927,36.9262,46.0856
27.7129,49.2369,45.558
37.9265,25.3404,45.8563
47.4114,47.4802,45.5289
27.84,36.7262,47.6503
48.8418,32.5613,46.3232
36.0535,53.2536,46.0629
30.2309,26.5057,46.569
49.9883,42.3674,46.6813
26.4738,43.7499,45.5298
43.8221,26.0097,46.4513
42.5743,49.4357,45.7665
24.1654,33.2867,46.7652
54.1251,33.2644,46.7645
31.7864,50.498,45.129
35.4012,28.2996,46.0918
50.8281,46.2384,46.2728
26.9257,40.6222,45.8502
44.9825,30.9799,46.009
39.6345,51.3995,45.1218
27.2931,28.9258,46.5282
50.1654,38.3281,46.5183
27.4483,47.4001,44.5614
39.9216,25.0234,45.8416
45.4145,46.5167,45.9532
25.67,37.0013,46.8898
50.7047,31.2727,46.5356
34.3273,52.9263,45.1518
31.8672,27.6621,45.8669
52.197,42.9638,46.5472
24.8967,43.0141,45.9573
43.5594,28.0532,45.3358
42.8208,51.7222,46.5191
26.2556,32.2262,45.9504
52.4155,34.8521,46.5198
29.4483,50.5173,45.473
36.5357,26.2201,46.4819
49.1394,48.1375,46.0515
27.6954,38.1815,46.8843
47.3061,31.8233,45.7169
37.6103,52.589,45.6564
29.415,27.5936,46.1826
49.9753,40.5153,47.2617
27.2122,45.7517,45.4117
42.2224,25.2619,46.5671
44.1842,48.3245,45.8248
24.6641,34.9256,47.0238
52.4123,32.8796,46.3595
32.5616,51.4243,45.2241
34.3822,27.9358,46.1476
50.805,44.8302,46.1123
26.1711,41.4001,46.5275
44.1769,29.4648,45.8982
40.4652,51.2469,45.6868
26.8139,29.7142,45.839
50.7173,37.1299,46.9092
27.7471,48.4529,44.8857
38.8151,25.0631,46.3583
46.547,46.6542,46.3468
26.8445,37.201,47.2914
49.4896,31.7227,46.1341
35.5014,52.5928,45.5134
31.1435,26.9091,46.0495
51.4974,42.1967,46.56
25.493,44.339,45.7782
43.3299,26.8296,45.9679
43.2141,50.3054,46.428
25.352,32.8142,46.4776
53.5766,34.3113,46.8429
30.666,50.4055,45.3589
36.152,27.1757,46.3706
49.9512,46.8109,46.7667
27.1966,39.7778,46.9786
46.1095,31.3234,46.0324
38.5838,51.8187,45.2186
28.6777,28.4017,46.3337
50.2118,39.3716,46.8161
27.1236,46.8207,45.3672
40.5244,25.1706,46.7936
44.3889,47.4019,46.3668
25.5073,35.5709,47.1385
51.5,32.2615,46.5602
33.4279,52.2422,45.5819
33.0209,27.1837,46.3239
51.4254,43.9438,46.4689
25.3269,42.0934,46.3208
44.359,28.3483,45.9887
41.6501,51.3095,46.0374
26.1207,30.8981,46.4131
52.1228,36.1954,46.7852
28.8415,49.2944,45.8013
37.6039,26.0771,46.7343
47.8301,47.202,46.4867
27.6808,37.7271,47.9445
48.3718,31.4757,46.1654
36.5809,52.2165,45.9114
30.4534,27.579,46.6271
50.5252,41.3658,47.2348
26.3099,45.2113,45.9557
42.3979,26.2986,46.2939
43.5172,49.1788,46.3159
25.1691,33.8552,46.7039
53.0758,33.4356,47.216
31.4265,51.1411,45.9314
35.03,27.1076,46.3854
50.0448,45.661,46.691
26.9164,40.8521,47.2445
45.2945,29.9463,46.1256
39.6538,51.9502,46.0442
28.0347,29.5816,46.2622
50.9751,38.421,47.2516
27.3855,47.7553,45.7943
39.5208,25.6895,46.6593
45.728,47.4292,46.375
26.3102,36.294,47.7425
50.2192,32.2351,46.8711
34.5105,52.3499,46.1921
32.0173,27.1651,46.8495
51.4326,43.16,47.2673
25.9452,42.9877,46.37
43.4395,27.9006,46.3653
42.1478,50.4605,46.4128
25.6858,31.7473,47.0586
52.6876,35.3894,47.4022
29.9409,49.5486,45.7712
36.8516,27.0632,47.1948
48.9691,47.2598,46.7796
27.1024,39.0043,47.7816
46.9821,31.3017,46.8731
37.6161,51.4652,46.0211
29.6029,28.1766,47.0426
51.0471,40.0228,47.0665
26.7638,46.2659,46.3302
41.4504,26.0027,46.7702
43.7627,48.2469,46.8303
25.7406,34.5515,47.3275
51.8539,32.9372,47.353
32.4591,51.6729,46.2845
33.879,26.7327,46.806
50.6994,44.9251,47.4289
25.2809,41.2719,47.1956
45.1593,28.8442,46.6149
40.618,51.8852,46.618
26.9179,30.1096,46.7921
51.9129,37.3076,47.1522
28.2875,48.3887,46.0175
38.6746,26.1243,47.1807
46.8541,47.8164,46.5498
27.0585,37.0418,48.4628
49.1597,31.8307,47.1267
35.7002,52.2114,46.6325
31.0802,26.8915,47.2519
51.1301,42.2169,47.6471
26.308,44.2623,46.5611
42.9147,27.0025,46.9317
42.5483,49.5662,46.7844
25.055,32.9507,47.6184
53.1089,34.4497,47.9654
30.872,50.406,46.4157
35.7711,26.8364,47.2988
49.2326,46.2725,47.6781
26.8834,40.1186,48.0444
46.1549,30.316,46.8403
38.4814,51.8812,46.4338
28.7713,28.9535,47.3652
50.8887,39.2322,47.918
27.7752,46.6735,46.1666
40.6474,26.0251,47.5098
45.0156,48.181,46.8211
26.3402,35.2123,48.2136
50.9997,32.2057,47.6854
33.8465,51.4227,46.3018
32.86,26.6458,47.3226
51.5016,44.1105,48.0973
25.3671,42.3641,47.3429
44.315,27.8425,47.0351
41.4325,50.9295,46.9848
26.8908,31.6916,46.9115
52.2988,36.3361,47.9857
29.64,48.3243,45.8646
37.6188,26.4745,47.8145
47.9418,48.0468,47.1574
26.4813,38.0509,48.1209
48.1733,31.1637,47.1907
36.6281,51.163,46.4568
30.5018,27.8752,47.7632
51.2447,41.1546,48.174
26.8898,45.0866,47.0395
42.4686,26.0244,47.3709
43.4945,49.2306,47.3704
26.0039,33.5865,47.9721
52.2969,33.5393,48.1813
32.1391,50.3693,46.3413
34.6738,26.4105,47.5639
50.3436,45.9608,47.9384
26.1097,40.9755,47.9673
45.6139,29.2791,47.5156
39.4797,51.7554,47.0787
27.8518,29.9575,47.2866
52.0389,38.4425,47.6841
28.056,47.5805,46.7497
39.5184,26.0623,47.8671
46.0298,48.2628,47.104
26.4683,36.1478,48.8491
49.9796,31.6942,47.8917
34.7346,51.6789,46.9305
31.92,27.1726,47.994
50.8793,43.1874,48.2455
25.9441,43.6062,47.4791
43.1166,27.8609,47.5428
42.126,50.3106,47.7406
26.2971,32.5391,47.6475
52.3236,35.2416,48.4306
30.6712,49.0053,46.3519
36.4051,26.7393,48.1006
48.6618,47.1322,48.0258
26.3181,38.8782,48.7452
46.9522,30.6346,47.8227
37.4221,51.9395,46.9385
29.3244,28.3202,48.0946
50.8895,40.1351,48.6193
27.6559,45.9158,46.9762
41.6007,26.2203,48.0029
44.5588,49.2011,47.1092
25.4697,34.5738,48.5043
50.8166,33.1558,48.1312
33.0487,50.8856,46.7814
33.6354,26.3143,47.9198
51.2336,45.2726,48.3803
25.2286,41.5092,48.2158
44.96,28.2361,47.7517
40.2788,51.005,47.2913
27.1127,30.6533,47.7606
51.9901,37.5188,48.3092
29.0725,48.1397,46.8523
38.7569,27.1135,47.8856
46.9298,48.0075,47.8096
26.1065,37.1212,48.9433
48.8785,31.3499,48.0649
35.7771,51.0958,47.1003
31.0176,27.0471,48.3911
50.7147,41.996,48.731
27.1484,43.8254,47.4714
43.0356,26.7082,47.9408
42.6472,49.4455,47.911
25.7492,32.66,48.5605
52.5686,34.3614,49.0165
31.4873,49.5882,46.7458
35.5856,26.0141,48.0992
49.8547,46.6596,48.6249
25.9751,40.1225,48.5971
45.8889,30.3081,47.9199
38.5014,51.455,47.4324
28.8544,29.4288,48.2186
51.7026,39.508,48.7489
27.6137,46.9124,47.4115
40.3258,26.6191,48.3434
45.3619,48.7982,47.7141
25.5176,35.7248,48.8727
50.7231,31.9588,48.8227
33.8655,51.2133,47.3916
32.8102,26.8532,48.517
51.158,44.0249,49.147
25.1091,42.7234,48.3073
43.706,28.4832,48.1793
41.1183,50.7071,48.0222
27.0085,31.8151,48.1034
51.9169,36.5814,48.9402
30.2334,48.1637,46.9339
37.6646,27.1838,48.7764
47.7798,47.6566,48.3691
25.9671,38.1994,49.4725
47.9055,30.7557,48.2771
36.8849,51.16,47.5064
30.3398,27.796,48.8564
50.4903,40.956,49.3692
27.6368,45.0416,47.7173
42.3023,25.9245,48.7188
43.6326,49.9248,48.1559
25.984,33.8227,49.0572
51.4049,33.7685,49.0148
32.0199,50.1726,47.4435
34.3418,25.9259,48.6534
50.6457,45.9917,49.1943
26.134,41.1853,48.9678
45.1777,29.3303,48.5888
39.1644,50.7494,47.6873
28.0683,30.2919,48.3811
52.1511,38.4768,48.8364
28.7496,47.0635,47.3331
39.3335,26.8049,48.7892
45.7026,47.7944,48.0803
25.7183,36.4163,49.7121
49.3625,31.7028,48.965
34.7642,50.4841,47.5327
31.8765,27.1016,49.0483
51.044,42.9596,49.3492
26.3218,43.3152,48.4633
43.2168,27.6605,48.5803
41.8006,49.9828,48.6996
26.0762,31.602,48.8474
52.5369,35.4882,49.4117
31.2344,48.616,47.26
36.6147,26.6044,49.106
48.5882,47.0071,49.0979
25.3212,39.0471,49.1493
46.6944,30.6811,48.8101
37.6052,51.814,48.1678
29.4766,28.6884,49.2437
51.5403,40.4435,49.4252
27.3232,46.0257,48.0081
41.0137,25.7016,48.8315
44.7161,49.5254,48.2107
26.0349,34.7411,49.6032
50.7293,32.9351,49.3124
33.0079,50.7054,47.8437
33.6366,26.5961,49.1254
50.8987,45.0782,49.7333
25.8894,42.2177,48.8864
44.9897,28.2818,48.865
40.0786,50.7001,48.3829
27.2004,30.8681,48.7984
52.5005,37.4237,49.3498
29.6157,47.6974,47.753
38.2533,26.2332,48.8602
46.7381,47.5298,48.7211
25.2251,37.3821,49.5865
48.7249,30.7012,49.1817
36.0013,50.9839,48.1844
31.4016,28.0273,48.731
51.0895,42.0199,49.8643
27.1333,44.2176,48.4613
43.1242,26.6631,48.9866
42.9199,50.1382,48.9517
25.9357,32.8087,49.6605
51.6141,34.6777,49.5863
32.2011,49.145,47.5459
35.3531,25.93,49.3338
49.3605,46.4029,49.5979
25.6423,40.3626,49.611
46.251,29.6336,48.8865
38.2321,50.8899,48.3301
28.8177,29.6922,49.3096
52.282,39.6659,49.6002
28.2982,46.7471,48.2378
39.8375,25.7899,48.9836
45.5435,48.7668,48.7805
25.1089,35.5196,50.0424
50.1199,31.9082,49.7096
34.0289,50.7013,48.312
32.8618,27.5767,49.3998
50.452,43.6687,49.8935
25.6656,43.1344,49.3334
44.0432,27.8165,49.3631
40.9958,50.928,49.1351
27.2786,32.0453,49.109
52.5312,36.4251,50.0544
30.6057,47.9797,48.0756
37.4734,26.3412,49.8542
47.4536,46.8535,49.237
25.209,38.4594,50.3527
47.5536,30.8825,49.3866
36.8446,51.2666,48.8225
30.4817,28.9405,49.2817
51.6015,41.0752,50.2868
27.6401,45.2281,48.8044
41.6886,26.1703,49.5842
43.7829,49.1329,49.2229
26.1072,33.7826,50.0873
51.3431,33.7972,50.0742
32.3322,49.8614,48.3968
34.4644,26.2306,49.818
49.901,45.6045,50.0403
25.1548,41.2965,49.7449
45.3983,28.9964,49.6898
39.0666,50.2298,48.837
28.4625,30.7316,49.2745
52.3899,38.4807,49.8616
29.2896,46.2009,47.9615
39.1414,26.4492,49.7681
45.7242,47.4752,49.0758
24.7922,36.4524,50.4178
49.4772,30.9513,49.9015
35.1905,50.4233,48.5988
31.8987,27.9964,49.7093
50.9536,43.0381,50.5632
26.4903,43.8302,49.4754
43.2504,27.6759,50.152
42.23,50.4567,49.7252
26.9958,32.34,50.0518
51.5672,35.6428,50.2187
31.9507,48.0695,48.112
36.3592,25.91,49.9312
48.2116,46.3689,49.9095
24.9325,39.4793,50.0389
47.0213,30.0361,49.8711
37.9035,51.6583,49.2073
29.8607,29.6484,49.8331
51.9353,40.1301,50.6338
27.7164,46.2721,49.2069
40.4731,26.3797,49.6431
44.7945,49.4334,49.5769
25.396,34.5493,50.4791
50.265,33.0823,50.3784
33.2253,50.2341,49.0264
33.6241,26.6497,50.3702
49.9734,44.5304,50.4363
25.7876,42.1695,50.0614
44.9213,28.0246,49.9905
40.4931,49.9591,49.0573
27.6149,31.2163,49.7562
52.3844,37.3708,50.4724
30.251,46.7445,47.9602
38.4044,25.616,49.976
46.4228,46.7426,49.3826
25.7112,37.5055,50.4665
48.5028,31.1351,50.2304
36.2973,50.3466,49.0047
30.6832,27.9767,50.2869
51.4949,42.1454,51.0389
27.7256,44.3161,49.3383
42.4232,27.0684,49.7419
43.0037,49.6489,49.9532
26.2284,32.7963,50.7204
51.2292,34.6549,50.777
32.1256,48.8812,48.8854
35.4097,26.4422,50.2245
48.9551,45.677,50.4799
25.0067,40.5733,50.5429
46.2003,29.5887,50.3442
39.1088,51.1088,49.4035
29.0297,30.3226,50.274
51.4321,39.0828,50.3554
28.8961,46.3339,48.9366
39.8766,25.7142,50.2487
45.5442,48.3431,49.6923
25.3629,35.624,51.0022
49.6628,32.0956,50.667
34.2379,50.6646,49.3285
32.6273,27.1718,50.2911
50.0411,43.5389,51.0163
26.4506,43.2633,50.3313
44.177,27.5149,50.7039
41.2445,50.1569,49.9117
27.8115,32.8763,49.7169
51.7466,36.4499,50.9395
31.3069,47.2182,48.188
37.1199,25.8529,50.8369
47.2716,46.8417,50.4342
24.8426,38.8989,51.2582
47.6976,30.4594,50.6642
36.9439,50.7042,49.782
30.5418,29.0537,50.411
51.728,40.9256,51.4595
28.3086,45.4586,49.617
41.2728,26.6672,50.484
43.7199,48.9116,50.2024
25.7017,33.7506,51.1983
50.6655,33.8155,51.1244
33.3364,49.0913,48.6999
34.6295,27.0664,50.6111
50.0474,45.3909,51.1585
26.0614,41.2259,50.5823
45.9513,28.4291,50.6181
39.8568,50.2933,49.9864
28.6386,31.3174,50.2907
52.0161,38.3776,50.8635
29.9551,46.0599,48.8056
39.0019,25.9815,50.8178
46.2096,47.5424,50.0957
25.6041,36.8421,51.2822
48.5852,32.1109,50.6493
35.2126,50.4936,49.6686
31.7178,27.936,50.7131
50.3987,42.6063,51.3725
27.3344,43.7788,50.1826
43.3312,26.6943,50.9591
42.0197,49.5334,50.3333
27.4417,33.1291,50.6736
50.8562,35.6413,51.0345
31.9467,47.6856,49.0576
35.9677,26.0474,51.1578
48.1076,46.3278,51.0942
25.6415,39.8746,51.0053
46.5764,30.0926,51.1765
37.9707,51.0654,50.0599
30.0695,30.1073,50.7112
50.9615,39.8718,51.0899
28.3514,46.6234,49.9039
40.2177,26.699,50.6259
44.7999,48.7124,50.3953
26.1728,34.8991,51.197
50.3447,32.9013,51.5216
34.2997,49.1861,49.2164
33.6394,27.4892,51.0811
50.2152,44.4082,51.6225
26.6192,42.3576,50.6877
44.7431,28.6631,50.9768
40.4757,49.2814,49.9953
28.3423,32.2346,50.8374
51.6722,37.4933,51.2485
31.0358,46.1702,48.5162
38.0695,26.2178,51.3693
46.192,46.3647,50.402
25.3065,37.8791,51.6851
47.7669,31.5423,50.9255
36.1317,50.1239,50.1234
30.9355,28.3886,51.3412
50.6099,41.5493,51.6084
27.9153,44.7826,50.393
42.1452,27.3497,50.8157
43.1769,49.4074,50.921
26.694,33.3567,51.5818
50.0529,34.8627,51.1731
32.9731,48.0582,48.7571
35.1319,26.5864,51.567
48.7523,45.4743,51.5402
25.6514,40.7381,51.7147
45.526,29.6851,51.1362
38.6821,50.2089,50.061
28.4258,30.6794,51.0961
50.9018,38.5318,51.1684
29.6179,46.6432,49.6421
39.889,26.1349,51.5994
45.4458,47.9169,50.7632
26.0454,36.0045,51.9254
49.3238,32.2328,51.7115
34.3978,49.7096,50.2682
32.8875,28.2104,50.737
50.631,43.3398,52.0837
27.3796,43.3873,51.2268
44.2665,27.6987,51.7404
41.2037,49.6098,50.9881
28.5731,33.3137,50.4835
50.7656,36.8008,51.2884
32.1138,46.5257,48.1728
36.9177,26.314,51.733
47.0858,46.1756,51.3275
25.8134,38.8707,51.6552
46.8179,31.096,51.0766
37.2395,50.5025,50.7947
30.3815,29.4193,51.738
50.7536,40.5137,52.1115
27.848,46.0316,50.7571
40.7772,27.6049,50.7265
44.2962,49.137,51.4584
26.3702,34.2249,52.1166
49.9281,33.8495,51.8597
33.6072,48.4079,49.5507
34.1034,26.8297,51.7756
49.4112,44.8948,52.1932
26.2361,41.7057,51.6194
45.5925,28.5058,51.816
39.3449,49.5037,50.538
29.1573,31.5289,51.2024
51.337,38.1725,52.029
30.7336,46.4741,49.5759
38.8897,26.6246,51.8399
46.2316,47.2337,51.2006
25.7239,37.1776,52.3373
48.271,32.0842,51.6794
34.9737,50.4477,51.0414
32.0793,28.6992,51.3237
50.8711,42.3094,52.3932
28.2867,43.9612,51.1072
42.785,28.1099,51.0834
42.187,49.2426,51.3969
28.1398,33.5351,51.4935
50.2164,35.8196,51.882
32.8197,47.0142,48.9588
35.9459,26.0709,52.4472
48.2286,46.3094,52.2559
26.1295,39.7879,51.987
45.7345,30.6157,51.6273
37.8004,49.6539,50.3065
29.4024,30.0367,51.603
50.5852,39.3094,52.0284
29.1163,46.1552,50.624
40.0783,27.3161,51.6055
44.4523,48.0257,51.151
25.9748,35.1865,52.5799
49.5738,32.8807,52.4155
34.4218,48.6473,50.2943
32.9647,27.924,51.9753
50.0846,44.0736,52.7731
26.7331,42.9208,52.0023
44.5799,29.1725,52.1074
40.253,48.9129,50.9247
29.423,32.7119,51.054
51.0309,37.1428,52.4014
31.7723,46.6415,49.1934
38.03,26.2565,52.3832
46.0482,46.0275,51.7496
26.5281,37.9155,51.8254
47.1304,31.9079,51.9726
35.936,49.971,51.1186
31.5444,29.5681,51.5211
50.549,41.3027,52.7327
28.1325,45.1152,51.4988
41.6609,28.4083,50.9369
43.3323,49.4725,51.9742
27.4633,34.0806,51.9644
49.6663,34.937,52.1259
33.8072,47.442,49.2606
34.9026,26.6056,52.6439
48.6027,45.4736,52.7591
26.6742,40.7151,51.817
46.1397,29.7804,52.1724
38.503,50.0094,51.0451
28.7998,30.9231,52.0106
50.0585,38.317,52.156
30.1752,45.9845,50.4295
39.873,26.6563,52.6003
44.7122,47.0157,51.2419
26.2025,36.4884,53.0254
48.6875,31.9805,52.6159
35.1393,49.0803,51.058
33.3098,28.9756,51.4748
50.4302,43.0595,53.208
28.1383,43.1311,51.964
43.5239,28.5413,51.8163
41.1316,48.6581,51.6889
29.2123,33.8682,51.0926
49.9677,36.878,52.0886
32.9379,45.7841,48.7458
36.8086,26.655,52.8954
47.0817,46.0378,52.3895
26.8096,38.9598,52.1572
46.0114,31.7059,51.7743
36.9793,49.4238,51.1035
30.8037,30.4122,51.5499
50.507,40.0396,53.0283
28.8262,46.1092,51.8364
40.5426,28.3348,51.6835
43.5078,48.3549,51.6537
27.1338,34.7903,52.7774
49.1147,33.8814,52.7499
33.9785,47.6799,50.3313
34.1042,27.8428,52.3523
49.0678,44.2505,53.004
27.2599,41.7445,51.9397
45.225,28.7096,52.8387
39.4886,49.8259,51.6356
28.8582,31.993,52.1007
50.759,38.2154,52.9443
31.329,46.2704,50.4147
38.8733,26.9756,52.9022
45.4096,46.7178,52.1665
26.3241,37.8342,52.9639
47.7032,32.1076,52.9968
35.3844,49.535,52.0378
32.5343,29.7295,51.1911
50.5755,41.863,53.7077
28.5935,44.077,52.2244
42.5061,28.4781,52.2505
42.1986,48.4095,52.2506
28.7695,34.5614,51.8312
49.3331,36.0423,52.5451
33.5329,46.3544,49.3672
36.109,27.3635,52.3113
47.9002,46.3275,53.2872
27.0268,39.8835,52.6703
46.349,30.712,52.6533
37.986,49.138,51.2371
29.9186,30.8173,52.0884
49.7127,39.3441,52.9272
29.9513,45.6211,51.43
40.1842,27.6429,52.777
44.3052,47.6066,52.1925
26.8039,35.8601,53.7893
48.2229,33.2537,52.5378
33.957,48.2721,51.2011
33.2248,28.436,52.8288
49.4396,43.2151,52.9089
27.3535,42.619,52.7924
44.1046,28.6555,52.9568
40.2088,49.137,52.2558
29.148,33.0187,52.2682
50.104,37.1595,53.1088
32.4349,45.7342,49.6529
37.8073,26.9378,53.169
46.049,45.839,52.8895
27.4112,38.1044,52.5624
46.6333,32.3566,52.7772
36.5032,49.5503,52.2659
31.9141,30.8642,51.4376
50.4047,40.7245,53.8094
28.6843,45.1271,52.8019
41.4874,28.9545,51.924
43.1911,48.4782,52.7149
28.1338,34.4947,52.7129
48.8459,35.0778,53.0422
34.3801,46.6561,49.9286
35.1135,27.653,52.8342
48.1036,44.8508,53.4555
27.0472,41.0974,53.1088
45.5724,29.6942,53.2824
38.6266,49.3405,52.3939
29.4635,31.5208,52.8863
49.6157,38.3367,53.2733
30.8717,45.5323,50.9784
39.5359,27.5629,53.6126
44.1737,46.2914,52.0855
27.0607,36.9177,53.4333
48.4244,32.642,53.771
34.6658,48.7832,52.315
32.792,29.4827,52.2429
49.3964,42.2922,53.6819
28.0436,43.4869,52.955
43.1265,29.2465,52.8068
41.4454,49.1615,52.6589
29.6855,34.0461,52.117
49.1111,36.994,52.9331
33.1263,44.9254,49.4057
36.532,27.5503,53.3961
46.9248,46.2153,53.6634
27.9659,39.311,52.2085
45.7824,31.7335,53.0277
37.3011,48.6669,51.8802
30.9778,31.3141,52.0533
49.4275,39.9518,53.7089
29.6315,45.6356,52.4657
40.4314,28.9662,52.4991
43.2555,47.3739,52.6341
27.9517,35.6673,52.864
48.1923,34.1933,53.2901
34.3274,47.2537,51.1811
34.2681,28.4432,53.3358
48.9785,44.094,54.1814
27.997,41.4616,52.7409
44.2934,29.0436,53.9373
39.4997,49.7046,52.8835
29.0587,32.5658,53.3999
50.1196,37.9314,54.1823
31.8199,45.1595,50.7202
38.6359,27.216,54.1738
45.0168,45.5797,52.8415
27.1343,38.0991,53.5946
47.2614,31.8122,53.8903
35.8027,49.2434,53.1027
32.8412,30.5918,52.204
49.6616,41.3865,54.1773
28.284,44.3356,53.5417
41.9758,29.3462,52.7991
42.3676,48.8282,53.177
29.1607,34.5573,52.9697
48.1011,36.0606,52.8825
33.9579,45.5996,49.9745
35.9124,28.4418,52.8877
47.1534,45.2519,53.9885
27.996,40.0643,53.0697
45.0184,31.0086,53.079
38.4081,48.3434,51.8694
30.5053,31.8671,52.7685
48.9848,38.7799,54.1336
30.7,45.8137,52.432
40.1619,28.4379,53.4367
43.8621,46.6499,53.2015
28.1794,36.6198,53.1496
47.3373,33.3363,53.1582
34.4958,47.6332,52.1489
33.8741,29.3447,52.7696
48.6748,43.0436,53.9072
28.357,42.4823,53.1216
43.5657,29.7415,53.6571
40.2508,49.3514,53.4604
29.59,33.5551,53.1898
49.2504,37.303,53.9856
32.8969,45.2619,50.4593
37.7284,27.9084,53.9929
45.9193,45.1073,53.6638
27.8111,38.9007,53.4779
46.2974,32.2505,53.8975
36.4164,48.5107,52.5973
32.4144,31.6588,52.2171
49.7289,40.4519,54.6974
29.4051,44.5129,53.2958
41.1582,29.9011,52.6487
42.7641,47.7773,53.5986
28.4075,35.004,53.5624
48.1979,35.1779,53.896
34.6491,46.1598,50.9919
35.3893,28.3686,53.8789
47.8813,44.1558,54.2016
28.3254,40.9758,53.6819
44.5905,30.1453,53.8496
39.2466,48.6473,53.0388
30.0277,32.0828,53.6689
49.5812,38.6693,55.1309
31.7388,45.5761,51.7513
39.4788,28.0906,54.5419
43.955,45.5225,52.8722
28.1573,37.6366,53.6309
47.676,32.9396,54.5122
34.8354,48.0275,53.0645
33.8843,30.3284,52.3533
48.7705,42.1211,54.4837
28.8754,43.4323,53.6333
42.3918,29.441,53.7228
41.0844,48.6715,53.6445
30.4216,34.349,52.9109
48.3762,36.5886,53.8991
33.942,44.6444,50.3803
37.0419,28.6527,53.3509
46.2662,45.386,54.5651
28.8413,39.201,52.9397
45.0752,31.6403,53.9216
37.7687,48.2964,52.7553
31.5889,31.8494,53.1194
48.9475,39.7875,54.807
30.4922,44.9132,53.0834
40.3509,29.5431,53.3988
43.4565,47.1574,54.0734
28.9553,35.9342,53.4411
47.894,34.04,54.2836
34.4866,46.3841,52.1027
35.0284,29.315,53.2672
48.4258,43.4275,55.0386
28.9815,41.8262,53.6324
44.1767,29.72,54.7126
39.1996,49.0413,54.0616
29.7161,33.2314,54.2372
49.4112,37.486,55.0842
32.6716,45.1398,51.5576
38.3922,28.2852,54.7272
44.6929,44.9569,53.6525
27.879,38.2999,54.4267
46.8573,31.977,54.9126
35.9221,48.0673,53.4822
33.4786,31.2539,52.6862
48.7344,41.1469,54.9277
29.5367,44.1433,54.3916
41.3779,29.3953,53.9024
42.2182,48.318,54.2604
29.6457,34.9178,53.8521
47.4625,35.9953,53.8443
34.8589,45.24,50.5044
35.9766,29.5885,53.457
46.5436,44.4026,54.5234
28.7041,39.8767,53.8961
44.1167,31.3463,53.5726
38.6748,47.599,52.8642
31.0263,31.6961,53.9967
48.412,38.8859,55.0129
31.5291,45.029,52.6668
39.4035,29.0629,53.9872
43.9409,46.0981,54.1218
29.1353,37.3421,53.5481
46.8642,33.7416,54.2849
34.9096,46.9528,53.0022
34.7299,30.4583,53.1363
47.7452,42.688,54.3501
29.6092,42.712,53.458
43.1648,29.3135,54.6197
40.1927,48.6079,54.2771
30.655,33.5366,53.9176
48.666,36.7268,54.9425
33.6381,44.1985,51.2943
37.5038,28.8684,54.6709
45.2616,45.4148,54.6528
29.0065,38.5482,53.7967
45.7043,31.8063,54.8636
37.0691,48.1104,53.5289
32.5439,31.4676,53.3349
48.88,40.1711,55.8229
30.4619,44.0198,53.9286
40.977,30.4289,53.5949
42.5647,47.4172,54.7192
28.6399,34.963,54.7724
47.138,35.0465,54.2335
35.5562,45.7312,51.3926
35.3788,29.3661,54.4178
47.1629,44.069,55.3591
29.3297,40.6895,53.633
43.7014,30.6395,54.3585
39.3664,47.9316,54.0434
30.5007,32.4547,54.529
48.7042,38.3077,55.9691
32.4932,45.3429,52.5827
38.9437,29.1242,55.079
43.6864,45.0513,54.0044
28.6704,37.1221,54.4833
46.5714,32.9782,55.0167
35.3981,47.0294,53.9375
33.7903,30.7503,53.6191
47.8367,41.7803,54.9152
29.7806,43.056,54.6022
42.0057,29.3224,54.7585
41.0468,48.4685,54.9518
30.7528,34.8304,54.1123
47.5353,36.9121,54.6875
34.914,44.3284,50.9856
37.1152,29.637,53.6651
45.5292,44.3309,54.7779
29.6345,39.5329,53.6476
44.6714,31.3785,54.8756
38.0788,47.908,53.9374
32.0359,32.2239,54.0009
47.7751,39.7059,54.8494
31.5268,44.5654,53.631
39.7143,30.173,54.1019
43.2351,46.6527,55.1997
28.8501,35.9746,54.5383
47.0796,34.4903,55.1767
35.6324,46.3787,52.3159
34.353,30.1162,54.2272
47.4621,43.0582,55.6383
30.1249,41.6711,53.508
43.5295,30.165,55.4791
39.6043,47.8183,55.0514
30.2918,33.2283,55.1819
48.213,37.6434,55.103
33.5359,45.0069,52.3695
38.2889,29.3745,54.1289
44.2525,44.6673,54.8656
28.811,38.2099,55.0963
45.9188,32.2867,55.8003
36.529,47.4736,54.2996
33.4182,31.7475,53.7727
47.756,40.7246,55.1809
30.4131,43.8907,55.0473
41.7906,30.341,54.3757
41.4921,47.5189,54.7517
29.8592,34.5965,55.0887
47.4958,35.8989,54.936
34.5519,45.1811,51.6965
36.4968,29.9684,54.558
46.258,44.8024,55.6309
29.5792,40.0612,54.5754
43.7193,31.9718,54.4409
38.6783,46.9363,53.8851
31.5925,31.8292,55.0282
48.1593,39.2996,56.0388
32.5876,44.1444,53.582
39.9381,29.436,55.0555
42.9377,45.897,54.4349
29.7498,36.574,54.0605
45.9611,34.1898,54.7215
35.4809,45.9355,53.35
34.7274,31.2201,53.9324
46.9554,42.4054,55.0418
29.875,41.9916,54.5106
42.6038,30.2899,55.0711
40.4967,47.5564,54.5111
31.1475,33.8238,54.8098
47.6918,36.897,55.8145
34.2044,44.0484,52.2583
37.5549,29.9813,54.8067
44.9633,45.3892,55.6633
29.3579,38.9955,54.7003
44.6154,32.5085,55.0585
37.379,47.1442,53.8124
32.6259,31.4536,54.5083
47.8706,40.3124,56.1875
31.5647,43.5916,54.2761
40.6854,30.1038,54.6728
42.0987,46.4808,55.1877
29.8846,35.7047,55.1158
46.3301,35.2898,54.968
35.6103,45.226,52.3453
35.447,30.3842,54.2141
46.402,43.2726,55.5453
30.158,40.9771,54.4294
43.2849,31.1986,55.2465
39.6134,46.943,54.4001
31.258,32.8838,55.6051
47.5241,38.3318,55.6806
33.2127,45.0531,53.3441
38.5939,30.131,54.8757
43.9201,45.534,55.3781
29.6496,37.7786,54.5932
45.5472,33.263,55.5068
36.3548,46.5322,53.8566
33.7904,31.0974,54.6037
47.3229,41.5593,55.8657
30.8489,42.7851,54.646
41.6744,30.4018,55.4483
41.2152,47.0757,55.7621
30.7866,34.9979,55.2022
46.7596,36.5083,55.452
35.3122,44.0578,52.1778
36.8708,30.9818,54.1522
45.1517,43.7775,55.7594
30.4016,39.4946,54.3135
44.043,31.7988,55.6908
38.1212,47.2178,54.7989
32.2938,32.7126,55.0769
47.2167,39.4236,55.7482
32.3234,44.7296,54.4822
39.8294,30.7544,54.9705
42.8304,45.8345,55.7332
29.7,36.7389,55.1552
45.8799,34.6732,55.6591
36.457,45.6206,53.0259
34.9998,31.1085,55.0076
46.66,42.5344,56.2602
30.9408,41.6667,54.7159
42.5605,30.8422,55.9464
40.429,46.669,55.2196
30.8112,33.8968,55.8389
46.7319,37.6572,55.4894
34.1078,44.5121,53.3097
37.9979,30.8117,54.1992
44.2589,44.4909,55.8907
29.9327,38.3649,55.4148
44.9491,32.3959,56.3624
37.2003,46.5312,54.6739
33.4699,32.3793,55.0126
46.7902,40.532,55.8111
31.4688,43.6536,55.3097
40.6576,30.6075,55.6106
42.1948,46.7501,56.1773
30.7247,36.1732,55.5688
46.0409,35.7442,55.8611
35.9785,44.408,52.8413
35.9729,31.2095,54.6546
46.0869,43.34,56.7981
31.028,40.4185,54.7936
43.0072,31.6301,56.5811
38.9371,46.5816,55.2541
32.0143,33.5711,55.9592
46.4898,38.6904,55.4431
33.4716,44.3334,54.5164
38.9781,31.3318,54.2741
43.4949,45.3265,56.3334
30.664,37.4675,55.4763
45.2543,34.0557,56.3424
37.0501,45.5714,54.2411
34.3088,31.7854,55.2916
46.1487,41.5615,56.2911
31.7304,42.4085,55.2076
41.2561,31.2351,56.1575
40.9016,46.0716,56.2266
30.5422,35.0591,56.2431
45.9001,36.9779,55.9437
35.298,43.6675,53.4857
37.148,31.0877,55.1504
44.636,43.7246,56.7273
30.0769,39.6026,55.5254
43.6921,32.44,56.6659
37.9045,46.4047,55.5738
33.0147,33.6769,54.9418
46.3931,39.5547,56.3742
32.8016,43.8121,55.1985
39.7301,31.7586,55.4517
42.1548,45.6628,56.5351
29.8495,36.8724,56.1899
44.967,35.1498,56.135
36.7809,44.7006,53.683
35.3748,32.2758,54.9444
45.9733,42.3773,57.1154
31.1152,41.2781,55.7451
42.1025,31.8129,55.915
39.7452,46.14,56.0923
31.6065,34.5109,56.2472
45.814,38.0622,56.1987
34.2231,43.6451,54.0021
38.0345,31.7399,54.9038
43.5482,44.3616,56.8316
30.9982,38.668,55.8433
44.1264,33.4861,56.719
37.1832,45.5391,55.3583
34.2503,33.1013,55.6841
45.8423,40.4546,56.6664
32.2147,43.0879,55.8827
40.2496,31.7252,56.6066
41.3535,45.617,57.1217
30.4835,35.8927,56.9207
44.9879,36.1883,56.0468
35.7789,44.5284,53.9816
36.2594,31.6939,55.5599
45.125,43.1735,57.7059
31.0969,40.2308,55.935
42.9577,32.5394,55.8303
38.6459,46.0444,56.3878
32.7535,34.3657,55.9642
45.3834,39.0757,56.3929
34.0217,43.8088,55.3149
38.8563,32.3192,54.9852
42.5648,44.5664,56.4956
30.3365,37.868,56.4671
44.0356,34.6434,56.5869
37.7645,44.7513,54.6324
34.8743,32.2772,56.0372
45.1763,41.6456,56.7488
31.83,42.1133,56.4472
40.9653,32.219,55.9551
40.3043,45.9125,57.1369
31.4533,35.6457,56.6583
45.2689,37.2544,56.8043
35.1994,43.6745,54.5978
37.65,31.743,56.0688
43.9927,43.7577,57.6546
31.0157,39.4403,56.5267
42.8842,33.1168,56.7254
37.4136,45.6127,56.3742
33.9265,34.1033,55.9119
45.5106,39.5906,57.5533
33.1568,43.596,56.234
39.0344,32.191,56.3555
41.5785,44.4286,57.1964
30.4663,37.0816,57.1597
44.3685,35.6668,56.8737
36.905,44.0149,54.5675
35.8644,32.7051,56.1809
44.7683,42.0215,57.696
32.0022,41.0087,56.6338
41.6323,32.411,56.7289
39.4242,44.9254,56.7456
32.4141,35.1273,56.7675
45.2881,38.2016,57.1621
34.685,43.0085,55.2366
37.7194,32.7291,55.2315
42.771,43.7755,57.1429
31.1073,38.5012,56.9194
43.2571,34.1352,57.3552
38.1405,44.8235,55.5871
34.0607,32.7521,56.7252
44.6243,40.1847,57.1113
33.0209,42.6578,56.6565
39.8438,32.7837,55.9257
40.4613,44.7667,56.8396
31.2905,36.4371,57.4485
44.2981,36.7707,56.7108
36.2611,43.18,54.4383
36.8945,32.316,56.7581
43.9229,42.6758,58.0343
32.1877,39.8673,56.097
42.0108,33.3331,56.1433
38.2917,45.3483,57.119
33.3711,34.6861,56.7744
44.4629,38.9148,57.0615
34.3611,43.2739,56.2605
38.6161,33.3423,55.1362
41.7649,43.4928,56.7812
31.4129,37.456,56.6648
43.4167,35.1566,57.5108
37.8142,43.6745,55.0952
35.1535,32.7407,57.178
44.4926,41.0152,57.751
32.8691,41.6277,56.6265
40.7639,33.146,56.4429
39.9505,45.0863,57.7589
32.2255,35.8469,57.5893
44.2976,37.5726,57.3494
35.6878,42.4121,55.0706
37.82,32.8232,56.4219
43.0278,43.3908,58.1024
31.9549,39.3059,57.0381
42.0966,34.2208,57.2826
37.47,44.6303,56.8221
33.5503,33.7018,57.2613
44.2463,39.5143,57.9565
34.0384,42.7911,57.1667
39.5369,33.7423,55.6459
40.6364,43.6216,57.0889
31.5328,37.4814,57.8275
43.7527,36.197,57.5603
37.2351,42.6478,54.778
36.1942,32.9216,57.5471
43.8522,41.6218,58.5898
32.8959,40.6897,57.2678
40.9842,33.9088,57.206
38.9078,44.9825,58.0927
33.4601,35.6875,57.2053
43.6466,38.2707,56.7112
35.5138,43.1803,55.8518
37.7702,33.7327,55.8562
42.2939,42.8221,57.6906
32.1284,38.3158,56.5837
42.7146,34.7814,56.6156
38.0623,43.8975,56.343
34.6164,33.768,56.9049
43.5244,40.087,57.2286
33.8734,41.8931,56.4949
39.7633,33.6319,56.7721
40.7038,44.2231,57.9675
32.2199,36.7467,58.1487
43.2004,36.8944,56.8432
36.4886,43.0852,55.5193
36.7969,33.5767,56.5345
43.0237,42.2269,58.3648
33.0009,39.3309,56.6171
41.7121,34.4177,56.1784
38.3875,44.3301,57.3185
33.7825,34.6981,57.7416
43.4775,38.9284,57.4848
35.0679,42.5709,56.5718
38.7212,33.3965,56.504
41.4375,43.3953,58.0264
32.428,37.3851,57.0841
42.8365,35.8643,56.8659
37.5774,42.9405,55.8789
35.6571,33.7981,56.9304
43.2108,40.9158,57.8874
33.8847,40.7655,57.0833
40.5815,34.288,56.2407
39.4924,44.1026,57.892
33.142,35.7694,58.2714
43.1337,37.8289,57.6879
36.029,42.2903,56.2512
37.6618,34.14,56.9296
42.0761,43.0205,58.8583
32.7719,38.8304,57.6693
41.7822,35.2741,56.9595
37.349,43.497,57.14
34.9914,34.6279,57.4959
43.1135,39.7714,58.121
34.4667,41.8506,57.3179
39.3067,34.4524,56.37
40.3821,43.1187,58.2128
32.7884,37.6341,58.0714
42.9513,36.7371,58.149
36.9629,41.9501,55.5734
36.9376,33.8232,57.646
42.5467,41.3716,58.9541
33.7558,39.7624,57.6575
40.8249,35.3369,56.4178
38.4634,43.3614,58.0496
34.4578,35.5833,57.5845
42.9265,38.7697,58.4425
35.1464,41.3982,56.3939
39.271,34.2292,57.5209
41.2542,42.3471,58.1339
33.4075,37.8999,57.1922
42.1274,36.0468,57.7794
37.053,42.4742,56.6031
35.9797,34.5098,58.0567
42.3234,40.4365,58.4602
34.1524,40.6669,58.0731
40.1228,34.7344,57.1571
39.3611,42.7385,57.9095
33.8434,36.6887,57.7559
42.554,37.5588,58.671
36.0875,41.1608,55.7895
38.049,34.4036,57.9815
41.4849,41.7259,59.2236
33.8352,38.7439,58.0012
41.0978,35.9765,57.3172
37.9726,42.526,57.1822
35.5124,35.4526,57.8493
42.0723,39.4342,57.9606
35.2236,41.1074,57.4539
38.919,35.2827,57.083
40.124,42.0885,58.1013
33.8114,37.7016,58.6494
41.8083,36.8377,58.4273
36.9848,41.3208,56.6279
36.8813,34.9337,58.4749
41.6173,40.6146,59.2588
34.3796,39.6007,58.4591
40.0906,35.9971,56.7973
38.4939,42.2404,58.0816
35.0883,36.4889,57.5601
41.8634,38.7469,58.8555
35.577,40.3818,56.7532
38.9703,35.1353,58.2021
40.4402,42.1436,59.1307
34.3942,37.8309,57.8241
41.4447,37.12,57.4624
37.9162,41.6898,56.2902
36.5025,35.3656,57.5008
41.2666,40.0341,58.3556
35.0313,40.0817,57.8067
39.7463,35.8074,57.814
39.3521,42.1398,58.8899
34.9477,36.954,58.4688
41.4881,37.8235,58.3917
36.6706,40.2015,56.6979
37.7658,35.3919,57.8786
40.7119,40.8508,58.7843
34.9333,38.8903,57.8075
40.315,36.8406,57.4016
38.5542,41.262,57.795
35.9816,36.2734,58.1477
41.1544,38.9868,58.196
35.9677,39.7343,57.4765
38.5744,36.1467,57.7234
39.7918,41.0877,58.4056
35.0924,38.1599,58.6041
40.7346,36.9438,58.4919
37.7241,40.8882,57.265
37.0743,35.9886,58.4734
40.8877,39.9349,59.4199
35.5743,39.4996,58.4796
39.2528,36.9254,57.4216
38.7825,41.2304,58.8227
35.7575,37.3656,58.0111
40.746,37.8221,59.2002
36.857,40.3487,57.7963
37.5956,36.5253,57.776
39.9129,40.183,59.0695
36.024,38.5591,57.9891
39.6707,36.8612,58.4272
37.723,40.9845,58.3239
36.8137,37.284,57.9429
40.2949,38.9273,58.8629
36.7871,39.245,57.8686
38.4395,37.1595,58.032
38.8716,40.0778,58.5689
36.2774,37.8794,58.7941
40.2558,37.9483,58.24
37.8527,39.9102,57.8027
37.8099,36.8105,58.8014
39.5405,39.3148,59.5765
36.5375,38.8625,58.9234
39.1271,37.9059,57.8637
37.8598,40.0856,58.979
37.2908,37.8088,58.7475
39.3519,38.3771,58.8183
37.5687,39.1835,58.6392
38.3567,37.7724,59.0207
38.4884,39.1651,59.0456
37.3808,38.4527,59.546
31.5,33.5,38.5
28.5,36.5,39.5
38.5,35.5,31.5
43.1701,41.6174,50.4654
41.5,41.5,31.5
39.9976,33.7703,34.5541
40.4128,33.0504,35.1215
40.5,28.5,39.5
46.1599,40.1302,47.4603
45.6431,42.1362,39.4768
40.6539,36.2986,40.2347
37.5,32.5,30.5
36.5,31.5,37.5
41.5,36.5,50.5
49.5,44.5,34.5
48.5,34.5,42.5
46.6101,42.2064,45.6173
36.5,36.5,37.5
31.5,31.5,35.5
39.5,37.5,30.5
33.5,44.5,41.5
51.5,37.5,37.5
31.5,34.5,34.5
42.5,32.5,40.5
45.5,35.5,30.5
35.5,42.5,42.5
36.5,36.5,35.5
32.5,31.5,36.5
35.5,47.5,47.5
44.5,45.5,41.5
39.5,30.5,34.5
36.5,46.5,36.5
39.7403,37.2648,30.1348
42.5,33.5,42.5
32.5,40.5,40.5
39.5,37.5,34.5
39.9731,31.3909,38.4193
40.5,41.5,48.5
45.7976,42.258,40.4455
33.5,35.5,34.5
45.4549,42.8098,35.8047
46.4176,42.2985,43.5304
36.5,37.5,41.5
46.5,39.5,38.5
40.5,41.5,40.5
38.5,41.5,47.5
46.5,40.5,33.5
41.5,43.5,28.5
39.5,48.5,45.5
43.1579,42.8327,39.5325
38.5,44.5,46.5
34.5,45.5,36.5
40.797,36.9917,45.5915
41.2283,31.5281,36.1449
39.5,27.5,37.5
34.5,44.5,33.5
31.5,39.5,36.5
30.5,33.5,35.5
33.5,44.5,34.5
42.5,38.5,35.5
46.5,43.5,33.5
42.5,38.5,47.5
41.5,43.5,50.5
38.2611,49.1778,42.1918
41.5054,30.748,36.7386
35.5,42.5,31.5
43.5,32.5,44.5
38.8035,38.101,45.8193
48.5,35.5,40.5
35.5,34.5,37.5
34.5,36.5,48.5
38.5,42.5,49.5
35.5,33.5,44.5
39.5,48.5,35.5
46.5,41.5,37.5
36.9563,36.9327,56.8199
42.5,39.5,39.5
30.5,40.5,42.5
34.8531,36.6,40.792
48.5,31.5,40.5
39.5,45.5,38.5
42.9675,43.6329,46.6789
48.5,39.5,41.5
38.5,34.5,48.5
37.8975,39.1846,48.4679
40.5,46.5,35.5
38.3197,38.4786,53.8503
42.8909,43.6586,48.7171
43.0777,42.936,34.3072
36.5,42.5,39.5
35.5,46.5,32.5
41.7494,38.7241,30.7347
30.5,37.5,37.5
46.5,32.5,45.5
39.5,43.5,40.5
39.5,30.5,36.5
49.5,39.5,37.5
38.803,37.2508,55.955
39.5,39.5,39.5
39.2859,35.7264,35.6545
45.7114,42.1098,52.6119
36.5,51.5,40.5
44.5,34.5,31.5
46.5,41.5,38.5
44.8382,43.354,42.5416
37.5,45.5,46.5
43.5,30.5,39.5
42.9476,43.6782,51.8112
44.8662,41.9295,34.1092
43.5,47.5,33.5
40.5,44.5,41.5
38.5,30.5,34.5
40.5,32.5,46.5
31.5,36.5,48.5
41.7896,39.4105,27.002
40.5,42.5,51.5
49.2686,33.8023,46.0702
47.5,37.5,39.5
43.5,29.5,34.5
41.2039,35.5234,37.3063
38.5,43.5,34.5
44.5,47.5,46.5
37.5,39.5,37.5
32.5,38.5,46.5
41.5,35.5,30.5
37.5,32.5,34.5
41.5,41.5,33.5
40.2114,29.6502,39.5079
43.5,32.5,42.5
30.5,36.5,44.5
49.5,42.5,40.5
48.5,35.5,39.5
35.5,44.5,43.5
34.5,38.5,45.5
39.1034,36.3705,33.2756
36.5,29.5,37.5
46.5,47.5,45.5
34.5,29.5,35.5
27.5,41.5,39.5
39.1566,34.5829,39.2131
45.6264,40.2213,40.508
40.7625,37.8932,27.906
43.5,48.5,38.5
44.5,33.5,48.5
40.5,37.5,46.5
32.5,35.5,33.5
29.5,43.5,34.5
45.4239,41.9723,38.4607
38.5,31.5,30.5
42.1423,35.0724,41.0635
41.5,33.5,42.5
39.5,45.5,39.5
40.5202,48.6213,32.5594
44.5,42.5,31.5
28.5,40.5,35.5
45.5,43.5,41.5
32.5,48.5,40.5
32.5,49.5,42.5
46.5,44.5,40.5
37.9085,37.0147,56.3918
43.7059,41.6131,46.3744
41.2389,39.3694,26.1517
43.2171,41.6311,49.4285
35.5,43.5,50.5
43.5,44.5,33.5
41.5,42.5,45.5
39.5,42.5,36.5
51.5,41.5,36.5
45.5,31.5,34.5
39.8537,37.0169,39.6408
44.5,46.5,40.5
47.5,40.5,44.5
34.5,31.5,43.5
36.5,35.5,40.5
40.5,49.5,33.5
41.846,40.9418,44.3828
40.5,48.5,40.5
41.5,30.5,31.5
44.5,38.5,37.5
47.5,43.5,35.5
39.5,48.5,46.5
42.4522,41.2519,33.1467
30.5,33.5,34.5
41.5,46.5,35.5
34.5,37.5,36.5
35.5,31.5,42.5
42.5,38.5,39.5
42.5,48.5,36.5
42.7809,43.3754,43.609
44.5,48.5,43.5
38.5,34.5,40.5
42.338,41.2216,32.1227
40.5,41.5,42.5
40.5,28.5,40.5
32.5,37.5,40.5
40.5,38.5,49.5
33.5,36.5,30.5
32.5,33.5,46.5
45.7912,40.1476,48.4664
41.5,46.5,38.5
36.5,28.5,38.5
35.5,30.5,38.5
35.5,29.5,42.5
41.5,41.5,48.5
35.5,30.5,44.5
37.5,35.5,35.5
38.5,45.5,39.5
43.5,39.5,48.5
42.5,33.5,37.5
39.9977,39.8267,54.1223
29.5,40.5,46.5
47.1003,40.3215,44.4181
40.5,39.5,39.5
42.5,33.5,44.5
34.5,35.5,38.5
46.5,33.5,32.5
40.5,41.5,47.5
40.651,43.6387,30.5983
34.5,39.5,36.5
41.4509,38.4194,29.8005
40.4464,46.5412,34.5708
37.5,45.5,39.5
43.5,39.5,28.5
39.6839,33.9973,36.7436
30.5,36.5,33.5
46.9993,40.3727,43.3106
44.5,38.5,40.5
33.5,41.5,41.5
39.5,45.5,42.5
51.5,41.5,40.5
35.5,47.5,33.5
38.5,33.5,31.5
40.5,37.5,28.5
39.5,40.5,32.5
44.9199,43.1881,44.5573
45.1831,41.6638,37.5211
43.0393,43.7301,50.76
41.5,36.5,33.5
43.3276,42.779,38.4449
37.5,48.5,42.5
32.5,44.5,38.5
38.769,35.2095,38.5243
38.5,47.5,35.5
29.5,40.5,35.5
46.5,41.5,31.5
38.4943,38.9059,56.7051
37.5,46.5,38.5
35.6227,37.9551,57.0038
33.5,45.5,41.5
45.5,45.5,42.5
48.5,34.5,45.5
39.5,28.5,42.5
40.8523,32.3138,35.6098
46.5,46.5,32.5
31.5,43.5,45.5
42.5,28.5,39.5
32.5,34.5,41.5
50.5,41.5,37.5
35.5,38.5,45.5
43.5,51.5,40.5
46.1332,41.9304,50.635
43.8044,41.6413,44.3256
32.5,49.5,38.5
34.5,44.5,39.5
49.5,44.5,37.5
44.5,43.5,36.5
38.7207,37.5689,50.1868
36.5,36.5,49.5
33.5,42.5,45.5
39.5,47.5,36.5
38.5,38.5,27.5
35.435,36.7205,39.9688
45.5,43.5,46.5
28.5,42.5,40.5
28.5,43.5,43.5
39.6441,34.546,34.0067
36.5,32.5,43.5
46.4702,40.1235,46.4424
34.5,32.5,39.5
46.5,44.5,35.5
32.5,48.5,39.5
40.5,27.5,38.5
33.5,32.5,46.5
42.6422,38.8211,35.3541
33.5,35.5,45.5
46.5,40.5,38.5
45.5,42.5,43.5
34.5,44.5,38.5
43.5,33.5,36.5
40.5067,37.5956,32.0072
43.8132,41.7185,41.2253
39.5,46.5,46.5
50.5,39.5,44.5
35.5,35.5,45.5
43.5,29.5,39.5
28.5,40.5,34.5
33.5,36.5,38.5
35.5,34.5,31.5
42.5,43.5,36.5
40.97,41.9839,35.4534
29.5,41.5,40.5
40.7661,40.5611,52.3242
45.5,35.5,43.5
46.5,37.5,49.5
47.5,36.5,47.5
44.8334,43.4742,41.5374
46.092,40.3079,41.4349
37.5,36.5,29.5
29.5,45.5,42.5
38.5,50.5,33.5
45.5,45.5,43.5
40.2363,38.7246,36.8597
43.5,38.5,37.5
43.1047,39.1472,36.1935
36.5,49.5,37.5
33.5,41.5,43.5
33.5,38.5,35.5
44.5,41.5,40.5
42.5,49.5,44.5
37.5,44.5,50.5
32.5,32.5,45.5
29.5,34.5,37.5
46.5803,42.1784,46.6229
42.5,40.5,51.5
41.775,41.157,43.4003
36.389,48.3489,42.4586
38.5,38.5,37.5
33.5,37.5,44.5
45.1457,40.1113,39.6499
38.5,30.5,32.5
36.5,39.5,35.5
41.5,45.5,46.5
35.5,42.5,41.5
45.5,42.5,39.5
31.5,32.5,39.5
40.5,35.5,45.5
36.5,42.5,33.5
45.5,44.5,34.5
38.976,37.6344,35.1545
40.8709,42.5105,33.4527
41.5,28.5,39.5
35.5,38.5,38.5
44.5,39.5,46.5
42.9893,42.9224,33.2808
46.5,49.5,37.5
31.5,36.5,39.5
44.5,36.5,34.5
30.5,40.5,34.5
36.5,39.5,40.5
45.5,39.5,33.5
35.5,45.5,48.5
43.4498,42.8526,37.4358
40.4316,28.7994,40.0757
41.5636,38.1367,33.7137
35.5,39.5,43.5
41.484,35.3003,36.2978
46.5,48.5,42.5
34.5,42.5,44.5
29.5,36.5,39.5
45.5,37.5,41.5
34.5,35.5,45.5
37.5,41.5,32.5
44.6897,41.4146,33.2401
36.5,40.5,49.5
37.5,41.5,42.5
44.5,44.5,34.5
39.4812,47.7994,37.405
35.5,37.5,35.5
39.5,32.5,45.5
41.7181,41.3083,42.4486
44.9867,43.3061,48.5647
37.5,43.5,43.5
33.5115,36.4214,42.4108
48.5,35.5,46.5
40.5,29.5,37.5
42.5,43.5,40.5
45.2865,43.7594,51.654
31.5,44.5,43.5
39.5,50.5,35.5
39.5,47.5,34.5
49.5,45.5,41.5
47.5,44.5,46.5
42.9674,43.7067,49.7257
28.5,38.5,34.5
28.5,44.5,39.5
33.5,46.5,41.5
34.5,46.5,32.5
40.5,33.5,45.5
39.6537,44.694,34.7537
42.5,44.5,29.5
42.769,39.5028,50.5263
43.5,31.5,38.5
33.5,35.5,44.5
44.5,38.5,46.5
35.5,45.5,34.5
33.5,35.5,35.5
44.5,38.5,36.5
41.5,41.5,30.5
39.5,43.5,49.5
36.5,36.5,42.5
41.5,47.5,34.5
49.5,38.5,32.5
40.5,37.5,44.5
44.5,32.5,41.5
43.522,39.4799,37.0871
32.5,31.5,40.5
31.5,35.5,35.5
37.5,49.5,39.5
42.8757,43.4712,44.6419
31.5,46.5,40.5
41.5,29.5,44.5
36.5,30.5,34.5
38.2344,37.2807,51.0629
39.5,42.5,35.5
44.4304,40.9652,32.3726
35.5,45.5,40.5
43.5,35.5,50.5
39.5,36.5,42.5
44.5,46.5,42.5
30.5,36.5,45.5
43.1414,40.0028,49.7014
36.5,31.5,47.5
39.1544,38.9106,52.0315
41.5,41.5,38.5
47.5,44.5,36.5
40.4393,37.7514,39.1573
40.1798,36.9734,42.0592
37.5,35.5,34.5
47.5,38.5,48.5
44.5,32.5,35.5
30.5,35.5,37.5
42.5,37.5,33.5
45.5,44.5,32.5
43.5,36.5,41.5
47.5,32.5,45.5
46.5,34.5,41.5
34.5,38.5,30.5
37.5,40.5,35.5
41.7911,29.2683,38.131
33.9917,34.817,43.8473
37.8176,38.5522,39.5302
45.5,39.5,49.5
29.5,36.5,41.5
39.5,42.5,29.5
41.5,35.5,34.5
37.5,47.5,48.5
40.5,36.5,35.5
46.5,41.5,35.5
46.5,30.5,41.5
44.5,38.5,48.5
40.936,47.5249,34.5091
50.5,40.5,37.5
38.9109,37.4185,33.1285
50.5,42.5,42.5
41.6569,41.3467,40.4066
41.5177,40.9505,49.3449
40.5,42.5,34.5
38.5,46.5,35.5
44.5,39.5,40.5
40.5161,37.2777,46.5191
45.5,37.5,49.5
45.5,43.5,49.5
39.733,37.8397,37.0861
38.7918,38.6729,52.9369
35.5469,35.3476,42.6486
40.5,45.5,46.5
50.5,41.5,43.5
41.7454,34.9504,35.4144
42.5,50.5,44.5
39.5,50.5,42.5
47.5,46.5,42.5
38.0277,38.6898,47.6197
38.5,31.5,48.5
40.5,50.5,40.5
36.5,49.5,44.5
39.5,39.5,50.5
41.5,47.5,31.5
41.5,36.5,51.5
36.5,49.5,43.5
40.4127,36.5798,41.1298
46.5,46.5,46.5
44.8228,43.2374,45.5512
37.5,30.5,36.5
40.0681,45.6382,34.6968
42.4683,29.7007,40.438
37.5,50.5,41.5
35.5,33.5,41.5
38.5,50.5,35.5
29.5,38.5,36.5
33.5,30.5,44.5
42.5,34.5,36.5
40.5,36.5,33.5
41.5,36.5,37.5
30.5,32.5,42.5
49.5,42.5,46.5
38.5,28.5,36.5
29.5,36.5,42.5
41.569,41.4912,39.3911
35.5,44.5,29.5
35.5,43.5,49.5
41.1022,36.611,44.7065
50.5,33.5,40.5
42.5,48.5,37.5
43.5,30.5,45.5
38.4355,34.8438,41.3486
42.5,34.5,38.5
38.9836,43.6448,32.7225
41.8306,40.9153,47.3803
34.5,42.5,48.5
43.5,32.5,33.5
37.5,41.5,41.5
45.5,46.5,35.5
36.2623,38.0156,56.1889
30.5,40.5,40.5
41.3731,31.3787,40.2603
37.5,37.5,42.5
42.5,35.5,37.5
32.5,37.5,36.5
41.5,46.5,45.5
36.5,39.5,36.5
37.5,31.5,45.5
42.8622,42.9734,41.51
42.872,43.6955,47.6918
30.5,46.5,43.5
31.5,41.5,48.5
39.5,40.5,49.5
38.9537,42.7265,34.8766
37.6728,38.3147,54.6629
45.2367,42.4171,34.895
32.5,37.5,31.5
29.5,43.5,41.5
33.5,40.5,41.5
32.5,47.5,36.5
43.4399,41.7028,38.1343
36.5,42.5,31.5
32.5,43.5,45.5
48.5,46.5,40.5
32.5,40.5,34.5
49.5,44.5,44.5
43.5872,41.7123,47.3676
41.0234,37.8098,32.8464
40.6872,50.6133,32.5922
40.5,39.5,36.5
43.5,40.5,41.5
42.3715,34.7594,40.1442
47.5,30.5,38.5
30.5,32.5,40.5
42.0648,41.2105,31.1666
31.5,43.5,34.5
42.2466,39.5936,27.9264
37.5,48.5,44.5
40.5,38.5,34.5
43.5,32.5,41.5
45.5,41.5,44.5
46.5,39.5,33.5
41.5,42.5,39.5
34.5,39.5,50.5
29.5,43.5,38.5
40.5,29.5,34.5
33.5,39.5,48.5
40.5,38.5,46.5
47.5,39.5,41.5
35.5,45.5,32.5
40.5827,39.3105,25.4254
38.5,48.5,34.5
36.5,37.5,43.5
32.7708,36.4158,43.1256
45.5,29.5,41.5
47.5,43.5,42.5
42.5,46.5,36.5
38.5,39.5,35.5
46.5,31.5,38.5
41.2912,40.9071,50.3221
40.5,31.5,45.5
35.5,47.5,43.5
38.7094,38.4757,32.9592
38.5,39.5,30.5
34.5,29.5,37.5
38.5,43.5,46.5
31.5,33.5,37.5
34.5,43.5,49.5
36.5,31.5,42.5
44.5,38.5,50.5
37.5,43.5,44.5
36.8983,36.1749,41.3783
42.5,42.5,37.5
30.5,42.5,34.5
36.5,36.5,40.5
39.5,39.5,44.5
37.5,38.5,41.5
40.5,43.5,29.5
41.9609,30.9953,43.7356
46.5,32.5,38.5
51.5,38.5,39.5
34.5,41.5,37.5
44.669,40.428,51.2533
39.5,44.5,38.5
30.5,38.5,47.5
28.5,43.5,36.5
32.5,34.5,37.5
46.5693,42.2573,44.5655
41.5,39.5,27.5
35.5,43.5,39.5
39.0991,37.7099,44.891
43.2798,42.8879,35.3117
44.1491,40.4764,31.5339
45.5,42.5,46.5
36.5,40.5,50.5
47.5,41.5,36.5
39.5,43.5,36.5
37.5,39.5,28.5
33.5,42.5,49.5
36.9877,38.182,55.4634
32.5,34.5,46.5
45.434,40.1878,49.365
39.8718,33.1336,37.3489
35.5,38.5,36.5
33.5,46.5,46.5
37.5,40.5,44.5
41.5,34.5,42.5
44.5,37.5,42.5
48.5,33.5,44.5
29.5,43.5,40.5
48.5,39.5,43.5
38.5,49.5,43.5
41.6567,41.3687,29.0438
30.5,37.5,41.5
42.5,47.5,40.5
43.0356,42.8996,40.5202
41.5,33.5,33.5
33.5,42.5,42.5
42.9495,43.4583,45.6471
37.5,43.5,29.5
33.5,47.5,42.5
29.5,44.5,37.5
49.5,33.5,41.5
35.5,34.5,39.5
30.5,40.5,44.5
42.5,42.5,31.5
38.5,44.5,49.5
37.5,38.5,32.5
32.5,41.5,45.5
42.5,42.5,42.5
39.5,39.5,36.5
40.5,35.5,35.5
39.5,35.5,46.5
47.5,31.5,43.5
44.5,39.5,50.5
32.5,45.5,41.5
41.5,37.5,46.5
40.5,47.5,38.5
36.5,36.5,45.5
38.8783,38.6243,34.9804
40.5,47.5,44.5
35.5,29.5,34.5
47.5,31.5,42.5
51.5,42.5,42.5
44.0615,39.8217,37.9045
29.5,42.5,38.5
39.3404,36.2439,40.136
45.5,36.5,33.5
33.5,29.5,39.5
31.5,44.5,40.5
32.5,33.5,47.5
39.5,50.5,44.5
34.5,29.5,44.5
40.1036,37.6114,47.4591
41.5,36.5,31.5
45.5,48.5,45.5
49.5,41.5,41.5
35.5,44.5,33.5
47.5,42.5,41.5
44.5,49.5,42.5
37.5,50.5,45.5
30.5,41.5,38.5
38.5,34.5,29.5
43.5005,40.2102,48.7299
39.5,33.5,29.5
42.5,47.5,45.5
49.5,32.5,42.5
38.5,42.5,36.5
37.5,41.5,31.5
32.5,32.5,39.5
41.5,27.5,40.5
37.5,40.5,48.5
35.5,30.5,39.5
49.5,45.5,34.5
45.5,39.5,37.5
37.5,34.5,50.5
38.5,39.5,42.5
30.5,39.5,33.5
41.266,41.527,28.1397
46.5,35.5,46.5
45.5,40.5,29.5
39.5,44.5,46.5
39.5,48.5,41.5
43.8011,40.5123,47.8399
38.5,27.5,37.5
39.5611,39.7562,50.2532
36.5,46.5,49.5
41.5,39.5,35.5
42.743,39.2851,32.4455
44.5,43.5,34.5
46.5,44.5,32.5
28.5,37.5,44.5
39.5,45.5,47.5
43.8148,41.4026,54.513
47.5,40.5,45.5
49.5,37.5,33.5
42.5,35.5,36.5
29.5,40.5,40.5
35.5,46.5,37.5
30.5,37.5,34.5
32.5,42.5,47.5
32.5,43.5,41.5
36.5,43.5,45.5
35.5,40.5,47.5
38.5,30.5,38.5
40.5,50.5,36.5
36.5,31.5,35.5
41.5,32.5,32.5
43.6627,40.1094,30.6816
34.5,45.5,42.5
39.2234,43.6663,34.7603
44.951,44.0415,38.5428
34.5,48.5,35.5
41.5,32.5,41.5
41.5,41.5,43.5
40.5,48.5,34.5
39.6698,37.7738,48.3967
31.5,31.5,39.5
37.777,36.9438,51.9438
46.5,37.5,30.5
39.5,48.5,32.5
39.6058,33.8218,39.6854
37.5,39.5,30.5
34.5,40.5,46.5
38.5,33.5,30.5
41.1198,40.7829,51.3383
33.5,46.5,32.5
39.1365,36.6662,35.3556
42.6971,42.7949,31.2545
48.5,41.5,38.5
48.5,45.5,46.5
48.5,43.5,47.5
44.5,28.5,41.5
30.5,46.5,35.5
33.5,46.5,43.5
38.5,30.5,44.5
49.5,34.5,37.5
39.5,51.5,39.5
46.5,31.5,40.5
49.5,46.5,38.5
40.5,40.5,49.5
42.5,48.5,43.5
38.5,45.5,32.5
46.5,46.5,42.5
44.9654,41.1931,36.6747
37.5,45.5,37.5
40.5,28.5,43.5
30.5,42.5,36.5
40.6204,44.0431,29.6895
42.5,39.5,37.5
41.5,30.5,43.5
33.5,36.5,48.5
48.5,47.5,43.5
37.5,39.5,51.5
41.9273,41.3126,30.0824
45.5,39.5,39.5
29.5,44.5,36.5
43.3789,41.6856,48.4152
38.5,33.5,50.5
48.5,33.5,38.5
39.5,39.5,27.5
47.5,39.5,33.5
48.5,33.5,45.5
44.5,32.5,46.5
44.5,49.5,45.5
38.5,43.5,28.5
37.5,48.5,47.5
38.5,46.5,34.5
45.0856,43.5523,50.6111
41.5923,40.9122,48.361
38.6609,42.5937,32.8201
41.5,38.5,38.5
32.5,46.5,40.5
39.9009,32.2377,37.8572
44.5,31.5,40.5
31.5,41.5,46.5
40.5,42.5,41.5
39.5,50.5,41.5
44.8592,43.1738,46.5543
44.5,41.5,32.5
42.1496,38.4278,34.4824
47.5,48.5,35.5
38.389,38.4322,46.703
35.4243,47.9926,42.5147
51.5,38.5,38.5
39.5,39.5,43.5
44.5,31.5,45.5
43.5,47.5,42.5
40.2846,47.6231,32.5639
41.5256,38.4652,53.168
40.5,42.5,36.5
49.5,39.5,34.5
50.5,41.5,42.5
44.5,37.5,37.5
44.5,39.5,47.5
36.5,39.5,47.5
39.5,37.5,45.5
45.5,41.5,48.5
37.5,49.5,40.5
45.5,35.5,46.5
36.5,46.5,42.5
45.5,42.5,36.5
33.5,33.5,42.5
29.5,37.5,35.5
49.5,43.5,43.5
32.5,47.5,38.5
41.5,38.5,45.5
38.8292,39.6582,34.9315
44.0807,45.9021,40.0687
39.4404,34.8458,36.2858
36.5,42.5,48.5
43.5,36.5,35.5
50.5,37.5,36.5
49.5,47.5,39.5
44.5,39.5,48.5
29.5,33.5,37.5
41.6659,29.9961,37.415
35.5,38.5,34.5
38.7293,41.7026,34.8794
33.5,43.5,46.5
44.6162,40.7165,35.835
44.6073,40.0052,38.8147
38.7608,40.67,34.8262
42.5,29.5,37.5
28.5,41.5,43.5
39.5,30.5,41.5
34.5,45.5,30.5
34.5,36.5,38.5
36.5,48.5,35.5
41.5,42.5,28.5
47.5,39.5,30.5
44.5,43.5,48.5
33.5,42.5,44.5
38.5,33.5,39.5
34.5,49.5,43.5
38.5,39.5,46.5
33.5,34.5,42.5
46.9078,40.2409,45.4451
48.5,34.5,40.5
38.8738,35.4777,40.6508
47.5,46.5,34.5
34.5,32.5,38.5
35.5,42.5,50.5
35.5,39.5,42.5
41.5,44.5,48.5
40.5,44.5,33.5
29.5,38.5,41.5
42.9351,42.8009,32.2637
35.5,40.5,43.5
39.5,37.5,38.5
46.5,47.5,41.5
30.5,38.5,45.5
32.5,32.5,46.5
42.5,47.5,31.5
37.5,42.5,46.5
43.5,37.5,39.5
43.0128,43.4765,53.8883
44.5,34.5,35.5
38.5,46.5,36.5
42.5,32.5,43.5
36.5,41.5,47.5
42.5,30.5,34.5
33.5,35.5,46.5
39.7508,45.5707,32.6962
43.5,48.5,45.5
38.5,27.5,40.5
31.5,32.5,42.5
38.5,47.5,41.5
44.8779,43.7281,40.5441
41.5,38.5,35.5
45.5,30.5,39.5
27.5,41.5,38.5
40.5,46.5,42.5
42.5,42.5,33.5
41.5,46.5,46.5
43.3715,42.9162,36.3346
37.3259,36.8409,40.7366
43.7859,41.537,43.304
46.5,36.5,30.5
44.5,40.5,32.5
40.5,40.5,29.5
41.7315,39.1737,38.4577
32.5,48.5,38.5
40.5,44.5,43.5
42.4962,34.5271,39.1999
44.5,33.5,34.5
49.5,36.5,46.5
36.5,45.5,35.5
47.5,33.5,42.5
47.5,37.5,46.5
45.5,42.5,48.5
38.5,47.5,38.5
42.5,41.5,33.5
31.5,37.5,34.5
44.5,45.5,37.5
32.5,38.5,40.5
47.5,42.5,40.5
48.5,39.5,36.5
37.5,45.5,30.5
48.5,41.5,33.5
32.5,37.5,37.5
41.1385,38.1505,28.856
35.5,43.5,36.5
44.5,36.5,50.5
50.5,41.5,36.5
39.5,44.5,30.5
40.5,29.5,45.5
44.9801,43.4144,49.5993
45.5,35.5,34.5
46.5,42.5,44.5
48.5,48.5,40.5
41.5,33.5,30.5
41.8126,40.9369,46.3623
29.5,43.5,35.5
41.0449,38.1019,54.0034
46.5,43.5,49.5
31.5,39.5,45.5
43.5,40.5,47.5
38.5,47.5,37.5
39.5,32.5,49.5
41.5,49.5,35.5
31.5,43.5,31.5
45.5,44.5,37.5
45.5,33.5,40.5
49.5,40.5,40.5
40.0416,46.6048,32.5825
39.5,49.5,43.5
36.5,45.5,44.5
48.5,38.5,31.5
29.5,45.5,39.5
41.0377,38.4923,38.7591
48.5,42.5,44.5
42.5,48.5,42.5
49.5,44.5,39.5
43.5,32.5,31.5
44.5,42.5,49.5
45.9255,42.0791,51.6246
47.5,35.5,46.5
36.5,36.5,31.5
41.2916,48.5022,34.4712
43.7908,41.5105,42.2939
35.5,39.5,50.5
42.5,41.5,40.5
41.5,44.5,41.5
41.5,51.5,43.5
39.5,32.5,36.5
30.5,43.5,37.5
40.5,39.5,47.5
36.5,33.5,44.5
37.5,42.5,36.5
35.5,33.5,36.5
43.8499,41.685,45.3917
28.5,36.5,41.5
39.5,37.5,37.5
36.5,45.5,49.5
35.5,40.5,40.5
44.5,43.5,40.5
27.5,37.5,39.5
40.5,39.5,31.5
42.5,48.5,46.5
48.5,43.5,39.5
32.5,35.5,41.5
37.5862,39.6483,49.352
37.5,41.5,39.5
43.5,40.5,49.5
44.8189,43.9902,39.5281
36.5,36.5,46.5
32.5,41.5,39.5
43.5,34.5,48.5
44.5,48.5,37.5
39.424,37.5274,43.9165
47.5,41.5,30.5
34.5,42.5,37.5
34.5,42.5,39.5
37.5,45.5,40.5
38.5,37.5,30.5
46.5,32.5,46.5
39.3608,44.5716,32.7309
49.5,35.5,41.5
47.5,37.5,41.5
32.5,35.5,39.5
43.039,43.5918,52.8416
46.5,35.5,39.5
33.5,33.5,39.5
34.5,42.5,38.5
46.5,37.5,38.5
44.5,38.5,29.5
38.5,35.5,50.5
35.5,41.5,34.5
43.5,39.5,39.5
34.5,47.5,36.5
37.5,38.5,28.5
30.5,40.5,38.5
43.0785,43.2843,54.918
41.0685,41.8155,36.4574
43.9853,40.3548,52.0286
44.5,37.5,36.5
41.8681,30.4963,40.2968
46.523,42.0931,47.6182
45.5,49.5,36.5
31.5,36.5,43.5
41.9208,38.8462,52.2932
43.1427,39.8802,29.801
45.5,36.5,40.5
43.6423,39.9801,34.1198
41.5,51.5,40.5
44.5,45.5,44.5
46.5,48.5,34.5
32.5,41.5,49.5
37.3929,40.1088,50.2482
41.8151,40.8984,45.3827
45.5,31.5,42.5
43.2533,41.7005,37.1153
42.5,30.5,37.5
42.5,50.5,43.5
39.5,38.5,31.5
46.456,41.9372,48.6212
30.5,38.5,33.5
45.0286,40.2992,50.3024
43.4361,41.6377,52.5338
44.8656,43.177,47.5564
40.8584,42.0985,34.4183
30.5,36.5,38.5
37.332,48.7917,42.3121
34.5,32.5,41.5
36.5,33.5,29.5
37.5,35.5,32.5
32.5,33.5,38.5
39.5,32.5,41.5
44.5,42.5,50.5
50.5,35.5,43.5
47.5,41.5,43.5
31.5,36.5,33.5
46.5,30.5,38.5
41.5,34.5,49.5
40.1207,30.519,38.9691
31.5,45.5,32.5
49.5,42.5,32.5
42.5,47.5,30.5
38.5,34.5,44.5
36.5,50.5,38.5
32.5,45.5,34.5
41.8726,35.5048,41.9685
32.5,38.5,43.5
44.1571,40.3473,34.9611
32.5,38.5,42.5
45.5,41.5,30.5
39.5,29.5,41.5
32.5,40.5,42.5
38.9938,39.309,55.8264
40.6546,49.624,32.5111
46.5,29.5,40.5
42.6654,41.2078,34.1171
39.387,36.8929,37.4845
30.5,42.5,44.5
32.5,39.5,38.5
31.5,35.5,44.5
43.5,33.5,30.5
32.5,40.5,44.5
48.5,39.5,33.5
44.5,39.5,37.5
39.5,34.5,35.5
36.5,50.5,39.5
33.5,42.5,38.5
37.5,33.5,40.5
47.5,41.5,40.5
46.5,34.5,45.5
40.5,36.5,45.5
33.5,38.5,30.5
36.5,29.5,38.5
36.5,41.5,45.5
31.5,35.5,46.5
43.5,37.5,35.5
40.406,37.6134,26.9515
39.5,27.5,40.5
31.5,44.5,39.5
36.5,44.5,45.5
48.5,33.5,35.5
43.3131,41.6686,51.4946
39.2669,35.3937,33.5308
36.5,34.5,30.5
31.5,45.5,42.5
40.7843,43.331,31.566
46.5,42.5,43.5
34.5,50.5,42.5
45.5,34.5,49.5
31.5,35.5,33.5
39.4999,40.7633,48.3344
38.5,36.5,37.5
40.5,29.5,44.5
47.5,36.5,44.5
31.5,46.5,33.5
38.5827,39.489,32.8446
41.5,44.5,46.5
40.5,48.5,35.5
43.5,31.5,35.5
31.5,40.5,39.5
40.5,40.5,46.5
44.5,34.5,46.5
46.5,44.5,46.5
35.5,45.5,38.5
36.5,34.5,47.5
29.5,39.5,34.5
36.5,50.5,37.5
46.3316,41.8514,49.626
40.7364,32.247,40.1722
33.5,49.5,35.5
46.5,43.5,39.5
32.5,30.5,37.5
39.4291,41.3707,47.4442
32.5,40.5,38.5
48.5,32.5,38.5
39.9381,37.4142,26.0302
39.0302,36.0043,37.9194
44.5,44.5,32.5
34.1549,36.4612,41.6015
34.5,33.5,38.5
41.7673,28.5147,38.8857
45.5,40.5,37.5
46.5,32.5,43.5
38.5,44.5,30.5
42.5,50.5,38.5
41.6925,41.3705,41.4288
41.5,37.5,50.5
40.5,50.5,33.5
36.5,41.5,44.5
41.3751,36.2263,43.7942
39.5,42.5,41.5
28.5,43.5,42.5
46.5,46.5,39.5
40.5,39.5,30.5
39.3758,39.3016,51.1384
32.5,36.5,38.5
34.5,38.5,32.5
38.5,36.5,44.5
39.8664,39.1388,24.6877
30.5,41.5,39.5
40.5,30.5,35.5
34.5,40.5,47.5
44.5,32.5,34.5
38.5,48.5,37.5
44.5,44.5,40.5
32.5,41.5,43.5
46.5,41.5,44.5
37.5828,37.66,40.1352
38.5,38.5,44.5
39.5,37.5,33.5
33.5,40.5,49.5
32.5,32.5,32.5
40.0698,37.434,31.1151
42.5,34.5,32.5
44.5,31.5,47.5
44.5,32.5,31.5
40.5,40.5,47.5
37.707,33.7873,42.8956
30.5,44.5,43.5
43.5,42.5,34.5
49.5,34.5,44.5
38.5,33.5,48.5
36.5,35.5,30.5
35.5,38.5,30.5
37.5,49.5,44.5
39.6659,37.5096,55.4524
39.4543,39.6378,54.9828
35.5,35.5,31.5
47.5,43.5,33.5
46.5,34.5,39.5
39.5,40.5,40.5
34.5,33.5,40.5
34.5,45.5,44.5
39.5,41.5,32.5
40.5,39.5,45.5
42.5,30.5,32.5
44.5,32.5,33.5
46.5767,40.4043,42.4014
39.5,34.5,32.5
39.7802,37.2508,42.9719
43.6321,41.5448,53.4981
40.5,37.5,27.5
42.7554,43.1784,42.5835
37.5,45.5,50.5
28.5,42.5,37.5
44.5,44.5,42.5
40.5,39.5,32.5
35.5,36.5,31.5
38.5,44.5,39.5
36.5,38.5,30.5
38.5,33.5,36.5
35.5,35.5,39.5
39.148,38.9187,23.9499
47.5,38.5,43.5
33.5,42.5,43.5
45.5,31.5,35.5
39.5,46.5,35.5
45.5,33.5,32.5
40.5,29.5,36.5
36.5,33.5,31.5
42.5,39.5,42.5
48.5,44.5,37.5
29.5,35.5,45.5
48.5,44.5,38.5
39.5,45.5,32.5
39.5,42.5,48.5
36.5,37.5,32.5
42.1833,38.9984,31.6145
37.5,47.5,41.5
39.5935,40.2636,49.282
42.5,35.5,40.5
35.9464,36.9941,39.0816
33.5,37.5,32.5
39.5,47.5,46.5
33.5,40.5,32.5
36.5,50.5,34.5
36.5,47.5,35.5
40.5,45.5,39.5
42.5,34.5,45.5
45.5,33.5,37.5
41.5,39.5,32.5
35.5,44.5,46.5
46.5,40.5,46.5
48.5,43.5,32.5
31.5,34.5,43.5
36.5,34.5,35.5
36.5,35.5,46.5
44.8604,43.2979,43.5526
37.5,30.5,34.5
30.5,43.5,42.5
40.9324,35.7647,38.2445
34.5,44.5,48.5
43.5,45.5,47.5
31.5,30.5,40.5
35.5,34.5,41.5
37.5,34.5,49.5
33.5,46.5,47.5
45.5,50.5,41.5
37.5,40.5,42.5
36.5,40.5,43.5
45.5,49.5,38.5
43.5,40.5,36.5
48.5,31.5,41.5
42.5,47.5,37.5
41.5,43.5,34.5
40.5,42.5,30.5
32.5,34.5,40.5
47.5,48.5,36.5
39.5,38.5,28.5
41.5,35.5,49.5
40.5,39.5,40.5
32.5,41.5,46.5
41.5,35.5,43.5
42.851,41.2296,35.1357
36.5,42.5,42.5
43.495,41.7128,39.1349
35.5,43.5,30.5
48.5,38.5,45.5
46.1487,42.4074,42.4925
43.5,50.5,42.5
35.5,49.5,43.5
34.5,48.5,37.5
47.5,41.5,46.5
39.5,40.5,37.5
32.5,39.5,30.5
47.5,40.5,36.5
39.5,35.5,44.5
43.192,39.6684,33.2584
35.5,40.5,42.5
40.5,47.5,35.5
43.5,35.5,48.5
47.5,32.5,34.5
33.1889,34.6706,44.467
43.1124,41.4117,36.1196
35.5,46.5,36.5
38.5,31.5,33.5
35.5,36.5,44.5
41.5,47.5,46.5
39.5,31.5,43.5
40.5,47.5,41.5
39.5,34.5,28.5
32.5,45.5,38.5
40.5,45.5,33.5
40.5,48.5,48.5
45.5,46.5,46.5
42.5,40.5,39.5
37.5,42.5,51.5
42.7122,34.4507,38.1515
38.0832,34.2973,42.0941
48.5,45.5,45.5
40.5,44.5,30.5
33.5,38.5,38.5
38.5,39.5,43.5
44.5,49.5,41.5
45.2466,43.834,37.5304
42.5,45.5,30.5
35.5,42.5,32.5
47.5,39.5,44.5
31.5,40.5,35.5
42.3931,39.1243,51.3821
42.5,36.5,45.5
40.1764,33.0203,39.9674
41.5,29.5,36.5
38.5,28.5,42.5
40.7472,35.9605,39.2686
28.5,39.5,43.5
41.5,50.5,42.5
41.5,47.5,40.5
50.5,45.5,40.5
45.3672,43.3497,36.6371
39.5,47.5,38.5
47.5,30.5,40.5
32.5,49.5,39.5
41.5,35.5,32.5
40.4582,40.139,53.2134
34.5,39.5,38.5
45.5,48.5,39.5
36.5,32.5,36.5
50.5,42.5,43.5
33.5,30.5,37.5
43.5,34.5,34.5
41.3404,41.6037,38.4058
44.5,43.5,39.5
38.5,37.5,27.5
35.5,30.5,36.5
31.5,36.5,46.5
45.92,42.3439,41.4603
33.5,32.5,43.5
36.5,28.5,42.5
39.5,32.5,33.5
40.5,29.5,35.5
47.5,44.5,39.5
46.5,39.5,49.5
38.4636,41.5936,32.8621
35.5,29.5,41.5
38.5,35.5,33.5
44.5,42.5,32.5
35.5,32.5,46.5
37.5,50.5,43.5
42.5,41.5,28.5
37.5,42.5,48.5
30.5,36.5,40.5
38.4914,40.5298,32.8053
30.5,32.5,43.5
41.659,35.8532,42.8941
42.7129,39.7218,28.8807
42.5,43.5,41.5
44.5,44.5,48.5
38.5,42.5,32.5
36.2716,35.6239,41.9632
30.5,44.5,36.5
39.3395,37.082,29.2025
43.5,30.5,34.5
31.5,42.5,37.5
41.5,36.5,28.5
40.8422,42.9477,32.527
41.5,37.5,32.5
34.5,39.5,49.5
32.5,42.5,41.5
40.5,39.5,28.5
44.5,41.5,42.5
47.5,39.5,43.5
30.5,37.5,44.5
44.5,32.5,45.5
29.5,46.5,40.5
37.5,47.5,36.5
41.7524,49.4631,34.3309
36.5,34.5,39.5
45.5,46.5,42.5
40.3547,37.8283,54.7366
35.5,35.5,38.5
39.1725,37.7686,49.2809
29.5,38.5,34.5
47.5,37.5,42.5
43.6888,41.6736,40.1983
41.5,36.5,34.5
48.5,40.5,39.5
39.5,49.5,42.5
45.5,37.5,38.5
43.5,44.5,43.5
34.8218,35.0986,43.3224
30.5,42.5,43.5
37.5,48.5,34.5
47.5,35.5,41.5
45.5,32.5,44.5
34.5,43.5,30.5
41.1921,41.674,37.4333
31.5,37.5,36.5
42.5,32.5,49.5
44.5,44.5,41.5
33.5,32.5,44.5
37.5,38.5,46.5
47.5,48.5,38.5
29.5,39.5,40.5
37.5,42.5,34.5
43.2869,40.9156,31.9002
46.765,41.3817,43.354
37.5,43.5,47.5
37.5885,35.4608,41.3452
35.5108,36.1249,41.4067
32.5,42.5,32.5
45.7024,42.6771,48.6584
42.5,33.5,41.5
40.5,36.5,37.5
38.5,49.5,39.5
40.5,35.5,32.5
44.5,41.5,33.5
47.5,30.5,41.5
42.8225,40.5626,30.9747
42.5,34.5,44.5
38.5774,40.078,49.2772
28.5,40.5,42.5
40.5,35.5,48.5
44.5,49.5,34.5
41.5,45.5,35.5
39.8731,45.6008,33.7174
36.5,51.5,39.5
39.5,47.5,40.5
44.2479,42.6504,35.1487
37.7363,38.5379,56.0988
39.5,43.5,38.5
39.9451,37.3875,45.2825
31.5,35.5,36.5
42.7563,41.4584,42.2487
33.5,45.5,31.5
34.5,43.5,40.5
41.5,40.5,40.5
33.5,40.5,40.5
39.5,40.5,45.5
37.5,34.5,31.5
34.5,41.5,40.5
34.5,44.5,47.5
43.6617,39.7588,35.6249
31.5,38.5,43.5
46.5,39.5,46.5
40.5,30.5,37.5
39.5,31.5,37.5
40.5,43.5,51.5
47.5,38.5,37.5
33.5,42.5,47.5
43.3517,42.5771,45.4541
39.5,31.5,48.5
34.5,42.5,36.5
28.5,41.5,40.5
46.5,42.5,49.5
32.5,35.5,45.5
32.5,44.5,34.5
35.5,35.5,40.5
45.5,46.5,33.5
47.5,37.5,32.5
35.5,43.5,35.5
39.5,38.5,46.5
46.5,29.5,37.5
34.1919,35.8397,42.9703
43.1378,39.3843,34.711
38.5,38.5,29.5
43.955,42.4099,34.1854
46.5,41.5,32.5
42.5,32.5,36.5
41.5,39.5,40.5
46.5,45.5,36.5
37.5,39.5,33.5
49.5,40.5,38.5
41.5,51.5,42.5
38.5,32.5,32.5
31.5,30.5,41.5
34.5,40.5,29.5
39.3877,39.2621,53.493
38.5,42.5,39.5
35.5,44.5,31.5
43.5,37.5,31.5
39.5,46.5,33.5
36.5,35.5,50.5
41.5,50.5,35.5
28.5,42.5,41.5
38.9352,38.9976,54.4273
43.5,32.5,39.5
46.5,41.5,46.5
43.8394,43.3679,43.6375
42.0926,39.0566,29.371
41.6209,41.8768,33.1806
42.5,37.5,31.5
42.5,33.5,29.5
43.5,39.5,51.5
49.5,37.5,40.5
45.5,36.5,38.5
49.5,36.5,42.5
50.5,35.5,40.5
32.5,44.5,45.5
34.5,40.5,40.5
49.5,44.5,40.5
39.5,45.5,48.5
28.5,42.5,43.5
36.5,35.5,35.5
36.5,43.5,35.5
41.3896,39.755,52.311
36.5,30.5,44.5
38.9717,48.3204,39.3563
40.5,38.5,36.5
49.5,33.5,38.5
45.3026,41.7433,49.496
39.0983,38.4375,50.6213
49.5,38.5,41.5
28.5,42.5,44.5
30.5,31.5,41.5
42.458,39.3673,30.3332
44.5,33.5,44.5
46.5,47.5,39.5
35.5,39.5,41.5
37.5,29.5,44.5
33.5,47.5,40.5
38.5529,41.6527,33.876
36.5,51.5,37.5
41.5,46.5,37.5
44.5,35.5,41.5
34.5,46.5,40.5
47.5,35.5,38.5
44.12,43.4843,38.466
38.5,46.5,48.5
38.8252,38.136,47.9513
33.5,41.5,37.5
33.5,31.5,45.5
39.5,27.5,41.5
48.5,44.5,34.5
38.5,40.5,47.5
43.4348,42.3154,54.8178
49.5,38.5,46.5
35.5,29.5,40.5
42.7569,41.2248,46.3558
32.5,35.5,35.5
37.5,49.5,42.5
39.5,33.5,47.5
31.5,32.5,37.5
38.5,46.5,38.5
40.5,42.5,50.5
43.5,36.5,28.5
50.5,37.5,44.5
46.5,35.5,42.5
36.5,34.5,34.5
46.5,39.5,32.5
34.5,38.5,47.5
41.5,36.5,40.5
44.0459,43.6778,50.6905
50.5,43.5,39.5
35.5,43.5,29.5
36.5,33.5,43.5
39.5,47.5,41.5
47.5,39.5,48.5
39.5,45.5,45.5
50.5,40.5,35.5
30.5,40.5,41.5
45.5,45.5,41.5
38.5,47.5,33.5
31.5,35.5,31.5
43.5,50.5,36.5
43.2175,42.5164,53.7263
43.9474,43.3424,40.5694
48.5,31.5,39.5
43.5,48.5,46.5
35.5,50.5,43.5
35.5,43.5,34.5
43.0926,42.65,48.5837
34.5,48.5,43.5
39.5,34.5,43.5
33.5,33.5,36.5
40.5,40.5,36.5
43.3417,40.0156,51.2599
48.5,40.5,43.5
50.5,34.5,36.5
49.5,43.5,41.5
50.5,41.5,40.5
42.5,40.5,32.5
49.5,46.5,37.5
48.5,45.5,38.5
39.7029,37.452,32.5537
35.5,44.5,34.5
44.5,43.5,29.5
38.7509,38.5079,33.985
48.5,37.5,40.5
40.5238,40.8662,48.2858
46.008,41.3477,41.4291
41.5,48.5,40.5
40.5799,36.7541,43.3881
40.3732,32.6791,36.503
40.1969,39.6439,45.6286
49.5,41.5,40.5
44.5,40.5,34.5
39.5,44.5,35.5
35.5,35.5,44.5
37.5,42.5,44.5
42.5,49.5,33.5
45.5,48.5,36.5
43.5,49.5,33.5
34.5,34.5,35.5
40.5,31.5,32.5
39.0563,35.8134,39.2942
48.5,35.5,38.5
44.5,45.5,48.5
36.5,33.5,48.5
43.5,42.5,43.5
49.5,42.5,42.5
43.5,44.5,49.5
39.5,44.5,49.5
40.5,39.5,46.5
41.5,29.5,41.5
40.5,35.5,29.5
45.5,47.5,45.5
41.5,49.5,42.5
34.5,48.5,39.5
49.5,38.5,33.5
31.5,43.5,46.5
43.5,41.5,43.5
32.5,47.5,34.5
33.6291,44.105,45.5765
38.5,47.5,42.5
33.5,38.5,33.5
33.5,40.5,29.5
40.5,36.5,49.5
40.8977,48.5649,33.5056
37.5,33.5,47.5
40.5,36.5,42.5
29.5,43.5,37.5
43.5,45.5,46.5
35.5,45.5,35.5
38.7339,39.6002,33.8999
41.5,42.5,36.5
40.5,38.5,41.5
44.5,44.5,36.5
42.798,40.5971,47.5595
32.5,41.5,36.5
44.5,43.5,30.5
43.8787,43.4181,47.6457
41.5,49.5,38.5
46.5,38.5,30.5
30.5,38.5,42.5
28.5,40.5,37.5
34.5,35.5,30.5
36.5,41.5,36.5
46.5,40.5,41.5
45.5,33.5,35.5
39.0302,36.5824,34.3365
38.5,31.5,47.5
46.5,34.5,36.5
37.5,49.5,37.5
31.5,40.5,43.5
35.5,28.5,37.5
45.5,45.5,38.5
34.5,49.5,40.5
46.5,38.5,46.5
37.5,47.5,46.5
33.5,45.5,48.5
39.5295,35.1519,34.8171
33.5,32.5,38.5
39.4917,44.648,33.7638
40.5,44.5,38.5
32.5,42.5,48.5
44.2748,42.2596,37.5328
37.5,47.5,33.5
41.9108,41.6285,35.2912
36.5,33.5,30.5
42.5,45.5,38.5
35.5,36.5,28.5
37.5,40.5,45.5
42.238,41.2554,50.4726
44.0481,40.1786,36.5196
39.5,50.5,37.5
50.5,40.5,43.5
40.6302,38.5865,37.8766
36.5,41.5,29.5
45.2804,41.1174,39.5254
37.5,38.5,39.5
38.5,35.5,28.5
40.2931,46.5283,33.5565
47.5,35.5,40.5
38.4941,38.4443,48.949
39.5,45.5,29.5
36.5,33.5,40.5
39.2738,48.0938,38.3645
43.5,49.5,40.5
38.5,44.5,28.5
29.5,44.5,35.5
43.5,32.5,38.5
37.5,44.5,30.5
47.5,44.5,37.5
45.5,38.5,39.5
37.5,41.5,43.5
36.5,46.5,43.5
30.5,43.5,33.5
39.5,43.5,50.5
46.5,40.5,48.5
33.5,34.5,32.5
28.5,41.5,35.5
44.5,41.5,47.5
41.5,44.5,37.5
36.5,40.5,29.5
29.5,35.5,34.5
39.5,42.5,28.5
40.5,41.5,46.5
38.5,40.5,31.5
33.5,42.5,34.5
34.5,32.5,37.5
28.5,39.5,37.5
37.5,46.5,44.5
44.5,45.5,32.5
45.5,39.5,34.5
35.5,36.5,46.5
51.5,40.5,42.5
41.5,38.5,34.5
31.5,31.5,41.5
36.5,39.5,32.5
37.5,29.5,43.5
43.5,46.5,36.5
44.5,48.5,33.5
48.5,46.5,36.5
42.5,32.5,45.5
36.5,29.5,34.5
36.5,44.5,31.5
43.5,42.5,48.5
37.5,47.5,39.5
42.7807,41.3619,44.4063
43.5,33.5,39.5
46.5,38.5,29.5
32.5,46.5,37.5
43.5,34.5,43.5
31.5,47.5,39.5
31.5,36.5,34.5
47.5,47.5,43.5
40.5,28.5,36.5
51.5,42.5,39.5
44.5367,40.5229,37.353
36.5,39.5,39.5
42.5,29.5,33.5
37.5,50.5,38.5
34.5,44.5,36.5
44.0986,40.1204,49.9898
34.5,36.5,30.5
31.5,44.5,33.5
40.5,35.5,39.5
34.5,37.5,37.5
42.4349,41.6857,38.3465
41.5,45.5,40.5
43.5,38.5,31.5
29.5,35.5,42.5
30.5,32.5,39.5
40.695,47.5473,33.5114
42.5,28.5,43.5
46.5,44.5,41.5
43.5,49.5,39.5
44.3462,43.084,36.4761
28.5,36.5,43.5
34.5,33.5,47.5
38.7052,38.0768,51.5318
36.5,43.5,41.5
37.5,46.5,40.5
46.6286,41.1456,46.5154
37.5,51.5,42.5
49.5,33.5,39.5
36.5,40.5,36.5
44.5,30.5,36.5
41.4546,35.7511,40.7078
42.1515,38.6958,33.0645
40.3198,38.3124,25.6513
47.5,38.5,34.5
31.5,37.5,33.5
38.5,39.5,34.5
49.5,38.5,44.5
42.5,28.5,40.5
28.5,38.5,38.5
50.5,38.5,38.5
32.5,39.5,36.5
49.5,35.5,35.5
47.5,41.5,32.5
50.5,34.5,41.5
48.5,40.5,31.5
47.5,45.5,40.5
34.5,32.5,44.5
38.5,38.5,43.5
37.5,46.5,49.5
45.5,38.5,40.5
44.4695,40.3058,48.985
35.5,35.5,36.5
39.1172,43.6434,33.7557
42.3691,42.1492,39.4271
38.5,31.5,35.5
44.5,50.5,36.5
45.5,39.5,41.5
48.5,43.5,37.5
51.5,42.5,38.5
46.3599,41.4251,42.4223
43.5,36.5,33.5
48.5,43.5,44.5
32.5,40.5,46.5
46.9074,41.3036,44.5684
41.8971,42.8439,32.4548
34.5,48.5,33.5
30.5,40.5,37.5
38.4385,48.8636,41.2415
35.5,45.5,49.5
36.38,36.8076,40.3902
45.5,43.5,30.5
30.5,34.5,42.5
45.5,45.5,44.5
48.5,39.5,47.5
50.5,36.5,39.5
32.5,46.5,44.5
39.5,46.5,32.5
43.5,34.5,46.5
40.5,33.5,32.5
40.5,36.5,31.5
36.5,48.5,34.5
46.5,30.5,40.5
35.5,43.5,46.5
37.5,35.5,49.5
39.5,36.5,33.5
32.5,48.5,36.5
47.5,37.5,37.5
41.7348,41.605,34.1649
38.5,38.5,39.5
44.5,45.5,43.5
44.5,50.5,39.5
46.5,48.5,37.5
39.5,33.5,30.5
41.4932,38.4195,32.2207
36.5,36.5,29.5
30.5,35.5,46.5
38.7198,48.5268,40.3177
47.5,34.5,34.5
39.9591,35.2229,39.3558
31.5,36.5,41.5
48.5,41.5,40.5
30.5,37.5,39.5
44.5,37.5,47.5
28.5,40.5,44.5
40.9967,40.2705,45.3253
40.1201,33.5371,35.9283
44.403,42.5668,41.2642
38.5,41.5,48.5
43.9868,43.6223,49.65
40.5,31.5,35.5
39.392,38.4183,55.6188
49.5,43.5,33.5
40.5,37.5,40.5
40.2109,36.3739,37.8499
40.9403,39.258,53.1201
39.5662,38.91,45.8069
38.5,40.5,46.5
39.5,46.5,36.5
42.085,41.6559,36.3229
36.0903,48.5938,41.4664
32.5,44.5,39.5
38.2563,37.7144,55.2396
40.5,40.5,41.5
31.5,47.5,43.5
35.5,34.5,49.5
38.5,39.5,41.5
42.2992,42.1191,41.3798
31.5,43.5,37.5
33.5,38.5,32.5
41.5,39.5,47.5
37.5,43.5,45.5
50.5,44.5,39.5
47.5,44.5,47.5
43.8944,43.2623,44.6964
42.5,39.5,29.5
40.5,38.5,50.5
41.7444,38.8109,28.3714
40.351,31.893,39.2461
32.5,41.5,33.5
38.9091,42.6538,33.8435
36.5,49.5,46.5
38.5,49.5,42.5
46.5,36.5,35.5
45.7262,42.7118,45.6325
40.5,32.5,35.5
48.5,38.5,34.5
32.5,44.5,31.5
36.5,48.5,32.5
44.5,43.5,32.5
40.5,32.5,36.5
48.5,42.5,45.5
37.5,32.5,46.5
34.8006,35.8331,42.0762
49.5,32.5,41.5
41.5,42.5,40.5
46.2894,41.1605,47.503
47.5,42.5,39.5
46.5,38.5,36.5
42.752,41.3861,43.3193
39.5,31.5,40.5
38.5,40.5,49.5
41.5,41.5,44.5
48.5,47.5,37.5
45.5,43.5,36.5
44.0927,40.8984,39.0148
32.5,44.5,41.5
43.2173,42.5922,52.6536
43.5,43.5,43.5
43.5,39.5,43.5
40.263,37.0614,44.3642
51.5,39.5,36.5
49.5,33.5,42.5
49.5,40.5,45.5
44.5,50.5,37.5
41.5,45.5,34.5
32.5,33.5,41.5
43.5,37.5,40.5
40.5,30.5,43.5
47.5,36.5,40.5
32.5,32.5,43.5
37.5,37.5,51.5
42.5,32.5,35.5
37.5,49.5,32.5
36.7628,37.413,39.5495
44.5,49.5,44.5
42.5,43.5,39.5
43.2709,42.6976,47.0179
32.5,35.5,47.5
41.5,40.5,51.5
40.5,50.5,35.5
43.7712,43.3557,42.5582
36.5,37.5,48.5
36.5,30.5,39.5
42.5,49.5,35.5
45.2678,41.2789,51.4626
41.9136,39.6286,39.3839
45.5,44.5,45.5
40.9927,36.4629,42.4291
43.1931,42.7267,51.6138
45.5,35.5,42.5
38.5,30.5,35.5
41.5,39.5,51.5
46.5,46.5,45.5
33.5,46.5,37.5
51.5,40.5,40.5
41.5,38.5,40.5
38.5606,40.6113,33.8535
38.5,30.5,31.5
45.7719,41.2141,40.4279
33.5,48.5,41.5
35.5,41.5,45.5
35.5,44.5,45.5
31.5,48.5,36.5
32.5,36.5,44.5
33.5,44.5,39.5
51.5,38.5,36.5
41.7535,39.961,51.3206
34.5,34.5,33.5
35.5,46.5,40.5
38.5,33.5,44.5
36.5,42.5,36.5
32.5,42.5,46.5
31.5,39.5,48.5
36.5,38.5,47.5
32.5,32.5,36.5
49.5,36.5,39.5
46.5,33.5,34.5
45.5,31.5,39.5
39.5,31.5,41.5
38.5,36.5,46.5
40.5,32.5,42.5
46.5,47.5,33.5
48.5,44.5,45.5
41.2209,38.7081,27.4688
43.5,30.5,32.5
28.5,38.5,43.5
39.2866,38.0847,47.0826
27.5,38.5,37.5
37.5,46.5,43.5
37.5,37.5,38.5
42.6957,41.4853,40.337
32.5,33.5,35.5
32.5,42.5,33.5
39.5,37.5,49.5
42.5,29.5,45.5
38.5,47.5,30.5
39.2131,35.4759,37.0296
46.5,44.5,33.5
47.5,42.5,43.5
39.5,44.5,36.5
43.5,39.5,45.5
45.3798,42.9709,38.0147
43.5,45.5,43.5
39.289,37.724,36.089
44.3957,44.8955,39.8055
44.5,43.5,46.5
32.5,33.5,33.5
44.5,46.5,44.5
47.5,35.5,35.5
44.2454,41.7051,49.4233
36.5,32.5,31.5
