37.9207,40.1746,23.622
38.3576,38.7579,23.7444
38.9801,39.5059,24.1941
37.3145,38.9629,23.4485
39.3563,38.4635,24.6692
38.0044,40.0756,24.7409
37.3899,38.0628,23.9708
40.0702,39.5798,24.0321
37.0933,39.7416,24.2423
39.1434,37.6983,23.7635
39.1456,40.5028,24.4601
36.3258,38.4087,23.7768
40.4631,38.5466,24.2304
37.6032,41.0377,24.0702
38.1336,37.5109,23.3835
39.8324,39.9196,25.0463
36.2427,39.4272,23.5269
39.76,37.3503,24.6449
38.3574,41.0312,24.9271
36.6555,37.4976,23.3415
40.7835,39.4528,24.8061
36.3954,40.8087,24.1416
38.6397,37.2086,24.5718
39.3643,41.0518,25.5077
35.5929,38.5829,22.9513
40.6285,37.8147,24.9368
37.9182,41.9116,24.6954
37.4346,36.999,23.9726
40.8484,40.3937,24.2114
35.9921,39.9454,24.755
39.4625,36.6578,24.0197
39.2231,41.922,24.948
35.6059,37.688,23.588
41.4252,38.5849,24.6631
36.9712,41.4176,24.868
38.117,36.1412,24.189
40.6795,40.614,25.363
35.2775,39.727,23.8308
40.5688,36.9783,23.8506
38.6234,42.0879,25.7961
36.1053,36.661,23.7625
41.6996,39.5932,24.1654
35.809,41.1344,24.9507
39.0024,36.2051,24.8035
40.2148,41.7389,25.3259
34.9433,38.4333,24.0382
41.308,37.7305,23.981
37.6149,41.648,25.7037
37.0323,36.0136,24.3621
41.7376,40.5921,24.8505
34.9281,40.3901,24.5649
40.2291,36.0234,24.3969
39.8209,42.6059,25.7013
35.4808,37.8136,24.6759
42.1019,38.3952,23.8241
36.5606,41.2547,25.8922
38.1039,36.0182,25.2953
41.399,41.6257,24.7833
34.7244,39.2165,24.7636
41.065,36.7103,24.6911
37.9078,42.8574,25.2343
36.4431,36.7452,24.8549
42.5221,39.6469,24.9567
35.3403,40.1654,25.5935
39.3706,35.6034,23.9694
40.0587,42.599,24.5389
34.4534,37.5154,24.1894
42.2896,38.0428,25.3884
36.8238,42.3249,25.6073
37.3771,35.192,25.2265
41.7535,41.2423,25.7143
33.8497,39.8528,24.5353
41.1522,36.0087,23.7725
38.9474,43.1726,26.0499
35.1424,36.7785,24.7153
42.8891,39.235,23.9668
35.4526,41.183,26.003
38.8595,35.0917,24.7839
41.093,42.7529,25.2092
34.1629,38.2976,25.1129
42.3525,37.1775,24.7667
37.3821,42.6822,26.418
36.4088,35.7622,25.2798
42.6688,40.4981,25.5642
34.2362,40.7307,25.2506
40.5721,35.0695,23.6952
39.323,43.4115,24.9432
34.4452,36.8916,25.5159
43.042,38.2483,24.4815
36.0163,41.965,26.5839
37.7597,34.7281,24.3133
42.0032,42.4746,24.5667
33.3043,38.8752,24.9069
41.8045,35.9429,24.6023
37.9178,43.9492,25.9789
35.3462,35.8667,25.4716
43.4877,39.8761,24.617
34.4735,40.8558,26.3744
39.677,34.5634,24.2099
40.51,43.9054,24.5901
33.6286,37.1137,24.7415
43.2715,37.3751,25.386
36.3745,43.0735,26.2708
36.8543,34.2635,24.5297
42.656,41.5656,25.3338
33.4826,39.755,25.5518
41.5174,34.996,24.2329
38.9584,44.3945,25.8259
34.5102,35.9036,24.845
43.8865,38.727,24.2124
34.9152,41.6582,26.9924
38.7043,34.115,24.3721
41.9395,43.5267,24.9239
32.6266,37.77,24.7602
42.8543,36.269,24.6943
37.5688,43.6399,27.0095
36.1456,34.6849,25.4437
43.6644,40.7153,25.2868
33.4825,40.9714,25.981
40.7074,33.9764,23.9385
40.0171,44.3034,25.4695
33.6043,36.1782,25.2215
44.1432,37.6835,24.7642
35.5516,42.9597,26.9243
37.6682,33.6889,24.6767
42.9169,42.9036,24.9548
32.3801,38.9671,25.332
42.4902,35.2301,24.2866
38.644,44.2005,26.9211
35.0519,34.8621,25.4384
44.5517,39.7929,25.2445
34.1278,41.8766,26.2796
39.908,33.7397,24.9427
41.1522,43.803,25.5162
32.5011,36.648,24.8913
44.0726,36.6208,24.6591
36.5367,43.2818,27.3052
37.1595,34.112,25.5524
43.6275,41.7028,24.8122
32.5895,40.1822,25.5621
41.9361,34.0251,23.6049
39.3484,45.3191,26.234
34.3337,35.7538,25.9285
44.668,38.7021,25.0053
34.6926,42.7211,26.5425
38.6165,33.1651,25.0574
42.111,42.9702,26.0328
32.2388,37.7616,25.76
43.4471,35.5771,24.1044
37.7185,44.8063,26.9067
35.4812,35.104,26.4857
44.3776,40.5874,24.5153
33.638,40.902,27.1466
40.8092,34.3789,24.9318
40.862,44.792,25.1112
32.931,36.9109,25.9281
44.3868,37.1739,25.679
35.6715,43.9978,26.8761
36.7981,33.2477,25.1587
43.5363,42.3032,25.6069
32.5034,39.3967,26.3187
42.5333,34.1743,24.4924
39.62,44.7607,27.1397
33.9689,34.8028,25.0223
45.0119,38.9878,24.0128
34.1697,42.3391,27.513
39.6018,32.8279,24.4835
42.4045,44.3311,25.8759
31.5868,37.4046,24.9538
43.9183,35.3966,25.0404
36.8681,44.213,27.8425
36.374,34.2972,26.3802
44.4069,41.4239,25.6397
32.5917,40.5296,26.7393
41.7969,33.4504,24.7772
40.263,45.4439,25.7009
33.3304,36.0478,26.2904
45.2282,37.9468,25.6446
34.6405,44.1508,26.5042
37.7932,32.5034,24.8283
43.1164,43.3615,25.9559
31.6844,38.6136,26.1135
43.5071,34.5691,24.5508
38.7446,45.0299,27.73
34.404,34.6736,26.2734
45.4412,39.7942,24.6418
33.2174,42.0888,26.9374
40.641,32.787,24.6339
41.3778,44.6117,26.192
31.7321,36.2094,25.6085
44.2965,36.1019,25.7934
36.3363,44.9261,27.0115
36.8105,33.3165,26.3105
44.7061,42.5048,25.2657
31.6983,40.0814,26.4112
42.5837,32.9155,24.1665
40.358,45.6412,26.8176
33.3921,34.9102,25.9159
45.6695,38.6267,24.8136
34.1697,43.4168,27.1916
38.9221,32.1797,25.0432
42.6527,43.6861,26.7864
31.2736,37.3792,25.9589
44.5228,34.9833,24.1658
37.7744,44.9214,28.142
35.31,33.8414,26.4893
45.3315,40.6372,25.3162
32.6039,41.3512,27.5019
41.0677,33.2675,25.4951
41.3461,45.5876,25.7171
32.3293,36.2372,26.4894
45.3785,36.923,25.4088
35.1276,45.224,26.7683
37.6345,32.702,25.9029
44.2244,43.1139,26.0723
31.7487,38.962,27.119
43.5007,33.4591,24.3906
39.281,45.9443,27.289
33.6647,33.7889,25.4432
46.5746,39.2345,24.7251
33.2952,42.9101,27.7072
40.0097,32.2135,25.3309
42.4557,44.7639,27.0528
30.4278,36.7745,25.6243
45.0698,35.5238,25.2154
36.9382,45.5903,27.5795
35.8673,32.9657,25.9858
45.4294,41.713,25.5693
31.667,41.0171,26.9741
42.1178,32.5818,25.183
40.5668,46.4171,26.019
32.7449,35.326,26.7452
46.2425,37.5839,25.0138
34.5144,44.643,27.4258
38.2696,31.4933,25.5945
43.6606,43.408,26.972
31.0164,38.1257,26.8076
44.5271,34.0943,24.7271
38.1715,45.8976,27.9266
34.2566,33.4544,26.2347
46.3826,40.1771,25.2001
32.5575,42.2719,27.9932
40.9997,32.2689,25.7179
42.2572,45.5294,26.2767
31.249,36.4775,26.6337
45.5255,36.0602,26.0126
35.5822,45.6477,27.6199
36.5261,32.1061,26.2216
44.8458,42.1932,26.2976
31.3343,39.9256,27.5638
43.1834,32.7538,25.1581
39.4663,46.5926,26.4698
32.8691,34.2427,26.5821
46.5334,38.4057,25.5494
33.2533,44.0851,27.6615
39.0267,31.988,26.1432
43.5173,44.5095,26.7253
30.408,37.1267,26.7543
45.5315,34.55,25.3817
37.4645,45.7561,28.7786
35.0464,32.8157,26.8325
46.391,41.1659,25.5129
31.7174,42.0733,27.2694
41.8149,32.8655,26.3157
41.3318,46.098,26.8369
31.7219,35.5469,27.2988
46.5601,36.4851,25.4398
34.3778,45.7805,27.4303
37.2887,31.409,26.0041
44.1904,42.6236,27.4123
30.7145,39.0112,27.6156
44.1637,33.1368,25.1992
38.4223,46.5644,27.1158
33.1797,33.2005,26.4144
46.8136,39.514,25.9675
32.7785,43.343,28.5811
39.9287,32.2638,26.6536
43.2952,45.5187,26.9619
30.0641,36.1505,26.5725
45.5644,34.9217,26.5532
36.3281,46.009,28.2911
35.92,32.125,27.1029
45.7512,41.6697,26.6073
30.6489,41.1554,27.3735
42.7853,32.51,26.2039
40.479,46.7794,27.0242
31.8755,34.5478,27.036
46.7295,37.6382,26.0899
33.6988,44.8088,28.3784
37.9881,31.7708,26.674
44.5249,43.9929,27.2929
30.1026,38.1069,27.4613
45.1399,33.5022,25.6162
37.6706,46.8543,28.146
34.0908,32.5078,26.6481
47.4987,40.2869,25.9433
31.6744,42.9538,28.0836
40.9133,31.8602,26.6674
42.3394,46.0886,27.2921
30.6951,35.562,27.0945
46.4241,35.3957,26.0397
35.3119,45.7939,28.6935
36.7039,31.3725,26.9947
45.2499,42.9307,27.0228
30.3644,40.2769,27.9445
43.7564,31.893,25.7298
39.5167,47.1061,27.4468
32.6777,33.9525,27.655
47.2659,38.4716,26.3264
32.8228,44.3697,28.7387
39.13,31.8608,27.2096
44.2859,45.1473,27.3453
29.2981,36.9689,26.7629
45.8505,33.964,26.2475
36.942,46.7098,29.0017
34.9953,31.7764,26.4102
47.1019,41.5836,26.2355
30.6614,42.5005,27.9431
42.0147,31.5597,26.6315
41.2634,46.6695,27.7651
31.1383,34.7892,27.7662
47.0873,36.3959,26.3304
34.2577,45.6681,28.493
37.9368,30.6999,26.5597
45.1374,43.4309,27.9853
29.5416,39.1096,27.7614
44.7525,32.3361,25.691
38.7632,47.1077,28.1632
33.4059,32.798,27.5002
47.7595,39.4297,26.5323
31.6246,44.0547,27.7263
40.1226,31.2794,27.2063
43.2439,45.9295,27.9663
29.5322,35.9402,27.7312
46.5148,34.6597,26.9408
36.0889,47.044,28.4954
35.8758,31.0872,26.4599
46.4531,42.1695,27.2822
30.2878,41.1593,28.5992
43.3345,31.8872,26.9901
40.3954,46.9619,28.5326
31.603,33.6621,27.635
47.7393,37.4296,26.6308
32.8624,45.4635,28.8619
38.4183,31.182,27.5357
44.8976,44.6968,28.0452
28.9388,37.9988,27.9115
45.6932,32.9242,26.3504
37.9079,47.4558,29.1689
34.0106,31.6156,27.3262
47.9258,41.0054,26.753
31.0328,43.3378,28.7854
41.2632,30.8315,27.0921
42.5101,46.7875,28.3256
30.0824,35.0145,27.9966
47.262,35.518,26.9097
34.8524,46.7763,28.9713
36.8831,30.3026,26.5227
46.1321,43.2154,27.8022
29.7064,40.0904,28.8005
44.4511,31.5084,26.4546
39.5693,47.7426,28.4794
32.4695,32.9662,28.043
48.3643,38.4602,26.3092
31.819,44.8567,28.6173
39.372,30.8195,27.8608
44.2669,45.754,28.5318
29.06,36.8505,28.0222
46.5034,33.4584,27.0452
36.7861,47.7856,28.9766
34.9129,30.5898,26.4084
47.4069,42.2774,27.0047
30.1814,42.2679,28.9924
42.1773,31.5454,27.7311
41.7378,47.4041,28.5887
30.5464,33.839,27.7405
47.4663,36.4414,27.3228
33.6447,45.9911,29.4699
37.3719,30.3485,27.5274
45.9981,44.5139,27.867
28.701,39.1037,28.4706
45.4587,31.5602,26.0756
39.0092,47.3024,29.2771
32.5602,32.2034,27.1614
48.7688,39.9045,26.6893
30.6875,44.4513,28.5157
40.4434,30.016,27.4404
43.1224,45.8091,29.0376
29.8411,35.8799,28.737
47.4732,34.4103,27.5
35.6008,47.4968,29.3008
35.7793,29.8593,26.4621
47.1301,43.2026,27.4881
29.4409,40.9926,27.9131
43.6807,30.905,26.8654
40.3034,47.8494,27.7392
32.4433,33.9457,28.7107
47.8889,38.4134,27.1932
32.4513,45.3781,29.9203
38.8527,31.7107,28.352
45.0184,45.7408,27.8668
28.2799,37.3237,27.2692
46.8417,33.0393,25.9708
36.8814,47.4191,30.0019
33.7651,30.7098,26.7012
47.4377,41.3445,27.6021
30.082,43.2423,28.4103
42.3617,30.6062,27.2951
41.7127,46.3934,29.146
30.7227,34.3462,28.7278
48.0765,36.0335,26.3302
33.8102,46.9691,29.0004
37.7363,29.5539,26.4345
45.7801,43.8346,28.6479
28.8471,39.977,27.9613
45.0027,32.451,27.1022
38.6114,48.2591,28.7181
33.1089,32.0814,28.1995
48.6141,39.1882,27.5129
31.0882,45.3024,28.0232
40.4771,30.836,28.2662
43.7218,46.7719,28.3789
28.6557,35.8954,28.3537
47.1989,34.0496,26.5601
35.9078,48.5029,29.1451
35.5186,30.5218,27.3338
47.1111,42.2691,28.1255
29.2681,42.2543,28.4091
43.0824,31.1189,27.951
40.4596,47.8841,29.0686
31.2329,33.1963,28.5164
48.1307,37.3241,27.6045
32.4074,46.3036,29.3738
38.0877,30.8974,28.6061
45.6407,45.2073,28.6182
27.9406,38.4752,27.536
46.2731,31.9772,26.4796
37.8922,47.763,30.1787
32.8414,31.2247,27.2613
48.297,40.3888,27.5721
29.8605,44.0891,29.1928
41.482,29.7087,27.1691
42.613,46.9176,29.3731
29.6626,34.6009,29.0663
48.0134,34.8422,26.7245
34.5399,47.8564,29.211
36.6923,29.2496,26.5515
46.8424,43.6172,28.4638
28.6923,40.5689,28.857
44.3685,31.5341,27.4602
39.5382,48.8318,28.7103
32.9778,32.8689,29.0235
48.935,38.1448,27.2628
31.4878,45.7153,29.0855
39.6729,31.0527,28.9258
44.778,46.8612,28.1806
28.1059,36.9798,28.3057
47.4509,32.9482,26.8035
36.7139,48.5248,29.9016
34.3885,29.9974,27.104
48.1971,42.0677,27.8386
29.3696,42.9671,29.2104
42.2441,30.7018,28.4346
41.0324,47.1995,29.736
30.1788,33.5403,28.8881
48.6466,35.9837,27.2039
32.9576,47.1109,29.8377
38.134,29.8887,28.157
46.8276,44.8988,28.6431
27.6149,39.4829,28.0533
45.5999,31.4875,27.3744
38.5786,48.4045,29.7371
32.0608,31.5952,28.2054
48.9776,40.0798,28.1915
29.7792,45.0392,28.6546
41.1584,29.8052,28.2601
43.7591,47.0164,29.5262
28.8828,35.5402,29.6085
48.205,33.8119,26.6414
34.8846,48.9036,29.3405
36.1274,29.4937,27.3903
47.9116,43.5868,28.2036
28.808,41.6754,29.313
43.985,30.5411,27.7641
40.7039,49.0742,28.685
31.972,33.0748,29.2629
48.3993,37.9506,28.4046
31.7112,46.124,30.1301
38.6788,31.1519,29.3916
45.7351,46.3142,28.5126
27.2895,37.5861,27.7915
47.3571,31.7836,26.5899
37.0488,47.8894,31.0702
33.2248,30.0639,27.3576
48.693,41.2116,28.143
28.9277,43.9184,28.7273
42.2147,29.4931,28.0361
41.8266,47.0781,30.3966
30.3604,34.1805,29.7819
49.0562,35.1748,26.5821
33.4972,48.0814,29.137
37.3673,29.2539,27.5123
46.4199,44.2338,29.3223
27.7559,40.4696,28.5735
45.0111,31.9436,28.2166
38.6848,49.5919,29.2542
32.8076,31.7211,29.2556
49.4148,39.0287,28.233
30.4409,45.7213,29.0653
40.5734,30.1159,29.1176
44.3017,47.6706,28.6722
28.1672,36.2064,29.2978
48.157,33.3199,27.6067
35.9611,49.3857,29.6138
34.9424,29.2549,27.5734
48.4536,42.687,28.6473
28.3203,42.6167,29.4247
43.3269,30.3458,28.8475
41.5822,48.4913,29.161
30.8061,32.9326,29.7767
49.0581,36.9772,27.8487
31.6607,47.1232,29.6745
38.04,29.9308,29.2961
46.7308,45.8858,28.7781
27.465,38.4343,28.6131
46.5692,31.6752,27.8117
38.2115,48.5552,30.7662
32.3673,30.5233,28.1288
48.5141,40.539,29.0364
28.9483,44.6515,29.586
41.3355,28.5852,27.7683
42.9031,47.2638,30.395
29.6984,35.0899,30.0607
49.3736,34.1979,26.7931
34.1571,48.5453,29.996
36.5195,28.5144,27.3948
47.5309,44.1386,29.08
27.5225,41.4813,28.8139
44.5695,30.9942,28.5217
40.0094,49.5887,29.2879
32.6168,32.4313,30.0205
49.5075,37.9432,28.3321
31.0394,45.3152,30.0141
39.7642,30.4672,29.9335
45.1935,47.0163,29.1702
27.1262,36.8442,28.8653
48.271,32.2065,27.2855
37.0211,49.2588,30.7717
33.9355,29.3314,27.9546
49.3143,42.0626,28.215
27.8413,43.7912,28.7797
42.5329,29.6255,29.1226
41.144,48.3095,30.3982
29.8188,33.3109,30.128
49.5323,35.9764,27.8807
32.305,48.0605,29.8621
37.3189,29.3876,28.7421
47.7541,45.2084,29.0269
27.762,39.5973,29.1638
45.6378,30.9939,28.3143
38.1617,49.5957,30.2733
31.9391,30.9446,28.9813
49.1532,39.654,29.1268
29.2664,46.0005,29.1107
40.2829,28.9902,28.9055
43.6079,48.1062,29.7724
27.8387,35.2186,29.4782
49.1481,33.1976,27.2057
34.8024,49.2546,30.4043
35.4755,28.4288,27.9553
48.7542,43.7684,28.8601
27.6779,41.8608,30.0338
44.6882,29.7317,28.465
41.1093,49.5609,29.6921
31.5556,32.7589,30.5254
48.7654,37.2247,29.0035
30.902,47.1375,30.4151
39.092,29.7246,29.6346
46.3145,46.8051,29.3834
26.5541,37.7558,29.0649
47.5994,31.4577,27.6206
37.4189,48.639,31.827
32.4886,29.1548,28.0954
49.5849,41.158,28.8107
28.0459,44.7763,29.083
41.7181,28.906,28.7504
42.3362,47.6686,31.2045
30.125,34.1994,30.9072
49.6224,34.817,27.6519
33.2597,48.0504,30.4237
36.8759,28.4479,28.3591
47.23,44.666,30.1721
27.0472,40.5296,29.3812
45.2621,31.3206,29.2568
39.2073,49.6267,30.2508
31.9607,31.5397,29.9031
49.559,38.5408,29.336
29.8653,45.9095,30.073
40.4924,29.3905,29.901
44.6723,47.5992,29.831
27.2158,36.0745,29.8162
48.6873,32.6238,28.2175
35.8994,49.8358,30.6229
34.3796,28.2771,27.9978
49.5292,42.8668,29.0198
27.5905,43.0456,30.0537
43.7845,29.2163,28.7212
41.9142,49.1278,30.2894
30.5688,33.0983,30.8417
49.4429,36.3361,28.9868
32.1292,47.1373,30.6805
38.1336,28.8992,29.449
47.2543,46.0074,29.6751
27.0846,38.7527,29.4905
46.6688,30.6507,28.334
37.9771,49.5747,31.3193
31.8315,29.8695,28.7518
50.0595,40.1472,29.2006
28.4025,45.6228,29.6856
40.8377,28.0935,28.6724
43.4086,47.9154,31.0693
28.7118,35.0075,30.6671
50.1941,33.8013,27.471
33.9165,49.3071,30.939
36.2797,27.4742,28.2106
48.1001,43.9372,30.0098
26.6634,41.4345,29.7799
44.8969,30.1206,29.3982
40.1981,50.1121,30.2905
31.7659,31.7828,30.8914
49.7491,37.5165,29.3085
30.6244,45.9102,30.8994
39.7864,29.8869,30.8747
45.5834,47.0124,30.2313
26.4535,36.8606,29.6874
48.8133,31.5825,28.0079
36.3585,49.2271,31.6147
33.4064,28.5376,28.6281
50.0222,41.9924,29.3481
27.3726,44.0772,29.928
42.8259,28.4246,28.9968
42.0129,48.6346,31.2866
29.5065,33.0946,31.1329
49.6343,35.3442,28.807
32.281,48.1113,30.9569
37.1449,28.7142,29.653
47.967,45.3846,30.2185
26.8593,39.6903,29.984
46.0712,30.4635,29.2846
38.4951,50.477,30.8585
31.7276,30.4613,29.9454
50.3176,39.2967,29.8566
28.9162,46.6354,30.2865
40.4482,28.3699,30.0485
44.6,48.4223,30.5099
27.7221,35.4185,30.5739
49.6991,32.94,28.0968
34.7164,50.0554,31.1449
35.2467,27.4874,28.6147
49.0213,43.3317,29.8501
26.6461,42.485,30.2676
44.7145,29.1424,29.385
41.035,49.7447,30.8812
30.98,32.319,31.4669
49.1462,36.8417,29.9225
31.3208,46.5272,31.3914
38.9881,29.2527,30.5879
46.848,46.4876,30.5567
26.7753,37.855,30.0788
47.8836,31.0454,28.6401
37.1833,49.8349,31.9505
32.5779,29.2942,29.2876
49.6293,41.0998,29.8843
27.7377,45.0672,30.284
41.8036,27.7722,29.1983
43.1128,48.4531,32.0597
28.839,33.8572,30.9311
50.0104,34.3628,28.7834
32.9857,48.9917,31.4416
36.7589,27.7634,29.2062
47.8754,44.3082,30.9941
26.2486,40.6327,30.383
45.5025,30.5024,30.2859
39.6059,50.7791,30.9009
32.08,30.7994,31.0636
50.4153,38.2118,29.8326
29.6789,46.5549,31.0384
40.6808,28.9811,30.925
45.6138,48.0312,30.6606
26.3825,35.8767,30.373
49.5861,31.9325,28.6966
35.2819,49.5641,31.9527
34.2472,27.9989,29.1352
49.8722,42.7215,30.353
27.0223,43.4777,31.0585
43.8687,28.397,29.3259
42.0886,49.6631,31.1727
30.4943,33.1707,31.9559
49.2349,35.6546,29.768
32.0356,47.3448,31.779
37.6804,29.1335,30.5036
47.9784,46.4091,30.8103
26.2552,38.733,30.2832
47.0543,31.0211,29.3902
37.8437,50.6518,31.7158
31.7823,29.4208,29.9618
50.1294,40.2554,30.4234
27.9658,46.1055,30.5528
41.032,27.4451,29.863
44.1239,48.8508,31.335
27.8076,34.3617,30.9265
50.6601,33.4417,28.5787
33.6015,49.774,31.9417
36.0617,26.9946,29.3188
48.2441,43.2896,30.8505
27.1335,41.3412,30.8129
45.014,29.4428,30.3499
40.5915,50.5761,31.3926
31.5294,31.5529,31.9168
50.0391,37.3225,30.4139
30.4815,46.1047,32.1276
39.6209,28.5666,31.2589
46.341,47.357,31.0441
26.5128,37.033,30.8156
48.8454,31.5729,29.2692
36.2597,50.3664,31.8995
33.3022,28.2277,29.8371
50.4711,41.643,30.4878
27.9374,44.1173,30.9107
42.7891,27.8613,29.9728
42.5946,49.3194,32.1351
29.5313,34.0194,32.1069
49.5059,34.526,29.727
32.4592,48.3033,31.9544
37.5724,27.8172,30.1432
48.1028,45.4497,31.3412
26.1993,39.7093,31.0016
46.5603,30.5008,30.1869
38.9158,51.0503,31.7274
31.1856,30.2255,30.9418
50.1875,38.904,30.8934
28.5035,46.7741,31.5991
41.3697,28.011,30.8271
44.9301,48.1072,31.5843
26.6893,34.9503,31.0162
49.9346,32.9164,29.1289
34.5621,50.3434,32.2261
35.2245,27.7393,29.7737
49.2948,43.3966,31.1661
27.0276,42.3748,31.3425
44.2041,28.8202,30.2474
41.2228,49.7679,31.8986
30.8903,32.3911,32.6053
49.538,36.2137,30.7586
30.7411,47.306,31.9588
38.4534,28.0077,30.9687
47.3166,47.2215,31.3915
26.7103,38.137,31.1639
48.0409,31.1114,29.7898
37.2198,50.7402,32.7269
32.7198,29.019,30.3976
49.2775,40.7786,30.9175
28.0548,45.1258,31.4998
42.0774,26.9997,29.8998
43.6947,49.401,32.1439
28.4604,34.4348,32.0106
50.6819,34.0838,29.5657
33.319,48.9734,32.6721
36.6398,27.1596,30.1887
48.9633,44.4007,31.3183
27.2064,40.2353,31.1582
46.0942,29.4326,30.192
39.7181,50.3008,31.9019
31.4798,30.4971,32.0832
49.3027,38.0786,30.5371
29.4486,46.6334,32.1239
40.5967,28.0508,31.5945
45.7204,47.4426,31.9647
26.5056,36.0192,31.4636
49.7345,32.0861,29.7513
35.3804,49.7955,33.0767
34.2404,28.2505,30.5243
50.0192,42.2413,31.3368
27.4867,43.1653,31.945
43.7454,27.7589,30.4168
42.1641,50.2153,32.2107
29.8056,33.031,32.8877
50.1208,35.3193,30.4397
31.4151,47.9742,32.4471
37.4986,28.2472,31.5406
47.6503,46.1634,32.0455
26.1287,38.8646,31.7216
47.5221,30.0969,30.0379
38.2292,51.451,32.6646
31.2836,28.8306,30.6756
49.5316,39.6673,31.2269
28.9217,45.7671,31.8479
41.4629,26.9493,30.9923
44.6595,48.9307,32.3559
27.2035,34.2312,31.9354
50.6896,32.954,29.8636
33.6754,49.9837,33.0239
35.676,27.0664,30.5259
48.7488,43.5415,32.0286
26.7021,41.0535,31.827
45.3199,28.4956,30.7262
40.9877,50.6734,32.3553
30.504,31.132,32.5079
49.7695,37.0324,31.4375
29.9257,46.7539,33.0524
39.4479,27.6083,31.6643
46.8449,47.6409,32.3544
26.6401,36.9888,31.8156
49.2015,31.1161,30.2113
36.1329,50.4827,32.9464
33.1401,28.15,31.0426
50.0756,41.1844,31.6585
28.7383,43.778,31.5776
42.9539,27.0517,30.6789
43.1498,49.7968,32.9336
28.6518,33.3123,32.274
50.3118,34.2113,30.5955
32.1648,49.0445,32.7572
37.4032,27.13,30.952
48.2964,45.1662,32.3084
27.0756,39.3854,31.7908
46.9857,29.4777,30.889
39.1447,50.4039,32.749
31.3294,29.289,31.6181
49.1071,38.6341,31.5838
28.3473,46.276,32.6571
40.6242,26.9918,31.8395
45.4172,47.7643,32.9111
26.3584,34.8746,32.1082
49.5597,33.1138,30.3353
34.413,50.8606,33.2134
34.5778,27.3605,31.0436
49.4254,42.6079,32.1635
27.3735,42.2634,32.5605
44.4293,28.0833,31.1946
41.6284,50.0425,33.1025
29.6371,32.0128,32.5483
50.8441,36.1648,31.3315
30.7358,47.3622,33.0559
38.3347,27.6232,32.0433
47.8775,47.1379,32.5089
26.0826,37.8877,32.2085
48.5365,30.334,30.7787
37.5658,51.3971,33.5112
32.1406,28.406,31.0619
49.4875,40.4259,32.1133
28.7861,44.9338,32.4013
42.3228,26.3643,31.3424
44.2873,49.6454,33.1288
27.5446,33.3567,32.6328
51.4671,34.0051,30.4652
33.1725,49.2959,33.8738
36.4072,26.9202,31.2633
48.4933,44.18,32.8898
27.442,40.2646,32.323
45.9125,29.534,31.2727
40.1592,50.2115,33.1117
30.4433,30.3595,31.806
49.9242,38.0156,31.4941
28.9249,47.0424,33.0919
40.0951,27.6264,32.5575
46.4522,46.8784,33.104
26.9619,35.857,32.4985
49.033,32.1147,30.6445
35.3774,50.5449,33.8566
33.5555,27.1797,31.293
50.4392,41.9134,32.2557
28.5603,42.9032,32.2652
44.1377,27.0426,31.1611
42.6837,50.6198,33.4232
28.8505,32.4465,32.9929
50.3981,35.0714,31.7251
31.192,48.8645,33.2465
37.5809,26.8123,32.0201
48.3516,46.155,32.8034
25.9542,39.0951,32.7944
47.6966,30.1695,31.435
38.2691,50.5822,33.5598
30.7636,28.328,31.4906
49.2183,39.4356,32.2812
29.2892,45.8794,33.0026
41.6055,26.6744,32.0938
45.258,49.0329,33.4227
26.8264,33.9243,33.0812
50.6274,32.8261,30.8958
33.9905,50.3394,34.1668
35.2429,26.595,31.5676
49.5197,43.3693,33.0085
27.7198,41.2855,32.6002
44.9246,28.8609,31.8138
41.0314,50.9195,33.3202
29.3023,30.7596,32.3225
50.9016,37.0192,32.0133
29.7247,47.8371,33.3771
39.2321,27.1078,32.6373
47.305,47.4909,33.4272
26.3062,36.6246,32.8324
48.7677,31.2656,31.2407
36.377,50.6778,33.9837
32.327,27.3141,31.4731
50.3297,40.7989,32.7338
28.6196,43.9066,32.6443
43.4928,26.1736,31.4266
43.605,50.4074,33.9008
27.9839,32.7346,33.4826
51.0583,34.1875,31.469
32.0235,49.6556,33.623
37.1282,26.0163,31.337
49.099,44.9553,33.2613
27.0585,39.3232,32.8721
46.7107,29.8488,32.0345
39.2411,50.6556,33.9911
30.4147,29.2646,32.1784
49.4411,38.1442,32.4592
28.6209,46.3349,33.7634
40.7586,26.7894,32.8924
46.0321,48.0448,33.7549
26.8865,34.9755,33.1559
49.6852,32.6402,31.4406
34.4786,51.2476,34.1437
34.1779,26.3188,31.6204
50.2619,42.6294,33.0603
28.381,42.0964,33.1315
45.0551,27.4864,31.8941
41.6502,50.3586,34.1399
29.268,31.3197,33.5186
50.7104,35.9759,32.388
30.8556,48.0396,33.9282
38.227,26.9448,32.9069
48.3335,46.9798,33.5648
26.1853,37.8518,33.2554
48.5753,30.4825,31.9869
37.4109,50.4306,34.3252
31.2911,27.4292,31.9353
50.0076,39.8595,32.9521
28.8116,45.0219,33.4212
42.6886,26.6493,32.4107
44.6252,49.6463,34.2038
26.7872,32.9247,33.6582
51.4492,33.1544,31.6444
32.8985,50.3705,34.342
35.9033,25.6445,31.6366
49.166,43.9399,33.9441
28.2212,39.8283,33.0932
45.8474,29.2191,32.3304
40.2905,50.3798,34.2664
29.7886,29.8998,32.8048
50.4245,37.6638,32.743
28.9863,47.5121,34.0495
39.871,26.8237,33.4298
46.3972,47.1303,34.24
26.1326,35.7536,33.3812
48.7719,32.2626,31.8221
35.5283,51.5073,34.3169
33.0752,26.4833,32.0932
50.7488,41.5332,33.5139
28.432,43.0857,33.4206
44.23,26.5665,32.0832
42.784,50.3849,34.6578
28.2482,31.6821,33.6863
51.2544,34.7643,32.4185
31.4634,49.1112,34.304
37.6779,25.7822,32.2144
48.7451,45.9073,33.8206
26.6449,38.7662,33.714
47.8532,29.5622,32.3219
38.3933,50.753,34.781
31.1062,28.4466,32.6485
49.6281,38.8345,33.258
29.5574,45.6803,34.0132
41.7183,26.7727,33.3187
45.4509,48.7774,34.4381
27.2288,33.9508,34.0331
50.7597,32.4163,31.9715
33.5295,51.0405,34.8649
34.9919,25.6462,32.3735
50.2073,43.4603,33.8455
28.49,40.9813,33.2378
45.1821,28.2413,32.8045
40.9787,51.1653,34.5963
28.7788,30.459,33.2341
51.0454,36.87,33.226
29.92,47.8832,34.4264
38.6874,26.4717,33.7958
47.5096,47.1717,34.5285
25.9208,36.8441,33.8397
48.8441,31.4778,32.5899
36.3996,51.2648,34.919
32.0342,26.7225,32.4366
50.3804,40.5497,33.7594
29.2784,43.7386,33.6245
43.3541,25.8276,32.614
43.7677,49.9114,34.878
27.3764,32.0866,34.1211
50.9689,33.678,32.447
32.3975,49.5541,34.8425
36.7759,25.2551,32.2413
49.5785,45.0851,34.3407
27.7543,39.1012,33.7843
46.6887,29.0304,32.7686
39.3505,50.1418,35.0718
30.4197,29.186,33.4008
49.5078,37.8468,33.6445
29.3068,46.5889,34.5005
41.0052,25.985,33.6222
45.8392,47.9327,34.9529
26.7761,34.9103,34.2719
49.8635,32.7775,32.4913
34.7571,51.1933,35.2802
34.0215,26.0182,32.6325
50.5188,42.4883,34.1154
29.0776,41.6925,33.8714
44.5386,27.4162,32.818
41.7186,49.9321,35.0877
28.9289,30.6146,34.2603
51.5222,35.6531,33.0517
31.0064,48.1468,35.0494
38.1158,25.7454,33.3303
48.6149,46.7957,34.5897
26.7443,37.4957,34.093
47.7913,30.6003,32.6645
37.4034,50.9366,35.2855
30.9579,27.2835,33.0105
49.6457,39.7133,33.9385
29.272,44.5833,34.4012
42.6913,26.3918,33.5515
44.4272,48.9803,35.0156
27.0962,33.0084,34.7638
51.2529,32.6663,32.8493
33.016,50.2226,35.4454
36.1536,26.0173,32.9083
49.6895,43.7812,34.8782
28.3532,40.0812,34.1275
46.2535,28.1987,33.1966
40.36,50.5066,35.3624
29.7139,29.7377,33.9307
50.3825,37.2309,33.9881
29.0943,47.5149,35.2937
39.668,25.9314,33.8569
46.8067,47.5835,35.3852
26.4317,35.8488,34.5824
48.887,32.4457,32.8829
35.6475,51.543,35.7519
33.0489,26.196,33.2262
50.2964,41.432,34.4874
29.5778,42.729,33.7495
44.3646,26.2545,33.3007
42.7273,49.6712,35.4315
27.9879,31.3724,34.7175
51.6854,34.4599,33.309
31.8988,48.8924,35.6921
37.4548,24.9193,33.0032
48.7671,45.717,35.0213
27.4507,38.2611,34.4733
47.093,29.953,33.4193
38.2829,50.3861,35.8154
30.326,28.1759,33.3318
49.8878,38.673,34.3121
28.8773,45.5675,34.889
41.8342,26.2594,34.2543
45.1962,48.4034,35.5943
26.8388,34.1773,35.1256
50.5186,31.8166,32.9809
34.0746,50.5225,35.9812
35.0075,26.5114,32.9378
50.6949,43.3143,34.8876
29.3211,40.707,34.4852
45.4377,27.6518,33.6297
41.482,50.9007,35.5909
28.5321,29.6759,34.2748
50.6248,36.0963,33.9771
30.119,47.6005,35.7247
38.6709,25.3655,34.0947
47.976,47.438,35.628
26.2706,36.8595,34.8861
47.8982,31.7259,33.043
36.7987,50.9519,36.1929
31.8052,26.9689,33.5262
50.0443,40.4011,34.8289
29.5618,43.4469,34.6709
43.4418,25.7391,33.8119
43.6408,49.0849,35.6911
27.3103,32.1493,35.39
51.6231,33.3503,33.5467
32.2867,49.8166,36.0446
36.3392,25.1133,33.4957
49.8562,44.812,35.2756
28.2981,39.1209,34.9493
46.0534,29.7237,33.5781
39.4755,50.7232,35.9201
29.7934,28.737,34.242
49.5819,37.4453,34.6448
28.8938,46.497,35.5474
40.7093,25.8722,34.7224
46.0466,48.0794,36.1105
26.354,35.0595,35.4246
49.6596,32.5376,33.8047
34.7128,51.3181,36.4418
34.0874,27.054,33.4261
50.7602,42.2778,35.2058
29.5936,42.0359,35.0681
45.2951,26.675,33.9427
42.3437,50.3733,36.1375
28.1692,30.3449,35.0168
51.2944,35.1284,34.1102
30.928,48.3381,36.306
37.9813,24.3942,33.8184
48.7116,46.5395,35.8589
26.6581,37.8476,35.1702
47.0063,31.2105,33.4323
37.8148,51.4544,36.1453
31.2591,28.1832,33.7651
49.48,39.3912,35.0249
29.1953,44.3661,35.4192
42.4931,25.362,34.1606
44.6627,49.5888,35.9268
26.945,33.1185,35.9213
50.8246,32.5553,33.9046
33.2633,50.4361,36.672
35.4894,25.7598,33.5989
50.4073,43.9123,35.6796
28.6827,40.0751,35.1221
45.7374,28.6956,34.1399
40.539,51.3958,35.9215
29.3206,29.4565,35.0212
50.1809,36.468,34.8159
28.9264,47.5699,36.377
39.3964,25.6255,34.9885
47.1789,48.0488,36.2654
26.2038,36.1217,35.7075
48.4247,32.3018,33.831
35.7389,51.0713,36.8333
32.9385,26.8598,34.0234
50.3696,41.1818,35.6095
30.4771,42.6386,34.8494
44.5572,25.7194,34.2902
43.124,49.7115,36.5484
27.4951,31.1749,35.8721
51.3536,34.0165,34.3183
31.4221,49.4574,36.6559
37.1907,25.1089,34.1339
49.5368,45.7958,35.8317
27.4083,38.6044,35.5653
46.5315,30.2648,34.268
38.6543,50.8781,36.7649
30.3374,27.7704,34.2909
49.4412,38.3095,35.3254
29.6501,45.5851,35.6977
41.7547,25.4257,34.9644
45.8486,49.0838,36.57
25.8026,34.1051,35.8015
50.136,31.7754,34.3619
34.0273,51.1632,37.2914
34.5336,25.9765,33.9937
51.3195,42.9839,35.8388
29.1682,40.9832,35.5941
45.1464,27.5755,34.7295
41.3277,50.461,36.5732
28.2343,29.4053,35.4839
51.1271,36.1197,34.9216
30.0906,48.056,36.8352
39.105,24.5984,34.7082
48.4837,47.4238,36.5939
25.7564,37.3741,35.6902
47.4405,31.9192,34.0796
36.9547,51.3738,37.1561
32.362,27.7723,34.0339
49.6039,40.5133,35.8779
30.4484,43.5446,35.5234
43.6722,25.2971,35.0111
44.1469,50.0968,36.6865
27.0861,32.2068,36.421
51.7359,32.789,34.6117
32.347,49.7566,37.1037
36.1308,24.8508,34.4276
50.595,44.8572,36.2845
28.2517,39.4148,36.0795
45.8435,29.6177,34.6987
39.8444,51.3016,36.754
29.6365,28.0854,35.1293
49.5189,36.9461,35.5234
29.4983,46.4222,36.4622
40.3853,25.4668,35.735
46.8286,48.8502,36.8869
25.4049,35.0913,36.0385
49.1527,32.2587,34.6795
35.0392,51.7227,37.4648
33.8538,26.7756,34.5639
50.3314,42.1623,36.1584
30.6654,41.5589,35.0741
45.4075,26.541,35.0869
42.0245,49.805,36.9752
27.3918,30.1241,35.9487
51.3612,34.6662,35.1837
30.48,49.1807,37.0742
38.0507,24.6491,34.9183
49.3801,46.9052,36.629
26.6155,37.9431,36.3323
46.147,31.3159,34.3516
37.9924,52.0202,37.1136
31.3648,27.6909,34.6274
49.9258,39.0081,36.0457
30.1776,44.5316,36.0192
42.6502,25.1084,35.5056
44.9766,49.3979,37.2108
26.0821,33.2496,36.6267
50.6908,32.4797,35.0657
33.1801,50.5239,37.9218
35.3045,25.7159,34.7915
51.2859,44.0269,36.4878
29.4081,39.9617,35.8235
45.9155,28.4867,35.1123
40.8245,50.9655,37.4177
28.8557,28.5398,35.8422
50.4521,35.8885,35.8202
29.5788,47.1369,37.1839
39.8339,24.5065,35.5972
47.6353,48.2369,37.2622
25.2397,36.0449,36.5209
48.0697,32.5215,34.9
36.1165,51.636,37.8983
33.3142,27.8206,34.5028
49.5549,41.4675,36.4586
30.7492,42.6508,36.0201
44.6108,25.5156,35.3071
43.726,49.368,37.5425
26.658,30.9219,36.5275
52.0701,33.7791,35.1208
31.3644,49.82,37.7248
36.8912,24.7161,35.2113
50.196,45.8732,36.799
28.2336,38.0864,36.3698
45.5513,30.6821,34.9817
39.0226,51.8617,37.4399
30.4005,27.1967,35.5286
49.8104,37.7136,36.5825
29.845,45.2738,36.8889
41.5856,25.1717,35.9831
45.9531,49.4661,37.6826
24.9915,33.9883,36.4465
49.7769,31.915,35.5928
34.6637,50.568,38.2931
34.9757,26.9578,34.63
50.7417,43.0987,36.7429
30.2005,40.8492,35.7654
46.0781,27.3562,35.2832
41.869,50.1041,37.9407
27.7073,29.0034,36.3445
51.7371,35.6006,35.6606
29.7994,48.5366,38.204
38.6176,24.1768,35.8093
49.2014,47.9093,37.2285
26.0399,36.7503,36.6072
46.7397,32.2716,34.9701
36.9723,52.5325,37.4606
32.2869,27.7363,35.1326
49.1489,39.8231,36.6887
30.4198,43.4564,36.6022
43.4869,25.3877,36.163
44.4429,50.0768,37.9186
26.0213,32.0261,36.7732
51.574,32.9435,35.6165
32.1049,50.6544,37.9795
36.377,25.6695,35.0952
51.2016,45.331,36.9552
29.3469,38.8106,36.2356
44.7335,29.2188,34.9838
39.7668,51.0898,37.8885
29.6191,27.6725,36.0644
50.169,36.6864,36.4877
29.4466,46.0673,37.6396
40.9004,24.4318,35.9521
46.543,48.3993,37.8535
24.4594,35.2056,36.3403
48.6451,32.2467,35.7824
35.4117,51.2344,38.6562
34.4521,28.0745,34.2626
50.1146,42.3625,37.2535
31.0227,41.531,36.074
45.0335,26.42,36.0348
42.6681,49.2989,37.7136
27.4569,29.9685,36.9642
52.4697,34.7013,35.5438
30.6676,49.0642,38.1054
37.5618,24.0646,36.0592
50.5657,46.9928,36.8681
27.4574,37.377,36.8194
46.4248,31.3352,35.4127
38.094,52.0744,38.2057
31.5037,26.8013,35.354
49.062,38.5611,36.5965
29.7115,44.227,37.0029
42.4499,25.7351,36.6096
45.4757,50.5417,37.6041
25.0372,32.5717,36.7951
50.6485,32.6756,36.1286
33.8296,51.1787,38.3545
34.2077,26.0126,35.1623
52.2301,43.5438,36.3859
29.7068,40.5821,36.7419
45.2102,27.7915,35.9503
40.6207,49.9707,37.695
28.6666,29.2467,36.6759
51.4053,36.4857,35.9812
29.0726,48.0608,37.4716
39.4904,23.6893,35.0544
48.2804,47.6988,38.0848
24.9038,37.0423,36.2269
47.312,33.238,34.996
37.2633,51.5409,38.1858
32.5478,28.6649,34.7134
48.8792,40.7651,37.0426
31.4632,43.3346,36.2351
44.2287,24.6035,35.7113
43.3765,50.7193,37.7386
26.931,31.6735,37.3712
52.6355,32.8717,35.2371
31.0485,50.7831,37.708
35.5317,24.675,35.3189
50.2479,44.9635,37.4032
28.1692,38.9396,37.1593
45.2395,29.8722,35.809
40.2241,52.0254,37.7454
29.9062,26.4664,36.053
48.8725,37.1529,36.4874
28.5306,45.4078,37.2642
40.7757,25.2318,36.8244
46.865,49.3314,38.2673
24.9872,34.8849,37.2763
49.3977,33.0558,35.4925
34.6118,51.9063,38.6327
34.1066,27.9187,35.3292
51.1287,42.1197,36.906
31.2313,40.5308,35.4804
46.1585,26.5406,36.0236
41.5925,48.6027,37.7289
26.4975,29.3156,36.7667
51.666,34.5962,36.3213
29.5267,49.6724,37.891
37.9577,23.5332,35.1641
49.9127,47.1241,37.7086
26.0436,37.6152,37.2137
45.5388,32.4005,34.9677
37.7589,53.2547,37.8718
31.4696,28.0889,35.7358
49.645,39.1128,37.3395
30.8047,44.4612,37.0676
42.5921,24.7051,36.9212
45.2028,49.9772,38.6417
25.8423,32.7783,37.5487
51.1796,31.7842,35.9932
32.7213,50.6882,39.0319
34.8556,25.3944,35.672
52.0686,44.5555,36.9511
29.5541,39.4749,37.0848
45.3079,28.8286,35.9702
40.9622,50.7421,38.5557
29.0051,27.8825,36.9452
50.9853,35.9083,36.7324
28.6612,46.9123,37.6991
39.8776,23.6905,36.1752
47.4451,48.3974,38.6408
24.2971,36.0711,36.854
48.0242,33.0848,35.8191
36.38,51.4805,39.0011
33.6529,28.9971,34.7663
49.6246,41.4128,37.597
31.781,42.2774,36.2963
44.8656,25.2339,36.3292
43.4726,49.7234,38.4735
26.838,30.532,37.5982
52.9059,33.8255,35.999
30.3837,50.1043,38.2148
36.4626,23.652,35.4548
50.5779,46.0201,37.7511
27.1666,38.3555,37.1332
45.9146,30.6795,36.166
39.6493,52.9693,37.7612
31.013,26.5797,36.3918
49.2498,37.6113,37.4887
29.0197,44.5987,37.8165
41.7721,25.2789,37.325
46.6952,50.3706,38.3465
24.7747,33.5656,37.4414
49.6022,32.142,36.6946
34.3373,50.5316,39.3295
34.4504,26.9635,35.5455
51.7936,42.9294,37.1817
30.7453,40.5489,36.792
46.2308,27.554,36.505
41.1358,49.4256,38.4483
27.9709,29.0105,37.3872
52.1448,35.7512,36.6945
28.7138,48.9586,37.9547
38.761,23.1315,35.895
49.1201,47.2008,38.4357
25.3036,36.7399,37.4088
46.3897,33.1594,35.5544
37.2075,52.5213,38.5777
32.5002,28.522,35.835
49.1645,40.0404,37.8132
31.5835,43.643,37.271
43.5531,24.0714,36.4874
43.9914,50.9423,38.5293
25.8553,31.3989,37.6685
52.2282,32.0732,36.0341
31.6641,50.9323,38.9327
35.8407,25.2111,36.2187
51.2115,45.196,37.9641
29.1685,38.4755,37.3724
44.289,29.0562,36.5395
40.65,51.7712,38.6143
29.2624,26.8444,37.112
49.4167,36.2421,37.118
27.896,46.1796,37.972
41.2296,23.554,36.7921
46.5227,48.6405,39.1528
23.8536,35.1852,37.4954
48.831,32.9884,36.5615
35.6346,52.2215,39.0166
34.7306,28.8349,35.3293
50.7751,41.5629,37.7622
31.9688,41.027,36.2274
45.5974,26.1428,36.9781
42.5434,48.4126,38.3269
26.2254,29.5873,37.8281
52.8765,34.9661,36.4346
29.7664,49.5755,38.9424
37.221,22.9998,35.8176
50.9918,47.127,37.9207
26.8558,37.357,37.92
45.6519,31.7793,36.2011
38.782,52.9814,38.3906
31.6847,27.2516,36.7845
48.6298,38.6941,37.7232
30.1995,44.5785,37.9685
42.7409,25.2462,37.8225
45.7376,50.8664,38.7607
24.2098,32.729,37.6683
50.6172,31.6765,36.9103
33.5559,51.4098,39.4976
34.2522,26.0576,36.2582
52.5122,43.6739,37.4465
30.1311,40.058,37.7923
45.7282,28.404,37.0701
40.0329,49.929,38.9222
28.9186,28.5666,37.733
51.7618,36.7851,37.1233
28.5668,47.8954,38.4008
39.6548,22.481,36.2102
48.162,47.7254,39.1133
24.219,37.1853,37.4053
47.131,33.7321,36.2201
37.2071,51.7107,39.7492
33.0378,29.5306,35.5212
49.1827,40.9696,38.6205
32.2833,42.7662,37.1342
44.8775,24.1083,36.5768
42.8501,50.4712,38.8325
26.5503,31.1432,38.4227
52.9273,32.7547,36.4557
30.6439,50.9519,39.0278
35.5896,24.1849,36.3723
50.3216,45.0977,38.7483
27.9349,38.1348,37.9398
44.4011,30.31,36.326
39.605,52.0318,38.8137
30.1138,26.2051,37.2102
48.4094,36.774,37.5053
28.8088,45.5373,38.3466
41.0419,24.4066,37.6387
46.5054,49.6369,39.2881
24.7218,34.5058,38.2868
49.906,33.3198,36.5184
34.9478,51.3886,39.9255
35.1208,27.905,35.8494
50.9671,42.7074,37.8989
31.5458,39.9556,36.5114
46.7123,26.6607,37.0356
41.3905,48.4292,38.6942
27.073,28.9373,37.9395
52.1525,34.8472,37.2444
29.0358,48.7892,39.0311
38.0303,22.3777,36.0383
50.1488,47.5909,38.5641
25.7819,37.2981,38.1813
45.5034,32.9339,36.0975
37.8933,53.4114,38.9603
32.1439,28.2636,36.9223
49.5208,39.3044,38.5012
30.9299,43.5838,38.1045
43.5273,24.5706,37.5092
44.5883,50.5191,39.3664
24.9349,31.781,38.0738
51.6483,32.1109,36.9846
32.4305,51.5279,39.7508
34.8581,25.1123,36.8243
51.9831,44.0485,38.3182
29.3341,39.4229,38.1383
45.3081,29.4364,37.2214
40.1973,50.9723,39.2182
29.0403,27.4305,38.0367
50.375,36.2867,37.6176
28.7499,46.8121,38.8522
40.4902,22.8737,36.9147
47.4318,48.2809,39.6891
24.1034,36.162,37.9299
48.1251,33.818,36.6315
36.2611,51.8085,40.0404
33.7731,28.9931,36.0146
50.2047,40.982,38.4557
32.0913,41.63,37.1119
45.6449,24.846,36.8918
42.6995,49.308,39.0816
26.8437,30.1844,38.7355
53.6182,33.6755,36.8167
30.3737,50.0997,39.6569
36.2356,23.3419,36.5274
50.8321,46.0153,38.951
27.0011,38.3269,38.4624
44.7903,31.4327,36.6861
39.8467,53.0869,38.8909
30.5758,27.5309,37.1491
48.3121,37.7172,38.2585
29.3798,44.5235,39.0175
41.5595,24.9307,38.4191
46.5868,50.912,39.4283
24.8213,33.5319,38.5573
50.6121,32.9185,37.3659
34.0191,50.721,40.5271
34.1793,27.026,36.8913
52.309,42.6678,38.2461
30.9724,39.5772,37.4599
46.6529,27.827,37.6202
40.455,48.8183,39.3718
28.1092,28.6456,38.6189
51.7425,35.8304,37.6621
27.985,48.5817,39.0008
38.7518,22.0099,36.6679
49.279,47.904,39.2609
24.7915,37.07,38.335
46.1708,33.6503,36.6521
37.4846,52.7551,39.6073
32.1599,29.3869,36.6285
48.6561,39.8891,38.7646
32.134,43.2208,38.1551
44.2744,23.7157,37.3674
43.4888,51.1709,39.4466
25.6682,31.5491,38.9057
52.8572,31.8119,37.1239
31.3252,51.5218,39.8227
35.7278,24.7523,37.2543
51.2654,44.7462,39.0065
29.1688,38.3652,38.3863
44.2651,29.8672,37.3131
40.2326,51.9425,39.7293
29.7577,26.6946,38.1857
49.0796,36.0984,38.1839
27.9347,45.8446,38.9475
40.9044,23.4042,37.8739
46.9207,49.0587,40.0671
23.8456,35.1212,38.6349
49.0498,34.0854,37.1339
34.9305,52.5274,39.901
34.337,28.1357,36.4666
50.387,41.9941,38.8221
32.461,40.4658,37.28
46.5595,25.71,37.6134
42.1654,48.2482,39.4883
26.2489,28.8332,38.643
53.181,34.6848,37.5693
29.1625,50.0936,39.6231
37.2128,23.0052,36.9562
50.9911,47.0898,39.1034
26.4806,37.5254,38.9493
45.1458,32.3806,37.0531
38.9242,53.6482,39.2454
31.347,27.9033,37.7569
48.491,38.516,38.8535
30.8399,44.4598,38.9751
42.8026,24.0775,38.3048
45.045,51.5546,39.5609
24.3148,32.5873,38.9171
50.9475,32.1898,38.0419
32.9864,50.63,40.2467
34.2513,25.8593,37.5306
52.9312,43.7465,38.5581
30.3779,39.0763,38.1771
45.9249,28.8448,37.9571
40.3779,50.1135,40.0469
28.7813,27.8694,38.9899
51.2866,36.858,38.1198
28.5213,47.8128,39.4558
39.5007,22.5523,37.3029
48.4931,48.3641,39.9295
23.6838,36.8804,38.6284
47.2826,33.8739,37.2639
37.2329,52.439,40.6518
33.2503,29.7671,36.6933
49.6837,40.2972,39.3157
32.4134,42.1374,38.0726
45.223,24.202,37.6413
42.8568,50.2181,40.0022
26.0805,30.6203,39.2406
53.0552,32.8566,37.7619
30.0559,51.0648,39.988
35.5417,23.6958,37.3406
50.6008,45.4316,39.8902
28.0689,38.6516,39.1362
43.9241,30.9337,37.1583
39.2497,52.2955,39.8268
30.8806,26.7846,37.9397
48.3103,36.74,38.4907
28.483,44.9859,39.2396
41.5552,23.8171,38.5655
46.4727,50.0313,40.3898
23.7266,34.1107,38.963
50.2333,33.7931,38.0253
34.3961,51.9263,40.7265
35.2661,27.5365,36.86
51.651,42.04,38.8581
32.1343,39.3666,37.5881
46.1072,26.8263,37.9832
41.1239,47.946,39.7498
27.199,28.1233,38.8471
52.8961,35.5813,38.0975
28.0755,49.4663,39.8071
37.8781,22.0989,37.2211
50.2709,47.6672,39.804
25.5925,37.0014,39.3146
46.2704,32.8492,37.3494
38.1981,53.3894,40.1885
31.5678,28.8825,37.4789
49.1074,39.1657,39.4624
31.4807,43.6078,39.1203
43.9371,24.2783,38.5989
43.8714,51.865,40.1487
24.5838,31.591,39.1843
52.1571,31.6581,37.9507
32.0501,51.3131,40.6543
35.1185,25.5294,38.016
52.5685,44.8418,39.0021
29.7795,39.0343,39.1701
45.1296,29.9569,38.1283
40.6476,51.0832,40.5163
29.2724,26.9,39.1187
50.0106,36.6751,38.7883
27.7981,46.8365,39.4231
40.055,22.838,38.2408
47.6706,48.6345,40.6708
23.0363,35.8669,38.7623
48.104,33.2615,37.6204
36.0367,52.5584,40.6906
34.0817,29.0191,37.0657
50.3227,41.1565,39.5762
32.7367,41.0556,38.1596
46.2008,24.7203,38.0938
42.712,49.129,40.1365
25.9855,29.5475,39.3938
53.6905,33.7076,37.8695
29.5272,50.1989,40.7071
36.5916,23.7877,37.5988
50.6701,46.503,39.9541
26.9958,37.9265,39.7762
44.541,31.7398,37.7156
39.4818,53.2678,40.1222
30.3887,27.73,38.58
47.8513,37.7672,39.1811
30.1605,44.913,39.6159
42.2712,24.304,39.2571
45.9443,50.986,40.3597
24.0639,33.4564,39.6557
51.0272,33.2801,38.3625
33.2599,51.6557,40.9376
34.9348,27.1345,37.7733
52.6819,42.8827,39.3679
31.4949,39.36,38.5943
45.7913,27.7591,38.2441
40.9867,49.264,40.4899
27.9077,28.1086,39.5611
52.1379,36.4446,38.5686
28.4545,48.4804,40.1929
38.8582,21.8578,37.8162
49.4436,48.0924,40.4366
24.9477,36.2052,38.8987
46.2,34.0398,37.7577
37.127,53.681,40.6095
32.4028,29.8737,37.5818
48.8381,40.0577,39.9521
31.9707,42.65,39.1477
44.5967,23.4087,38.4458
43.9034,50.7565,40.6435
25.364,31.2231,39.8275
53.0835,31.9215,38.4074
30.8531,51.0408,40.7958
34.799,24.385,37.617
51.9321,45.2068,39.786
29.0784,38.2533,39.4824
44.177,30.5736,38.0975
39.6841,51.596,40.5687
30.2945,26.5444,39.0757
49.2221,36.0372,39.3826
28.7204,46.0377,39.697
41.0355,22.992,39.0063
47.3086,49.6033,40.901
22.6667,34.9066,39.0915
49.0327,33.2864,38.29
35.0163,52.8529,40.947
35.1521,28.6423,37.28
51.0668,42.0666,39.8516
32.906,40.002,38.3679
45.8903,25.6727,38.4818
41.8584,48.3641,40.6564
26.1996,28.4692,39.6562
53.8307,34.5181,38.5029
28.1459,50.3177,40.6725
36.9178,22.8884,38.0719
51.0995,48.0001,40.4242
26.6226,36.9189,39.9821
45.4616,32.1484,38.1629
38.9037,54.1001,40.6628
30.633,28.7115,38.2302
47.877,38.473,40.0054
30.4129,43.8473,39.7363
43.2727,23.9465,39.4149
44.7403,51.3728,40.6197
23.7413,32.2662,39.803
51.8644,32.6689,38.1874
32.5636,51.3712,41.8224
33.9504,26.3407,38.4645
53.1937,43.7561,39.6576
30.683,38.5121,39.0783
45.2909,29.0116,39.0052
40.8106,49.9648,41.3214
28.6257,27.4331,39.9389
51.0298,36.1891,38.8717
27.9645,47.6225,40.348
39.0811,22.4356,38.7304
48.5227,48.4881,41.4011
23.8761,35.8986,39.3953
47.2317,33.5253,38.2779
36.8731,53.0385,41.5761
33.3012,29.3694,37.8547
49.7622,40.7626,40.3387
32.0078,41.5178,39.0165
45.5936,23.8963,38.7614
43.2882,49.6501,40.9981
25.8647,30.3564,40.2915
53.5256,33.0056,38.7492
29.7853,51.2652,41.0498
35.8711,23.7804,38.391
51.2422,45.8167,40.6298
28.1044,37.9311,40.1179
43.5441,31.4174,38.4856
40.0853,52.5662,40.6308
31.0268,27.1312,39.3784
48.7755,36.8377,39.7445
29.3005,45.2182,40.1553
41.6003,24.0743,40.0597
46.8953,51.0651,40.7552
23.0349,34.0094,39.7751
50.0421,33.1716,39.0756
33.763,52.5305,41.3414
35.6241,27.9339,37.8906
52.1412,41.9201,40.0561
32.5864,39.0904,38.7287
45.0852,26.9482,38.4334
40.7215,48.2623,40.8476
26.9524,27.7187,40.0325
52.8569,35.1084,39.0642
28.3564,49.2483,40.9131
37.6178,22.1528,38.41
50.389,48.7199,40.7512
26.0542,36.0895,39.6486
46.0296,33.0434,38.602
38.2596,53.602,41.3784
31.6285,29.738,38.2704
48.8744,38.9606,40.4117
30.9378,42.9213,39.9042
44.3459,23.7979,39.5519
43.5644,51.396,41.3744
24.0723,31.2851,40.1156
52.1669,31.9413,38.9853
31.1889,51.9507,41.413
34.1851,25.0626,38.4526
52.9779,44.8008,40.1064
30.0206,38.6276,40.1477
44.2591,29.5753,38.4957
39.876,50.6205,41.1852
28.9181,26.3092,39.9448
50.4023,35.9384,39.6595
27.9407,46.3268,40.6338
40.1404,22.3567,39.1905
48.0231,49.4505,41.6463
23.1925,35.3389,40.1027
48.1432,32.9337,38.8424
35.824,53.4104,41.5887
34.2686,28.7444,38.0759
50.5127,41.4639,40.7173
32.8837,40.7665,39.2301
45.5904,24.9013,39.1612
42.161,49.0947,41.4092
25.7419,29.1862,40.379
54.363,34.1383,39.3314
28.7392,50.9398,41.2719
36.8024,23.5164,39.1002
50.976,46.8665,40.9916
27.6147,36.8474,40.0102
44.4593,32.1346,38.8057
39.3442,53.3002,41.2012
30.7522,28.4485,39.4999
47.8176,37.432,40.2821
29.8329,44.3071,40.5694
42.6238,23.8869,40.3324
45.497,51.1749,41.5001
23.3172,33.0672,40.4133
50.8528,32.4849,39.0641
32.7718,52.5656,41.5192
34.8918,27.1696,38.9006
52.7957,43.0216,40.562
31.693,38.8359,39.461
44.9594,27.8698,39.1646
40.8641,48.9009,41.812
27.9144,27.7436,40.6539
51.8166,35.7944,39.4967
28.3432,47.9762,41.2578
38.3535,21.5944,38.7795
49.6753,48.9252,41.4642
24.9619,35.5297,39.7429
46.3785,33.9913,39.0378
37.2092,54.159,41.5813
32.6316,29.2598,38.8396
49.7981,39.698,40.5114
31.4899,41.961,39.879
45.2539,23.2192,39.4353
43.0805,50.5257,41.5962
25.0652,30.8092,40.7275
52.8987,32.5515,39.5357
30.4798,51.3459,41.9012
34.8078,24.0135,38.6649
52.5869,45.7327,40.7578
29.1251,38.0685,40.6004
43.2629,30.2876,38.9102
40.0017,51.696,41.6352
30.0749,26.9906,40.0536
49.7971,36.6479,40.156
28.9362,45.8228,40.9443
41.0464,22.3212,40.0221
47.5997,50.4575,41.5468
22.4835,34.6378,40.4184
49.0746,32.6879,39.2467
34.9025,52.9974,42.0288
35.3481,28.8797,38.5935
51.3674,42.0948,40.9282
33.3112,39.7183,39.469
45.2458,25.9908,39.2925
41.5602,48.0061,41.7377
26.2193,28.2057,40.8011
53.4763,34.5191,39.6659
28.7281,49.958,41.7302
36.5732,22.4619,38.9615
50.7107,47.9715,41.4825
27.1061,35.8674,39.8989
45.4235,32.5056,39.3311
39.0673,54.2104,41.7874
31.3963,29.3076,39.2525
48.282,38.2754,41.0518
30.2,43.3049,40.555
43.5202,23.3559,40.411
44.4915,51.1044,41.7916
23.464,31.8173,40.6831
51.8401,32.6285,39.7438
31.8707,52.1102,42.2639
34.9222,25.9465,39.0758
53.2297,44.0196,40.7813
31.1046,38.5638,40.3174
44.3042,28.6224,39.1792
39.8596,49.7506,41.8072
28.2627,26.6703,40.709
51.3206,36.6614,40.0165
27.9318,47.1053,41.5075
39.2318,21.8486,39.5948
49.0369,49.5224,42.0139
24.2349,35.8132,40.4571
47.3649,33.7336,39.4174
36.1145,54.4159,41.8648
33.6209,28.86,39.1251
50.6326,40.4475,40.9654
32.2947,41.261,39.9757
45.7344,24.1074,39.8248
42.955,49.368,42.1697
25.5198,29.8825,41.1679
53.7543,33.1592,39.8463
29.1325,51.4037,42.2069
35.6458,23.7487,39.4618
52.0478,46.4154,41.3219
28.4917,36.8535,40.6318
44.1526,31.0949,39.2854
39.9642,52.7348,41.8121
30.9922,27.7997,40.3685
48.7425,37.1928,40.6954
29.7677,45.2422,41.2451
41.7886,23.13,40.4737
46.6862,51.1923,41.7751
22.412,33.5638,40.9485
49.9306,32.2724,39.8301
33.364,53.4628,42.079
35.9908,27.7906,38.909
52.4268,42.1675,41.1543
32.8211,38.5831,39.6071
44.9141,27,39.7653
40.5507,47.8558,42.0348
26.9807,27.5032,41.1605
53.1175,35.9978,39.6167
29.0869,48.7687,41.7119
37.4868,22.1283,39.5201
50.6131,48.9479,42.027
26.4169,35.247,40.4003
46.3047,33.0908,39.7
37.9801,53.9757,42.3288
32.2234,30.2151,39.2809
49.2669,38.7373,41.4568
31.2106,42.6797,40.9581
44.5733,23.0885,40.4294
43.9985,50.2222,42.3139
24.1475,31.0947,41.2477
52.3798,31.8468,40.1293
30.7498,52.3471,42.3569
35.1118,24.9161,39.3284
52.1301,44.5557,40.9902
30.4324,37.7567,40.5387
43.3736,29.2318,39.0155
40.2973,50.7615,42.1692
29.3407,26.9433,40.8071
50.6049,35.9624,40.7882
28.1626,46.1094,41.8919
39.9339,22.3595,40.2076
48.1963,50.2368,42.4588
23.3987,35.0778,41.1807
48.4093,33.4438,39.7357
35.5384,53.5377,42.7238
34.7398,29.7325,38.9706
51.3041,41.1959,41.5375
32.5998,40.2513,40.2661
45.8492,25.162,40.2669
42.0111,48.6542,42.4523
26.3027,29.1449,41.2977
54.1118,34.0168,40.556
28.5739,50.5252,42.6487
36.1538,22.9412,39.9822
51.6989,47.433,41.6973
28.172,35.8417,40.3424
44.7629,31.7873,39.7492
39.2273,53.2937,42.3425
31.4761,28.8372,40.3525
47.9212,37.3112,41.5039
30.7073,44.5902,41.1026
42.7285,22.9325,41.3445
45.8497,50.6891,42.341
22.9624,32.3756,41.4225
50.7959,32.7741,40.3413
32.402,53.3089,42.3833
35.2766,26.9846,40.0039
53.3232,42.8005,41.4624
32.0966,38.0637,40.2504
44.1463,27.8287,39.8434
40.1832,48.8645,42.6628
27.583,26.7558,41.5323
52.4979,36.6711,40.2906
28.6998,47.5679,42.1873
38.3891,21.1741,39.8948
50.1686,49.8092,42.4509
25.4291,35.8764,40.6755
46.5554,33.9625,40.2299
36.9276,54.0147,42.592
32.9973,29.8075,39.7516
49.9092,39.607,41.6163
32.2068,42.1247,40.7501
45.7404,23.1814,40.5825
42.8763,50.3432,42.6465
24.6014,30.1555,41.7415
53.275,32.5695,40.6227
30.2021,51.605,42.8705
34.8846,24.1717,40.0832
51.7895,45.3878,41.4845
29.5522,37.0073,40.7747
43.7875,30.0941,39.874
39.8285,51.8719,42.7203
29.8912,27.9051,40.8379
49.7314,36.8586,41.2468
29.4967,46.0889,41.7771
40.8083,22.7374,40.9605
47.4604,50.9962,42.6175
22.9088,34.2728,41.7622
49.1927,33.1181,40.495
34.1942,53.3575,42.8777
35.668,29.0285,39.6779
52.3467,41.285,41.9773
33.2313,39.3528,40.7172
44.5336,25.7541,40.0969
41.3366,47.975,42.8767
26.3788,28.38,42.0025
53.8906,35.1039,40.5048
28.3684,49.3904,42.5662
36.6303,21.9799,40.24
50.9118,48.059,42.5422
27.2739,35.3978,40.9775
45.7277,32.2692,40.3545
38.8196,54.1487,42.9791
31.6133,29.8793,40.1688
48.5798,38.1455,42.0036
30.8575,43.6146,41.4979
43.7576,22.8479,41.4318
44.8738,50.5657,42.9799
23.9879,32.217,41.7898
52.1091,32.6252,40.827
31.4598,52.9543,42.9712
35.6989,25.9543,39.9779
52.4683,43.6379,41.565
31.4121,37.9565,41.181
43.0972,28.3333,39.5406
40.5669,49.9437,42.8028
28.7165,26.7731,41.6945
51.5476,37.1965,40.9281
27.7561,46.7337,42.6274
39.333,21.2604,40.5413
49.243,50.3631,42.6454
24.7642,34.8606,41.2535
47.2401,33.209,40.4838
35.9869,54.5961,43.0062
34.1277,30.0292,39.914
51.0105,39.9925,42.0406
31.9387,40.9257,41.0654
45.7655,24.3779,41.0755
42.3044,49.4209,43.0769
25.142,29.3194,42.145
54.0649,33.0569,41.081
29.6457,50.6047,43.0663
34.948,23.1915,40.4931
51.5286,46.447,42.2216
29.1013,35.9856,40.8461
44.7507,30.6293,40.1025
40.0318,52.8254,43.0696
30.4857,28.5145,41.4758
48.9519,36.6095,41.9041
30.7061,45.4099,41.7313
41.8322,22.4868,41.4509
46.7667,50.1557,42.8221
23.21,33.2516,41.9383
49.8029,32.3571,40.9239
33.2371,53.0995,43.0722
35.6954,27.9206,40.0987
52.7765,42.3205,42.2372
33.1822,38.1834,40.8815
43.8852,26.7108,40.1801
40.4645,48.0889,43.2901
27.342,27.6992,42.2063
53.2577,35.9154,40.7697
28.779,48.4289,42.7927
37.556,21.671,40.7015
50.218,48.7129,43.0247
26.4463,35.8331,41.3589
45.3764,33.229,40.6868
37.854,53.9408,43.3961
32.7496,30.7697,40.2123
49.0094,39.0406,42.5003
32.077,43.0034,41.5738
44.7452,22.6251,41.4135
43.608,50.8651,43.2161
24.5858,31.3908,42.1578
52.7722,31.8515,41.1556
31.2413,51.7539,43.1426
34.9114,25.4416,40.3651
51.5682,44.2739,41.9302
30.5411,37.484,41.6226
43.8264,29.015,40.2634
40.4321,51.0261,43.3039
29.5366,27.429,41.8243
50.6804,36.7005,41.69
28.9067,46.2031,42.7083
39.9929,21.8738,41.194
48.5533,51.05,43.2634
23.9066,34.8534,42.1032
48.264,33.2744,40.9698
34.8697,54.2243,43.5302
35.1457,29.9145,40.341
51.9805,40.3267,42.5055
32.157,39.5319,41.2002
45.2591,25.4795,41.2574
42.0815,48.4365,43.4603
26.407,29.4543,42.3526
53.2831,34.1614,41.1536
28.7654,50.4769,43.7673
35.738,22.2767,40.9022
51.6781,47.1272,43.0347
28.3205,35.5245,41.3527
44.9272,31.493,40.8493
38.9365,53.0901,43.3657
31.4284,29.0992,41.4392
47.9894,37.5326,42.5573
31.4232,44.3981,41.9183
43.1685,21.9584,41.5075
46.0091,50.7037,43.4502
22.8901,32.4197,42.589
50.8115,32.2569,41.3133
32.3881,52.5297,43.3589
36.3444,26.6692,40.5095
53.1447,43.2517,42.6661
32.4798,37.5414,41.3014
43.2077,27.586,40.3325
40.1982,49.1304,43.7658
27.8757,26.7306,42.6398
52.3179,35.9056,41.5619
28.5797,47.213,43.1929
38.2971,20.9196,41.1971
49.7761,49.6247,43.4579
25.509,35.4506,41.8436
46.4267,33.011,41.1365
36.8217,54.2685,43.6404
33.5022,30.1497,40.7853
50.0898,39.3456,42.6722
32.4807,41.663,41.6696
45.555,23.1227,41.8099
43.2153,49.9095,43.6184
25.253,30.3642,42.7558
53.7111,32.0915,41.6346
30.8524,50.7552,43.1222
34.4753,24.1454,41.1394
51.3774,45.1875,42.4487
29.9049,36.7465,41.8972
44.3022,29.7316,41.0133
40.1146,52.0009,43.7865
29.3095,28.4506,41.5219
49.8808,37.0737,42.3084
29.9187,45.8462,42.8589
41.0448,21.7426,41.7048
47.6848,50.34,43.4445
23.4035,34.1183,42.7089
49.2182,33.527,41.43
33.9224,53.882,43.8591
35.8463,28.8267,40.6802
51.8122,41.5785,42.8924
33.1053,39.3133,41.8391
44.3938,26.1493,41.2008
41.3207,47.518,43.8466
26.6883,28.2486,42.9549
53.6397,35.2054,41.6331
29.0154,49.1206,43.6346
36.8386,22.3269,41.3596
51.0639,48.5265,43.6929
27.4589,35.5518,42.1329
45.2272,32.4905,41.5003
38.9522,54.1236,44.1186
32.1415,30.3613,41.1523
48.8193,38.2179,43.1801
31.4439,43.2561,42.3894
44.1523,21.7949,42.0009
44.6176,51.1011,43.9364
23.6943,31.6027,42.9291
52.0711,32.3116,41.8237
31.6451,51.9471,44.1102
35.6839,25.9979,40.9665
52.1968,43.8437,42.6937
31.5551,37.1288,41.9214
42.8012,28.7056,40.5026
40.7531,50.088,43.9465
28.8542,27.4368,42.6797
51.8156,36.726,42.0647
28.0885,45.9647,43.3329
39.1561,21.3508,41.7569
49.4108,50.5976,43.9429
24.5604,35.8686,42.0664
47.3146,33.268,41.6452
35.8039,54.1876,44.2427
34.4263,29.9428,41.1285
51.0155,40.1269,43.1222
32.167,40.4727,42.285
44.8401,24.2795,41.7083
43.0683,48.8645,43.6385
25.234,29.3222,43.1693
53.1889,33.2432,42.0905
29.9037,50.8161,44.1709
35.2552,23.0604,41.5719
50.8696,46.2057,43.3558
29.1397,35.8522,41.9307
44.2136,30.7613,41.2245
39.9887,53.0422,44.1091
30.4079,29.5259,41.6755
48.859,36.9701,42.9435
30.9758,45.1452,42.9299
41.9147,21.5329,42.2168
46.9684,50.9918,43.9954
23.7028,33.095,42.8281
50.0802,32.9496,41.7922
33.1304,53.1675,44.2688
36.2794,27.7234,41.1466
52.8475,42.3261,43.4633
33.2084,38.102,41.9471
43.6402,27.1064,41.1929
40.5447,48.1923,44.3538
27.1133,27.3008,43.3572
53.2619,36.2152,41.9755
29.1503,48.0028,43.7372
37.3734,21.5134,41.8337
50.0604,48.8337,44.1985
26.4575,35.6417,42.432
45.0259,33.5579,41.778
37.5363,54.4882,44.396
33.0724,31.0802,41.1597
49.7589,38.6378,43.4177
32.21,42.3294,42.5798
44.7627,22.8238,42.5117
43.6202,50.7054,44.5318
24.3602,30.8475,43.2245
52.8418,31.6619,42.2385
30.9674,51.0652,44.0623
35.5363,24.9319,41.1749
51.2095,44.3439,43.0495
30.7232,37.1031,42.5949
43.1585,29.8629,40.7297
40.081,51.0183,44.3363
29.3473,28.3826,42.6576
50.9538,37.1148,42.7322
29.1033,45.5785,43.4904
40.1139,21.4596,42.2642
48.1276,50.7684,44.4057
24.9647,34.9317,42.7383
48.2866,33.5995,42.1217
34.8182,54.0086,44.7295
35.4401,29.6312,41.4306
51.6504,40.7134,43.7703
32.1308,39.3233,42.5383
44.0052,25.3054,41.7956
42.8008,47.6709,44.3484
26.3519,28.8983,43.7815
53.2071,34.4039,42.2737
29.2547,49.6772,44.5124
36.2182,22.3495,42.2176
51.194,47.0105,44.3414
28.1843,36.4135,42.0836
44.2354,31.8712,41.6628
38.9363,53.0572,44.4392
31.1615,30.2892,41.9658
48.2592,37.5648,43.7331
31.312,43.974,43.1627
42.9414,22.1895,42.6246
45.6367,51.4223,44.4588
23.3095,32.4331,43.6082
51.168,32.5202,42.3161
32.4562,52.4259,44.6398
35.7907,26.7094,41.8132
52.3658,43.2336,43.6157
32.5916,37.3382,42.4362
43.0014,27.9952,41.2937
40.5715,49.2935,44.6942
28.4044,27.1097,43.7509
52.8546,36.6671,42.8577
28.8984,46.8287,44.0677
38.3619,22.0344,42.1842
50.4069,49.7133,44.9065
25.7076,36.1833,43.0953
46.2355,33.9509,41.9429
36.4582,54.3652,45.0335
33.8227,30.7469,41.7358
50.5159,39.3526,43.6835
32.4507,41.3857,42.8607
45.2203,23.8208,42.6479
43.9051,49.4215,44.3955
24.871,30.1159,43.7937
53.5232,32.405,42.724
30.675,50.0927,43.9474
35.2706,24.0964,41.86
50.3971,45.1929,43.317
29.9831,36.1852,42.7792
43.7011,30.0362,41.9383
40.5685,52.4412,44.7648
30.3416,28.8752,42.6339
49.9777,36.667,43.4114
30.0364,45.0734,43.6383
41.0417,21.312,42.8252
47.1848,50.0974,44.43
24.4698,33.8549,42.9079
49.3481,33.4315,42.6375
33.6989,53.8045,45.0799
35.8787,28.5791,41.6617
51.9292,41.9335,43.9741
33.3413,38.6732,42.8088
43.4384,26.1548,41.6202
41.6695,48.1234,44.8778
26.2205,27.8152,43.9121
53.2308,35.3946,42.6976
29.8325,48.5204,44.7697
37.1439,22.9305,42.3904
50.6695,48.121,44.6016
27.1884,36.6466,42.7186
44.5298,32.7028,42.281
38.3916,54.0139,45.0179
32.2901,30.931,42.0589
48.9717,38.369,44.2543
32.0789,42.9561,43.3628
43.929,22.3712,43.1014
44.5323,51.1702,45.0474
24.2074,31.9447,43.7796
51.969,32.1779,42.8838
32.5796,51.2799,44.1011
35.3687,25.6081,42.1388
51.6824,43.8541,44.1958
31.6351,36.8965,43.0234
43.2286,29.049,41.7165
40.0475,50.1787,44.8814
28.9163,27.9783,43.685
51.9979,36.9751,43.4204
28.2554,45.7024,44.4407
39.104,21.9557,42.9299
49.093,49.9494,44.729
24.6258,35.6654,43.4567
47.3449,34.0261,42.5123
35.586,53.7408,45.4859
34.6041,29.9872,42.1566
50.9502,40.168,44.3756
32.8257,40.3097,43.1675
44.6177,24.6477,42.6705
42.9173,48.6842,44.8455
25.8556,29.7861,44.2129
53.6625,33.4113,43.1017
30.5083,50.1915,44.97
35.9049,23.3772,42.3262
50.3025,46.1742,44.3586
28.8716,36.511,42.8845
44.409,30.8119,42.3427
39.4659,52.2068,45.1026
31.055,29.5847,42.7552
49.2215,36.5638,44.0994
31.1949,44.7308,43.9681
42.0882,21.7868,43.2768
46.1749,50.4855,44.7987
24.659,32.9662,43.4102
50.0353,32.5317,42.7492
33.1225,52.7056,45.3602
35.1252,27.634,41.5492
52.6225,42.4208,44.6473
33.2824,37.6035,43.3052
43.0709,27.2018,42.167
40.729,48.3386,45.4925
27.422,27.7524,44.2363
53.9449,36.2896,43.0227
29.2362,47.6289,44.9298
37.1398,21.9437,42.9367
49.6183,48.6088,45.3647
26.6621,36.0292,43.5581
45.6832,32.8614,42.4768
37.3066,53.7101,45.0843
33.2919,31.5561,42.2358
49.7305,39.0704,44.4768
31.9629,41.8746,43.7684
44.3015,23.3351,43.3563
44.3627,50.0672,45.0941
24.5789,31.0924,44.3281
52.8906,31.3911,43.3319
31.7226,50.4433,44.5392
34.6236,24.9459,42.0299
50.5787,44.4127,44.0935
30.9035,36.0646,43.3078
42.5989,29.9577,41.9474
40.3511,51.458,45.4432
30.0333,28.2044,43.5427
51.0062,36.8934,43.7702
29.1891,44.8426,44.387
40.2264,21.903,43.2787
48.0046,50.0837,45.2319
24.6929,34.5601,43.9239
48.2468,33.0561,43.0207
34.6124,53.9334,46.0251
35.1246,29.1384,42.3716
51.586,40.9771,44.7877
32.6442,39.3055,43.5213
44.0981,25.7688,42.85
42.524,47.612,45.6281
25.6703,28.5307,44.6218
53.4653,34.5082,43.3412
29.8288,49.4466,45.4543
35.9838,22.526,43.2972
50.3859,47.1266,44.9339
27.9723,36.1775,43.44
44.1898,31.7285,42.7399
39.128,53.3475,45.4886
31.7663,30.5319,42.8652
48.78,37.4481,44.7192
31.5203,43.6492,44.3579
43.1028,22.3553,43.7552
45.6373,50.9415,45.658
23.8603,32.8966,44.3753
50.9436,31.8919,43.182
32.5271,51.7337,45.3606
34.8112,26.6822,42.1048
51.5778,42.8556,44.6019
32.2908,37.5111,43.6063
42.662,28.1705,42.2854
41.0001,49.5588,45.6213
28.5678,27.5755,44.7282
53.1683,36.6003,43.9491
28.9865,46.6326,45.0603
38.0567,21.8461,43.3703
49.8558,49.7736,45.8145
25.3114,36.4462,44.0314
46.5028,33.4727,43.0835
36.5658,53.6314,46.0091
34.6045,30.9919,42.5883
50.7998,38.9592,44.7142
33.3026,41.1306,43.7406
45.0025,24.1775,43.8398
43.6391,49.5449,45.5345
25.2442,30.1454,44.9877
53.0695,32.6749,43.8118
31.2682,49.3435,44.4703
34.8519,24.2447,42.7945
49.8761,45.2537,44.4125
29.8541,35.9922,43.7623
43.5924,30.6678,43.0504
40.156,52.5796,45.8323
30.3777,29.2991,43.622
50.2291,36.8844,44.47
30.325,44.6986,44.6289
41.2295,21.6434,44.0533
46.8895,49.5425,45.3278
25.415,33.8184,43.4489
49.2809,32.9801,43.6197
33.849,52.8223,46.1591
35.3734,27.6977,42.6285
51.1335,42.0374,45.076
33.3862,38.463,43.9059
42.8682,25.9776,42.51
41.5782,47.9183,46.0189
26.5619,27.8898,44.9259
53.2844,35.3936,44.0037
29.2185,48.4959,45.6661
37.079,22.9968,43.4558
50.359,47.9262,45.6714
27.2471,36.8341,43.9901
45.126,32.2625,43.1727
37.9799,53.7198,45.9706
32.8786,30.5247,43.0644
48.6564,38.6161,45.2641
32.559,43.424,44.4116
44.08,23.0273,44.2774
44.497,50.8753,46.0882
24.1123,31.8515,44.8874
51.741,31.4409,43.67
32.9072,50.7733,45.0783
34.1292,25.9056,42.3495
50.5998,43.297,44.5629
31.4548,36.6944,44.0273
42.6867,29.1724,42.814
40.338,50.5635,46.0101
29.562,27.9257,44.505
52.1923,36.4922,44.33
29.2507,45.5559,45.1507
39.4972,21.6891,43.9419
48.7799,49.8911,46.0851
25.1305,35.4854,44.4323
47.7847,33.8007,43.7659
35.5965,53.781,46.5155
35.3827,29.983,43.0147
51.3222,39.6647,45.2774
33.6816,40.0956,43.8288
44.2261,24.9998,43.6404
42.5202,48.9974,45.9079
25.7142,29.4131,45.4541
53.1583,33.6548,44.1999
30.9176,49.252,45.5373
35.8836,24.0812,43.4185
49.4329,46.1564,44.9559
28.8533,35.8668,44.0054
44.488,31.0796,43.6128
39.0118,52.3504,46.2265
31.4725,29.6996,43.7572
49.4529,36.5228,45.2938
31.3925,44.6834,45.1303
42.1382,22.1838,44.3046
46.5716,50.4967,46.1131
24.855,33.4629,44.4559
49.9602,31.4342,43.5206
33.8402,51.7408,45.868
34.1614,27.9162,42.6363
51.9948,42.4302,45.4083
33.1558,37.5301,44.62
42.46,27.2374,43.1654
41.0959,48.8529,46.4135
27.8213,28.1073,45.3349
54.134,36.288,44.2014
28.9645,47.3457,45.962
37.3549,22.3844,44.2483
50.3635,48.9468,46.3764
26.3751,36.4972,44.5614
45.6166,33.0485,43.8299
37.1981,52.6739,46.0088
33.7704,31.2399,43.4795
49.7265,38.5709,45.4777
32.9486,42.189,44.2288
45.0309,23.2338,44.6696
43.8875,50.0204,46.4618
24.2397,30.9233,45.3595
52.4814,31.9352,44.4881
32.4648,49.7598,45.1353
34.8345,25.3084,43.0346
50.2305,44.402,45.0412
30.7909,35.9097,44.3672
42.7365,30.1982,43.5263
39.6094,51.4142,46.2425
29.7311,28.9625,44.5998
51.2604,36.7821,44.8772
29.4683,44.4972,45.4086
40.3515,22.4639,44.161
47.6854,49.6685,46.305
25.7014,34.5923,44.2836
48.2615,32.481,44.2182
34.4376,53.361,46.8994
35.5224,28.878,43.3347
51.0872,40.7506,45.9368
33.1785,39.4139,44.5656
43.1887,25.3941,43.5476
42.4068,48.1173,46.8518
25.825,28.34,45.8662
53.7059,34.5223,44.5898
30.3858,48.3192,45.7711
36.3529,23.0118,44.3321
49.8237,47.022,45.8918
27.8791,36.0243,44.4902
44.3238,32.2151,44.0368
38.9845,53.4562,46.7348
31.9099,30.9466,43.9011
48.9664,37.7176,45.8249
32.2054,44.0917,45.2145
43.2187,21.8784,44.7502
45.3406,50.6818,46.7104
25.0803,32.4879,45.1421
50.8542,31.0282,44.2892
32.9659,51.1875,46.1855
34.2764,26.4765,43.2352
51.1027,43.04,45.5135
31.9787,37.5657,44.6118
42.2701,28.3052,43.3375
40.7057,49.7906,46.67
28.9258,28.3703,45.525
53.2387,37.0754,44.925
29.105,46.1547,46.0672
38.5873,22.6256,44.084
49.4123,49.4253,46.9514
25.4509,36.3166,45.2253
46.7386,33.557,44.1433
36.4989,53.3416,47.0345
34.5408,30.3964,43.6525
50.3818,39.3708,45.7776
32.8989,40.8875,44.7431
44.127,24.01,44.8653
43.516,48.9853,46.4254
25.0364,30.0434,46.0668
52.8558,32.8454,44.8066
32.051,48.802,45.2023
34.9173,24.5654,43.8108
50.0263,45.3156,45.5132
29.9202,35.3849,44.8307
43.4758,30.9392,44.0553
40.0406,52.1767,46.8014
30.6435,30.2409,44.3849
50.4575,36.7164,45.5417
30.5838,44.0423,45.4661
41.3046,23.0397,44.1765
46.6089,49.52,46.4534
25.9104,33.5972,44.6373
49.1464,31.8583,44.0893
34.7594,52.1212,46.6492
34.8161,27.6355,43.5483
51.2788,41.8131,46.1842
33.1843,38.5074,45.2148
42.4886,26.3202,43.6715
41.3518,48.042,47.0037
26.9678,28.748,45.9144
54.1928,35.4777,44.9668
29.8397,47.8247,46.5942
37.5386,23.4456,44.7537
49.5791,47.8809,46.5081
27.3511,36.8508,45.0496
45.5795,31.9142,44.2046
37.8033,53.0505,46.852
33.0676,30.9661,44.2349
48.6437,38.5461,46.4594
33.0862,42.6857,45.1114
43.8827,23.1244,45.3096
44.8898,49.5653,46.173
25.0086,31.59,45.7261
51.3395,31.9658,44.5771
33.5609,50.1302,46.2197
33.982,25.5744,43.644
49.8959,43.3825,45.4633
30.8283,37.3167,44.7809
42.9411,29.095,43.9435
39.7673,50.3866,46.8758
30.331,28.5845,45.4299
52.1019,37.2209,45.3819
29.4565,45.073,46.3176
39.4796,23.1112,44.2365
48.5043,48.7624,46.6335
25.9926,35.2742,45.3803
47.5944,33.1958,44.6646
35.6094,52.9657,47.3618
34.9345,29.5017,44.0897
51.5406,39.8584,46.3393
33.5004,40.2349,45.272
43.8804,25.0464,44.6369
42.493,49.1855,47.1792
25.1749,29.087,46.6281
53.5115,33.7008,45.3544
31.5094,48.538,46.0955
35.6505,24.0669,44.7112
49.1832,46.0291,45.9735
28.7215,35.8852,45.2414
44.0238,31.5059,44.764
39.8285,53.0658,47.1548
31.5966,30.4918,44.7543
50.4033,37.7505,45.8437
31.4545,43.3635,45.4546
41.7931,22.8271,45.1922
46.2732,50.3676,47.2629
26.0396,32.8574,45.3775
49.7907,30.8379,44.634
33.6496,51.7608,46.9593
33.8067,27.3188,43.7108
51.819,42.9363,46.4945
32.6138,37.6789,45.5993
42.1721,27.4591,44.1572
40.5554,48.9417,47.3829
28.0681,28.8747,45.9841
53.9115,36.3912,45.3847
29.2864,47.1584,47.0364
37.9919,22.5414,45.0814
50.0316,48.5033,47.2712
26.4783,36.4515,45.7266
46.3919,32.5658,44.5242
37.3681,51.9809,46.9292
34.2699,31.1309,44.4507
49.6784,38.9746,46.626
32.6951,41.7369,45.2332
44.515,23.7861,45.8091
44.1366,49.4202,47.2772
24.5238,31.3875,46.7109
52.1857,31.9284,45.4776
32.7252,49.2605,46.1131
35.2329,25.6665,43.9341
50.1364,44.268,46.1533
30.3652,36.4422,45.1359
43.589,29.8434,44.3416
39.5052,51.4062,47.2813
29.8247,29.7543,45.3153
51.364,36.3177,46.0229
30.6694,44.9959,45.8155
40.3542,23.6709,44.5832
47.3319,48.879,46.9356
26.0283,34.2178,45.5061
48.8971,32.6578,45.0352
34.9706,52.2308,47.7615
34.2781,28.683,43.6267
51.608,41.0155,46.8852
32.4896,39.5466,45.5013
43.3718,25.992,44.6177
42.2693,48.4241,47.887
26.2399,28.8536,46.8562
53.7173,34.5903,45.8786
30.7544,48.3382,46.8503
36.3372,23.3728,45.3498
49.5994,46.6251,46.8395
28.4408,36.897,45.4895
44.8733,31.9539,45.2078
38.8398,52.4884,47.43
32.2599,31.391,44.8944
49.4999,37.427,46.7763
32.4835,43.2143,45.9847
42.672,22.534,45.7784
45.7077,49.5506,47.0868
26.115,31.9307,45.8128
50.2688,32.0284,44.5839
33.3554,50.7555,47.1382
34.364,26.3804,44.3325
50.7469,43.4186,46.4169
31.597,37.4447,45.6049
42.7447,28.282,44.617
39.9382,49.8286,47.9199
29.2798,29.1112,46.1931
53.2045,37.0455,45.9485
29.6711,45.8395,47.0121
38.6786,23.7247,44.8746
49.0103,48.569,47.5706
25.8138,35.863,46.3345
46.7751,33.2181,45.4847
36.7774,52.5083,47.7755
34.9343,30.3331,44.6762
50.5675,39.7498,46.7423
33.3429,41.189,45.8024
43.5157,24.6703,45.5713
43.3558,48.9443,47.8091
25.169,30.3698,47.072
52.8466,32.7305,45.8903
32.6276,48.2394,46.1785
35.8245,25.0486,44.6105
49.5612,45.196,46.6082
29.7279,36.0294,45.939
43.9511,30.3809,45.2566
40.1625,52.0701,47.7903
30.8572,29.86,45.4912
50.6427,36.9062,46.6229
31.3928,44.2449,46.1641
41.1877,23.8977,45.2538
46.8018,49.4759,47.7022
26.8262,33.5352,45.2935
49.1507,31.5858,45.1523
34.4218,51.3934,47.6284
34.3625,28.0789,44.4898
51.6814,42.0559,47.1897
32.3245,38.6123,46.0696
42.6735,26.693,44.7843
41.3629,49.1333,47.9773
27.4452,29.1388,46.8977
53.1335,35.393,45.7013
30.1329,47.802,47.7627
37.3346,23.3186,45.8433
49.8851,47.4682,47.5121
27.5768,36.9008,46.1374
45.8943,31.9782,45.2901
37.8738,52.3258,47.7704
33.1951,31.5947,45.3362
49.1148,38.4724,47.4009
33.4052,42.5799,46.4203
43.4423,23.306,46.4913
44.9873,50.0096,47.7309
25.7082,31.3637,46.6627
51.0565,32.0459,45.7557
32.9708,49.8037,47.0351
34.7803,25.6851,45.0873
49.5252,43.6617,46.7372
30.9773,36.7608,46.105
43.6124,28.8839,44.8668
40.3962,50.9427,47.4344
30.2545,29.5035,46.3499
51.885,37.4465,46.5514
30.3021,44.8011,46.9974
39.615,23.2627,45.6626
47.8984,48.9209,47.8678
26.3932,34.5687,46.5274
47.7875,32.9201,45.8854
36.0022,51.8839,47.4608
34.8695,29.1136,45.2631
50.4064,40.8331,46.905
32.6615,40.4918,45.9896
43.7436,25.6906,45.6188
42.4779,49.4976,48.2446
25.9564,29.8621,46.6117
52.9033,34.1103,46.3121
31.7799,48.0191,46.9814
35.9608,24.4015,45.6225
48.8581,45.8395,47.3405
28.7192,36.17,46.2758
44.4855,31.1412,45.843
39.6892,52.9774,48.1706
31.4552,31.0473,45.7046
50.3801,38.1428,46.8325
31.5932,43.1943,46.6018
41.5107,22.9995,46.1927
45.8057,49.5083,48.1463
27.1044,32.4913,46.011
50.1558,31.5291,45.5486
33.6496,50.6877,48.2165
34.0305,27.2619,45.1406
51.3008,43.1994,47.3791
32.1897,37.7077,46.668
43.2994,27.3426,45.3134
40.6346,49.3064,48.7226
28.9201,29.4202,47.105
53.5518,36.2456,46.6776
30.0571,46.6725,47.5989
38.4122,23.2959,45.8662
49.5426,47.7766,48.4308
26.8113,36.2682,46.8445
46.1896,32.4349,46.2163
37.2323,51.3406,47.7943
34.4434,30.9885,45.5703
49.7969,39.8981,47.4468
32.4563,42.0696,46.4782
43.7964,24.343,46.5298
43.871,49.7879,48.2735
25.2176,31.4878,47.7425
51.4887,33.0856,45.5844
33.3898,48.8261,46.8469
35.7135,26.1158,44.9292
50.3272,44.1925,47.202
29.9385,37.1569,45.9199
43.3725,29.5745,45.5899
39.6958,51.1747,48.327
30.2485,30.5307,45.9858
51.4565,36.2801,47.3777
31.6942,45.1559,46.6561
40.1203,24.4084,45.4884
47.3562,48.0401,47.6398
27.2138,34.1295,46.0462
48.144,32.0122,45.3452
35.2802,51.6523,48.5587
33.6875,28.7157,45.0351
51.3718,41.1821,47.8691
33.0072,39.6693,46.4737
42.883,26.3508,45.7948
41.9756,48.9482,49.0366
27.0135,29.9933,46.4571
52.3339,34.7433,45.751
31.2307,47.9713,47.8737
37.0332,24.373,45.4582
49.7072,46.3962,47.9292
28.4967,37.0635,46.7157
45.5851,30.961,45.4828
38.7333,51.7663,48.3786
32.5145,31.1615,46.0489
50.006,37.9481,47.7379
32.639,43.0877,47.1827
42.3652,23.7016,45.8755
45.2416,48.6132,48.0551
26.1532,32.5109,46.6314
50.1427,32.6426,45.7226
34.1957,49.8008,47.5101
35.1319,26.6804,45.4645
50.2471,43.1734,47.3705
31.0869,38.0415,46.3564
43.0861,28.2748,45.7505
40.6407,50.369,48.4763
29.3488,30.211,46.4656
52.457,36.3566,46.4586
31.0526,45.8821,47.1397
39.1472,24.3026,45.8637
48.3716,47.9318,48.0347
27.309,35.3957,46.333
47.1799,31.9837,45.7517
36.4242,51.7467,48.562
34.0509,29.933,45.5301
50.8916,40.0128,47.7027
32.9024,41.0455,46.8885
43.011,25.2843,46.3033
43.2911,49.043,48.9705
26.2336,30.7191,47.3587
52.0341,33.4313,46.348
32.46,48.5015,47.7103
36.4597,25.4714,45.5081
49.4017,44.9767,47.7132
29.5074,36.6463,46.7757
44.6595,30.0722,46.0612
39.7455,52.1101,48.7551
31.3465,30.3656,46.499
51.0987,37.3508,47.5075
31.9107,44.1661,47.1287
41.363,24.1822,46.3009
46.5575,48.7191,48.3605
26.6921,33.4722,46.6791
49.2915,32.1488,46.0241
34.9045,50.44,48.4273
34.8334,28.0503,45.407
50.7854,42.2609,47.7647
31.6337,38.9929,46.783
42.82,27.3286,46.3481
41.6144,49.9807,48.8259
28.0261,30.2192,46.7741
52.9468,35.1416,46.7955
31.1147,46.9115,47.4735
38.0519,24.2577,45.9501
48.687,46.9433,48.0867
27.7831,36.3384,47.0814
46.2474,31.4008,46.0816
37.6962,51.8339,48.8167
33.5147,30.6916,46.109
50.2022,39.0097,47.8409
32.7142,42.0402,47.597
42.8431,24.2212,46.8895
44.846,49.3806,48.7959
26.2243,31.7939,47.4843
51.1383,32.8947,46.5931
33.3471,48.9844,47.9579
35.4322,25.9773,46.3147
49.5166,43.8104,48.0446
30.4491,37.3234,46.94
44.1512,28.7521,45.9452
40.4834,51.3789,49.0502
30.2801,30.3264,47.0711
52.3438,36.8434,47.4796
31.3324,44.994,47.6797
39.9122,23.8732,46.5089
47.5864,48.2341,48.7353
27.2876,34.4137,47.1228
48.185,32.0582,46.432
36.032,50.8149,48.8431
34.0107,29.047,46.137
50.2433,41.0676,48.0131
32.128,40.1392,46.8369
43.4186,26.2434,46.6691
42.8966,50.0611,49.1938
27.0178,30.0552,47.5826
52.0356,34.4259,46.7609
32.361,47.2819,47.736
37.3154,25.0511,46.2393
49.0088,45.9224,48.5947
28.7902,35.8191,47.3046
45.6303,30.5442,46.4617
38.8091,52.0453,49.4419
32.3818,30.2766,46.7708
50.8703,38.2908,48.1464
31.8095,43.2406,47.8366
41.9186,23.603,47.0588
45.7683,49.2942,49.2946
27.042,32.6287,47.3427
50.1776,31.9621,46.5948
34.3625,49.3421,48.4999
35.1584,27.2746,46.4346
50.4047,43.1281,48.4538
31.5179,37.9711,47.587
43.7795,27.781,46.4301
40.7913,50.2786,49.7036
29.1322,30.4016,47.5886
52.686,35.8721,47.5778
30.7815,46.2587,48.2494
38.8906,23.8959,46.9113
48.1497,47.3743,48.871
26.8158,35.3004,47.3825
47.0206,31.7925,46.7471
37.1279,50.9967,49.1115
34.3313,30.3904,46.797
50.0938,39.9001,48.5193
31.6989,41.3078,47.2194
43.1766,25.0968,47.5957
44.1275,49.8986,49.4776
26.1981,30.9487,48.3896
51.1956,33.8543,47.1882
33.1426,47.9165,48.4431
36.397,25.6486,46.7797
49.0056,44.6324,48.747
29.9248,36.6953,47.7699
45.2411,29.2692,46.5846
39.676,51.7152,49.9818
31.301,29.7813,47.4043
51.8852,37.8133,48.073
31.592,44.2361,48.2942
40.8387,23.4827,46.9911
46.7779,48.933,49.4334
27.3186,33.8047,48.0656
49.0799,31.4881,47.1047
35.7486,49.606,48.6725
34.8977,28.397,46.6945
50.3424,41.9346,48.7918
31.6908,39.0415,47.8767
43.2328,27.2567,47.3776
41.9416,50.1208,50.0404
28.1617,30.1842,47.9844
52.749,34.8507,47.8893
31.8318,46.579,48.369
37.8745,24.2059,47.1484
48.4714,46.5428,49.508
27.9228,35.4938,47.7114
46.6438,30.7821,46.9174
38.0332,51.3448,49.6151
33.4065,30.3481,47.2978
50.3409,38.9173,48.9224
31.3832,42.3119,48.0213
42.2517,24.3485,47.9482
45.2265,50.1107,49.6721
27.0144,31.8975,48.1435
50.4715,32.9787,47.4864
33.9042,48.5506,48.9126
36.1468,26.7015,46.8943
49.6827,43.9311,49.2876
30.1377,37.729,47.8704
44.648,28.2792,47.005
40.6351,51.7494,50.2808
30.421,30.6071,48.3194
51.7912,36.7397,48.4256
31.4108,45.3809,48.6713
39.8197,23.4955,47.6255
47.1723,48.0198,49.901
26.5904,34.5598,48.1013
47.9311,31.4607,47.2765
36.7321,49.9453,49.0982
35.0976,29.3859,46.6782
50.183,40.7839,49.2097
31.8369,40.3146,48.0155
43.3355,26.3202,47.8967
43.3436,50.3332,50.1203
27.3278,29.9307,48.7735
51.6861,34.5385,47.849
32.608,47.3472,49.1215
37.21,25.1072,47.3656
48.5392,45.4966,49.6973
28.4881,36.4368,48.1299
45.674,29.8811,47.4869
39.0476,50.8941,49.645
32.4013,29.5805,47.6724
51.5004,38.5403,48.935
31.1196,43.2892,48.9681
41.1688,23.9632,47.8852
46.2237,49.5822,50.1612
26.9317,32.795,48.7285
49.8431,32.0228,47.7817
35.4029,48.7302,49.373
35.6626,27.8396,47.1684
49.6551,42.837,49.3015
30.747,38.5423,48.3865
43.4867,28.2676,47.5643
41.473,51.0531,50.3308
29.4787,30.0658,48.6416
52.6257,36.1477,48.5679
31.2602,46.308,49.3107
38.2359,23.7534,48.0531
48.0511,47.3431,50.1341
26.938,35.484,48.4276
46.9918,31.4872,47.77
37.2121,50.2771,49.9679
34.184,29.4334,47.3259
50.5269,39.8075,49.6245
31.7698,41.344,48.3366
42.3302,25.8971,47.7659
44.3899,50.4568,50.377
26.9819,31.1086,49.0782
51.0478,33.5069,48.3358
33.5135,47.6719,49.3853
36.7795,26.0743,47.7202
48.9855,44.6065,50.1765
29.4003,37.3718,48.4924
45.3282,28.8452,47.5654
39.7784,50.9778,50.7293
31.4872,29.7741,48.5189
51.8261,37.4719,49.1788
31.7206,44.3418,49.4819
40.3026,24.6214,48.2522
46.5037,48.6478,50.5555
26.4699,33.872,48.8881
48.711,31.9879,48.0288
35.7979,49.8923,49.6868
35.7826,28.8896,47.3133
50.3386,41.7237,49.8571
31.4115,39.5245,48.7879
42.751,27.7706,48.199
42.4636,50.8107,50.5928
28.4619,29.924,48.9448
52.1294,35.0517,48.7473
31.2825,47.2611,49.7971
38.0296,25.008,47.9536
47.7141,46.1001,50.3417
27.8095,35.9477,48.7111
46.5804,30.3754,48.041
38.3775,50.4621,50.5784
33.3502,29.0412,47.9668
50.9022,38.8724,49.7975
32.0245,42.4066,48.9282
41.4005,25.0825,48.3916
45.147,49.4037,50.5427
27.5009,32.0888,49.268
49.9618,33.3464,48.3971
34.2864,48.4724,49.8939
36.6527,27.0652,48.211
49.3395,43.3867,50.1742
29.2664,38.5427,47.9853
44.249,29.0307,47.5829
40.8991,51.1388,51.2099
30.4725,29.3634,48.5402
51.5856,36.4568,49.4438
32.0609,45.3618,49.5016
39.1081,23.3179,48.4935
47.4983,47.6955,50.9717
26.3067,34.8894,49.1835
47.9591,31.1627,48.3362
36.7015,49.1346,49.8923
35.0677,29.4618,47.9214
50.5895,40.6191,50.2934
31.8445,40.4818,49.1625
42.565,26.7224,48.566
43.7345,50.3409,51.1972
27.6644,30.4762,49.6476
51.0412,35.0189,48.7495
32.4351,48.0949,49.8204
37.0635,25.2856,48.4101
48.1882,45.0721,50.7925
27.9627,37.2385,48.495
46.2744,29.1748,48.0205
39.526,49.9571,50.2625
32.3622,29.045,48.6635
51.7997,38.3734,49.9551
32.2431,43.3575,49.3822
41.3348,24.1363,48.9656
46.0598,49.2969,51.2901
26.3586,32.9726,49.6128
49.4926,32.3838,48.7538
34.9783,49.2406,50.2475
35.9154,27.9948,48.2118
49.8829,42.5274,50.4429
30.2207,39.5075,48.6109
44.1986,28.2432,48.3513
41.891,50.7808,51.4948
29.9957,29.6317,49.5464
52.6587,36.0545,49.8051
32.0992,46.3351,50.0506
38.7753,24.4372,48.8745
48.1221,46.9929,51.3872
26.5794,35.988,49.2769
46.8369,30.8711,48.9475
37.7201,49.6066,50.6618
34.1148,29.8113,48.3572
50.4901,39.6364,50.8179
32.4514,41.4428,49.1767
42.2533,25.715,48.8704
44.0066,49.372,50.75
27.5585,31.4536,50.1698
50.4666,34.0415,49.19
33.463,48.0047,50.4849
36.3428,26.2609,48.8296
49.2471,44.3039,51.1726
28.6269,38.0874,48.7092
44.9531,28.8877,48.5742
40.2027,49.9693,51.0778
31.2674,29.0507,49.2857
50.9932,37.3478,49.9521
32.794,44.3469,49.6782
39.9163,23.847,49.025
46.9346,48.4682,51.564
26.6535,34.0274,49.9328
48.8249,31.5754,49.0588
36.0627,49.2362,50.6869
36.1167,29.1916,48.3136
50.1366,41.4843,50.8446
30.6737,40.3175,49.1004
43.5011,27.2161,48.9629
42.7955,50.0743,51.4772
28.8133,30.0676,50.1506
51.7096,35.4148,49.7046
32.0767,47.3485,50.5728
37.9824,25.3396,49.0162
47.9054,45.8789,51.4472
27.5577,36.4721,49.5936
46.3485,29.7776,48.9754
38.8156,49.2882,50.8846
33.4251,29.3533,49.1379
51.5467,39.2504,50.6536
32.7982,42.3543,49.6296
41.6302,25.0695,49.4862
44.9958,48.8472,51.3934
27.3274,32.5014,50.2134
50.5168,32.8076,49.5402
34.4096,48.362,50.9154
35.9446,27.3261,49.16
49.1265,42.901,51.1635
29.4068,38.6368,49.2719
44.0544,29.3683,48.951
40.6155,50.4978,52.1329
30.4433,28.6958,50.0397
51.5522,36.4888,50.5092
32.5777,45.2166,50.4212
38.9628,23.7728,49.7035
47.8052,47.8283,51.9784
26.3423,35.3663,50.1895
48.1151,30.8168,49.3267
37.1052,48.7327,50.8019
34.9394,29.2196,49.0051
49.9577,40.5566,51.307
30.7925,41.2177,49.6806
43.2002,26.2495,49.4044
43.4405,49.5873,52.2711
28.6307,31.1536,50.4681
50.858,34.5586,50.0025
32.4657,48.1919,51.1499
37.0754,25.835,49.4637
48.5739,45.0295,51.8879
28.8019,37.1766,49.5956
45.9763,28.7674,48.9942
39.3579,49.8262,51.7203
32.3584,29.7831,49.5527
51.1089,38.1731,50.7814
32.8712,43.5548,50.3967
40.6653,24.7208,49.6
45.8165,48.3002,51.9663
26.5967,33.3463,50.7478
49.3688,32.1216,49.8077
35.1583,49.2476,51.3513
36.4027,28.2533,49.275
50.0207,42.4914,51.556
29.7621,39.7481,49.7486
43.2922,28.2619,49.0718
41.5511,49.7009,51.8108
29.4335,29.0959,50.5405
52.1635,35.59,50.6058
31.8481,46.4953,51.1437
38.6274,25.0289,49.8918
47.8248,46.6418,52.3254
26.8637,36.3331,50.5653
47.3872,30.0566,49.5432
37.9522,48.8363,51.3413
34.4899,30.1031,49.3917
51.2431,39.9952,51.4312
31.7163,41.7665,49.9492
42.4915,25.6403,49.9129
44.0097,48.708,51.8897
27.3614,31.6008,51.149
50.0042,33.6367,50.1392
33.4326,48.3739,51.4915
36.7355,26.861,49.68
48.8427,43.7109,51.8854
28.6292,38.2055,49.9329
45.1315,29.1294,49.6185
40.4136,49.4416,52.2837
31.3341,29.5676,50.3123
50.8175,37.0257,50.9862
32.9928,44.4572,51.0112
39.9418,24.1049,50.1161
46.492,47.6699,52.3885
26.9942,34.632,50.7788
48.4672,31.5662,50.1609
36.3323,48.6937,51.588
35.9123,29.3567,49.4669
50.7758,41.5974,51.6425
30.5981,40.2098,50.3385
43.9729,26.8787,49.7974
42.5178,49.2311,52.1751
29.5511,30.6149,50.745
51.4258,34.7422,50.8038
31.8126,47.4481,51.816
38.3858,26.1264,49.8769
47.6774,45.6212,52.5972
27.8103,36.8628,50.6757
46.6103,29.3341,49.9254
39.0783,48.8429,51.97
33.611,29.8918,50.026
50.6369,38.6608,51.5986
32.2819,42.6116,50.5095
41.3437,25.2651,50.5244
44.8249,48.0879,52.2149
27.158,32.6872,51.369
50.0246,32.6693,50.6688
34.2614,48.7634,52.1252
37.0021,27.7828,50.1232
49.3714,42.7505,52.2725
29.3848,38.9381,50.3898
44.0954,28.6057,49.9054
41.2764,50.1943,52.9845
30.404,28.8725,51.0393
51.1549,36.0661,51.397
32.349,45.3972,51.4294
39.1252,24.3832,50.6746
47.4339,47.4893,52.971
26.7297,35.5431,51.2895
47.6189,30.8859,50.2103
37.4129,47.8066,51.696
35.7621,30.373,49.8311
50.3209,40.376,52.3373
31.1344,41.1186,50.8873
43.6118,25.895,50.4309
43.2181,48.7598,52.8823
29.0449,31.512,51.4089
50.8638,33.697,50.8275
32.7735,47.8897,52.2542
37.3287,26.3702,50.3485
48.3426,44.3292,52.8675
28.9578,37.3639,50.7336
46.1977,28.3336,49.9679
39.4131,49.474,52.7657
32.7102,29.3637,50.594
50.5655,37.6543,51.947
32.3677,43.6143,51.2934
41.183,24.0827,50.6117
45.5946,47.6308,52.9618
27.5509,33.647,51.0473
48.7499,32.008,51.2309
35.4716,48.4631,52.2135
36.3541,28.9885,50.3747
49.6005,41.6573,52.6749
29.6978,39.8635,50.8681
43.913,27.7623,50.5393
41.4828,48.9402,52.7157
29.9309,29.7863,51.4366
52.0541,34.964,51.6029
32.165,46.3816,52.2452
38.5561,25.181,51.1045
48.2223,46.4372,53.2635
27.7299,35.8642,51.145
47.6967,29.7096,50.5413
38.4456,47.8558,52.6002
34.6044,30.3032,50.446
50.7998,39.3941,52.3975
32.0958,41.7005,50.9998
42.5914,25.4055,50.9781
43.6736,47.9002,52.6824
27.9686,31.8649,52.025
49.545,33.7183,51.1734
33.5293,48.5192,53.0001
36.7285,27.1462,50.9226
48.8891,43.3524,53.0887
28.5372,38.5637,51.0806
45.0583,28.1527,50.4794
40.2498,49.2215,53.5406
31.6264,29.0161,51.2463
51.2462,36.8654,52.1592
32.5439,44.2682,52.1087
40.0361,24.0988,51.0912
46.4434,46.898,53.1857
27.2546,34.6444,51.8776
47.6618,31.6734,51.0706
36.5774,48.0585,52.3521
35.4104,29.549,50.5517
50.6375,41.3214,52.6805
30.4898,40.2754,51.4899
43.9519,26.6323,51.0661
42.3306,48.8633,53.4163
29.101,30.4113,51.743
51.1092,34.5302,51.8272
31.9898,47.1849,52.8788
38.6045,26.3751,50.9713
48.5553,45.3248,53.451
28.1235,36.8197,51.7151
46.9765,28.7248,50.8184
39.3301,48.3692,53.108
33.657,29.9242,51.1389
51.4052,38.5212,52.2574
32.9033,42.5236,51.4473
41.9051,24.7108,51.3143
44.5233,47.4672,53.209
28.228,32.945,51.9628
48.8485,33.0477,50.7726
34.6726,47.7905,52.6427
36.8386,28.1738,51.0807
49.4365,42.6197,53.6069
29.4809,38.7633,51.6109
44.1206,28.7059,50.9547
41.0862,49.6997,53.9049
30.8597,29.2631,52.0761
51.6693,35.8972,52.2988
32.0756,45.2704,52.5998
39.4086,24.7501,51.5717
47.3114,46.7457,53.8515
27.3402,35.7168,52.2034
47.7002,30.5521,51.4673
37.4194,48.1027,53.0547
35.3701,30.8388,50.9053
51.2923,40.3036,52.8246
31.6356,40.7965,51.8633
42.7209,26.631,51.3159
42.5299,47.7761,53.0569
28.6389,31.1185,52.3875
50.3083,33.5852,51.8725
32.9428,47.745,53.3532
37.7387,27.0347,51.0615
48.6736,44.1905,54.0685
28.86,37.5588,51.7934
45.9155,28.8654,50.9457
39.1136,49.0009,53.9392
32.6111,30.1031,51.4556
51.6286,37.5908,52.9314
32.1709,43.1855,52.263
40.9832,24.0802,51.6856
45.3489,46.7189,53.5043
28.2431,34.0825,52.1354
47.9069,32.6022,51.6053
35.7231,47.6202,52.935
36.0898,28.8378,51.4993
50.3131,41.9496,53.6275
29.9207,39.5736,52.0298
43.4851,27.5808,51.5253
41.9759,49.292,54.3148
30.1087,29.8882,52.5546
51.6847,34.6922,52.6963
31.6605,46.0192,53.1348
39.0182,25.7275,51.8495
48.1437,46.0101,54.2625
28.3786,35.7634,52.3625
47.1689,29.5861,51.5277
38.5028,47.8978,53.7117
34.408,30.1111,51.9038
51.3249,39.2858,53.3355
32.1525,41.631,52.3998
41.7636,26.0421,51.6125
43.3213,46.9295,53.0933
28.9746,32.3004,52.3443
48.6223,33.889,51.6673
34.2558,48.1851,53.8076
37.004,27.2803,51.9642
49.3603,43.4241,54.185
28.5731,38.4461,52.3345
45.0209,28.5986,51.6667
40.2692,48.6748,54.5086
31.8056,29.519,52.2819
51.5777,36.5965,53.2185
31.8446,44.2305,52.9594
40.3703,24.7066,52.2827
46.1734,46.276,54.0571
27.7721,34.8645,52.7662
47.4001,31.4478,52.3409
36.709,47.1488,52.9902
35.5922,29.7434,51.7132
50.7888,40.9863,53.7062
31.0889,40.0383,52.4703
43.4488,26.7072,52.105
41.8209,47.8847,53.9267
29.161,30.5076,53.1772
50.5367,34.3297,52.6956
32.3231,46.8981,53.8465
38.2802,26.6548,51.9739
48.8971,45.1187,54.7305
29.3347,36.3543,52.1898
46.5971,28.6519,51.759
39.5647,47.8795,54.154
33.5861,30.7801,52.0867
50.7698,38.1959,53.2675
32.838,42.3998,52.6739
41.7642,25.1062,52.4441
44.0691,46.7306,53.979
28.9777,33.451,52.5017
48.9574,32.8288,52.2042
35.1839,47.8437,54.1519
36.714,28.1535,52.4867
50.2097,42.7325,54.384
29.412,39.011,52.7171
43.9202,28.4787,51.9545
41.0354,49.2862,55.0142
30.9067,29.2113,53.2585
51.6083,35.525,53.4785
31.8528,45.0866,53.5892
39.4786,25.1376,52.5795
47.1409,45.7233,54.4392
27.7224,35.8747,53.4038
47.2859,30.4218,52.432
37.8248,47.1516,53.3306
35.2718,30.7993,51.9786
50.43,39.9827,53.8572
32.0178,40.5219,52.7933
42.4599,26.9612,52.2705
42.7027,47.1959,53.875
29.2183,31.63,53.2594
49.3735,34.5177,52.6258
33.5006,47.0608,53.9918
37.1024,26.3092,52.3914
49.3689,44.1612,55.0525
29.0138,37.6161,52.8803
45.6806,29.4024,51.8152
39.2665,48.3459,55.0338
32.4737,30.2754,52.5651
50.4712,37.0856,53.3754
32.372,43.2177,53.2772
41.0059,24.279,53.0083
44.9714,46.0337,54.36
28.8206,34.5766,53.0147
48.2649,32.2349,52.6929
36.1773,47.0913,53.9087
36.2607,29.146,52.7263
49.709,41.7181,54.6457
30.324,39.7369,53.1545
44.2867,27.4374,52.2856
41.9795,48.3629,55.1163
30.2397,30.0171,53.738
51.0762,34.5613,53.6869
31.949,45.9782,54.302
38.7501,26.0413,52.8926
47.8534,44.8361,54.1185
28.5776,36.4407,53.223
47.3394,29.4528,52.6618
39.0369,46.9651,53.5788
34.4519,30.5793,52.8845
50.3836,38.9215,53.8545
32.8292,41.4061,53.2443
42.014,26.0939,52.8626
43.1408,46.0074,53.8124
29.1974,32.6919,53.4037
48.8905,33.5555,52.9506
34.5674,46.88,53.8307
36.0562,27.1442,52.4138
49.472,43.0741,55.2148
28.7327,38.6575,53.4954
44.5668,29.3191,52.3702
40.1461,48.8302,55.5709
31.9462,29.732,53.5649
50.3239,36.0502,53.1753
31.8921,44.1393,54.0761
40.0448,24.6902,53.4988
46.0557,45.441,54.7325
28.413,35.1539,53.8885
47.8092,31.084,53.3376
37.1178,46.4063,53.5776
35.4907,29.9545,52.7227
49.8111,40.5218,54.5914
31.1931,40.6384,53.4729
43.2594,27.4494,52.8035
42.0132,47.279,54.7466
29.9764,31.1268,53.8674
49.9557,34.2942,53.6144
32.9537,46.4046,54.542
37.7687,27.162,52.8215
48.1087,44.3652,55.0425
29.5326,36.8307,53.5344
46.0262,28.9716,52.7796
39.1172,47.0486,54.6401
33.1631,30.9765,53.0604
49.8978,37.9788,53.7049
32.858,42.4282,53.7833
41.8512,25.1251,53.5334
43.9563,45.47,53.9546
29.1758,33.8312,53.6611
48.9701,32.6526,53.4012
35.3842,46.8409,54.5491
35.6322,28.197,52.5382
49.9033,42.1958,55.6126
29.536,39.3413,53.8434
44.4618,28.3598,52.9175
41.1416,48.4266,55.7488
31.3224,29.687,54.3852
50.8557,35.6624,54.3953
31.4531,44.9079,54.7121
39.6453,26.0598,53.5157
46.7067,44.7913,53.9826
28.1353,36.066,54.5899
47.384,30.1433,53.6829
38.1586,46.4016,54.1066
35.3672,30.9861,53.1219
49.4603,39.5061,54.2541
32.194,40.8548,53.8317
43.0587,26.4379,53.1466
42.5907,46.394,54.6113
29.9927,32.1437,53.9131
48.9132,34.5584,53.6508
33.9362,46.1057,54.3193
36.8585,26.791,53.3471
48.498,43.4536,55.4905
29.2358,37.8229,53.9454
45.3768,29.8908,52.715
39.3315,47.4717,55.5643
32.9238,30.1309,53.6183
49.4356,37.0058,53.7992
32.603,43.4934,54.5611
40.8571,25.0443,54.1547
45.0375,45.0179,54.5525
29.5467,34.8654,53.8291
48.6274,31.7092,53.7496
36.0497,46.0668,54.1417
35.3473,29.221,53.4598
49.6871,41.1025,55.4769
30.2933,40.1808,54.1922
44.2725,27.403,53.6338
41.2366,47.398,55.6264
30.9929,30.7666,54.1408
50.0726,34.9476,54.5168
32.5726,45.5625,55.2609
38.8258,26.9854,53.4992
46.8609,44.3101,55.0984
29.1544,35.8697,54.1318
46.7955,29.2899,53.9385
39.1681,45.9081,54.5325
34.4015,31.3594,53.6478
49.8662,38.4933,54.8042
33.044,41.5258,54.3092
42.5358,25.7908,53.9128
43.395,45.5105,54.7918
29.66,33.1044,54.3047
48.4496,33.6151,53.9463
34.6487,46.3191,55.2354
36.035,27.6693,53.3925
48.8993,42.6182,56.0164
29.0467,38.7257,54.554
45.135,29.1011,53.3765
40.2674,47.8426,56.402
32.6447,29.4555,54.3966
50.001,36.2149,54.2941
31.6897,43.9702,55.131
39.9526,25.5721,54.5463
45.9071,44.3268,54.6433
28.7663,34.8641,54.8003
48.1823,30.7267,54.4479
37.437,45.6509,54.4257
35.5983,30.1579,53.8244
48.8908,40.3185,55.1852
31.435,40.2822,54.4058
43.6122,26.6886,54.0261
41.5537,46.3328,55.3236
30.8363,31.8104,54.5039
49.3539,34.0842,54.5919
33.5625,46.0543,55.3507
37.8013,26.6046,53.9586
47.5437,43.842,55.8644
28.9969,36.9333,54.5149
45.9616,30.0888,53.6903
39.3307,46.3133,55.5444
33.8132,30.396,54.1321
48.9895,38.0199,54.2695
32.9116,42.4801,54.8444
41.4797,25.9844,54.0487
44.0427,44.6455,54.8216
30.2364,34.0256,53.9457
48.1537,32.4831,54.2374
35.9243,46.2806,55.3067
35.2801,28.2424,53.9905
49.4772,41.5662,56.419
29.6427,39.7694,54.9339
44.6387,28.2528,53.9633
41.3859,47.6495,56.6814
32.0046,30.2727,54.949
50.4836,35.573,55.431
31.9296,44.8674,55.8258
39.7901,26.8131,54.3928
46.4999,43.4403,54.5281
29.0368,35.8832,55.3239
47.6326,29.8494,54.7958
38.2682,46.0407,55.1789
35.1883,31.0792,54.2964
49.6808,39.3876,55.5135
32.4055,40.4502,54.8447
42.4758,27.3044,53.877
42.2831,45.493,55.1932
30.6335,32.9253,54.5377
48.3212,34.6772,54.6564
34.2507,45.1771,55.1246
36.7664,27.5111,54.5457
47.979,43.0415,56.5915
29.781,37.9415,54.9227
44.892,30.0884,53.6083
39.7134,46.8394,56.3538
33.6498,29.53,55.0498
49.561,37.2266,54.8598
32.1124,42.8543,55.517
40.9632,25.93,54.9631
45.147,44.2803,55.4642
29.8895,34.4904,54.7882
48.2773,31.6593,54.9667
36.5893,45.2654,55.107
35.4018,29.2995,54.5254
49.3446,40.2853,56.296
30.6876,39.9342,55.1823
44.2495,27.4405,54.7364
40.9851,46.504,56.2074
31.7376,31.4117,54.7175
49.4803,34.8969,55.5066
33.009,44.7466,55.8542
38.6473,26.5818,54.631
46.5271,43.414,55.6185
29.8359,36.4013,54.8152
46.3468,29.7485,54.9383
38.9303,45.2725,55.6213
34.7367,30.1033,54.9068
49.1927,38.412,55.5744
32.8553,41.4703,55.3478
41.9977,26.6829,54.7788
43.0115,44.6726,55.3518
30.0429,33.4104,55.226
48.005,33.5045,54.8966
35.5084,45.1783,55.4365
36.4077,28.5107,53.9424
48.3784,42.1123,56.9259
29.4295,38.8256,55.5301
44.3876,29.287,54.168
40.3501,46.9857,57.2544
32.8747,30.0677,55.5678
49.5218,36.0521,55.8335
32.3055,43.7695,56.109
39.8201,26.2575,55.5832
45.3406,43.3552,55.1257
29.9235,35.4127,55.2566
47.3965,30.9865,55.3006
37.47,45.5645,55.768
35.937,30.5235,54.7695
48.4351,39.3858,55.5748
31.6683,39.9009,55.4572
43.0166,27.5119,54.825
41.8102,45.7197,56.1471
31.7214,32.4639,54.8172
48.547,34.027,55.7074
33.999,45.2326,56.2151
37.7472,27.2802,54.9755
47.2433,42.5112,55.6576
29.7034,37.1689,55.6554
45.3404,29.4973,54.636
39.6406,45.7678,56.3857
33.6793,30.7658,55.2504
48.5027,37.6268,55.1043
32.9261,42.3708,55.9724
40.9486,27.0806,54.8354
43.9871,44.8235,56.2092
30.9085,34.2013,55.035
47.3569,32.3402,55.1662
36.2256,45.697,56.1166
35.8578,28.3807,54.956
48.6348,41.0714,56.8252
29.9299,39.8404,56.2955
44.0224,28.5426,54.9018
41.313,46.461,57.3535
31.9923,30.7511,55.8803
49.4879,35.1713,56.5461
32.7513,44.4397,56.9565
38.9166,26.9249,55.7496
45.7398,42.4305,55.5579
30.0518,36.1283,56.0795
46.554,30.3333,55.7562
38.1098,44.8219,56.1947
34.8422,31.0998,55.4714
49.1474,39.0117,56.3621
32.4607,40.5756,55.8717
41.9429,27.9024,54.761
42.122,44.5784,55.9243
30.7028,32.4039,55.4578
47.5248,34.439,55.6519
34.5655,44.2429,55.7774
37.8043,28.0371,54.1899
47.3095,42.3102,57.0654
30.423,38.0341,55.8546
44.6192,30.2573,54.7156
39.0571,46.5251,57.2476
33.5503,30.2323,56.346
49.1558,37.1343,55.8872
31.9605,42.8774,56.637
40.6959,26.7276,55.885
44.1017,43.7336,56.0326
30.4769,34.7255,55.9031
47.6562,31.905,56.0624
36.5453,44.6723,56.2931
36.3417,29.4315,54.9661
48.239,40.3356,56.1102
31.0293,39.5194,56.2113
42.7823,28.5973,54.8065
40.9378,45.3956,56.7481
32.2774,31.9779,55.7349
48.4145,35.1156,56.0647
33.6418,44.0129,56.2726
38.9407,27.581,54.9565
46.3023,42.7852,56.3911
30.7139,36.927,55.3271
45.5174,30.4776,55.1646
38.328,45.7751,56.7883
34.531,30.2111,55.9048
48.2697,38.1165,56.0555
31.8867,41.6793,56.4298
41.7863,27.2558,55.7196
43.0896,44.205,56.3183
31.1278,33.5156,55.7253
47.6109,33.0944,55.949
35.4373,44.7146,56.3811
36.9522,28.5504,55.0406
47.6328,41.1688,56.4367
30.2319,38.7487,56.5517
43.7293,29.694,55.0079
40.2555,45.9024,57.4864
33.0469,31.1903,56.042
48.6109,36.1234,56.3753
32.864,43.258,56.927
39.8315,27.4525,55.6728
45.0665,43.2848,56.2236
30.8879,35.7262,55.6359
46.5467,31.4963,55.5993
37.3362,45.2391,56.9453
35.6375,30.422,55.7799
47.8441,39.3624,56.5092
31.7747,40.2443,56.5833
42.4518,28.1586,55.8275
41.767,44.7928,56.9186
31.5159,32.3875,56.2577
47.9107,34.1256,56.5794
34.1667,44.5939,57.1926
37.9618,28.3694,55.3113
46.6247,41.7121,56.5264
30.0374,37.6664,56.7364
44.7182,30.0163,55.8369
39.189,45.4633,57.3742
34.1235,31.2082,56.3746
48.0866,37.1873,56.5786
32.5814,42.3137,57.2862
40.8251,27.8062,55.7436
44.0348,44.1364,57.0898
31.5119,34.4727,55.9918
46.7167,32.4588,56.0737
36.1261,44.9645,57.3827
36.3388,29.1844,56.0419
47.7851,40.3097,57.1301
30.4801,39.6691,57.2354
43.2498,28.9574,55.6508
41.2977,45.3824,57.7298
32.0211,31.7823,56.9777
48.4874,35.2038,57.1635
33.8077,43.5216,57.2067
38.8579,28.1014,56.0293
45.4387,42.2625,56.5699
30.8196,36.7554,56.5163
45.3491,30.9062,56.0864
38.0669,44.6489,57.4262
35.0299,30.7833,56.764
48.2428,38.479,57.1621
32.2072,41.1111,57.4624
41.6539,28.2145,56.5546
43.0302,44.2986,57.4898
31.8713,33.5449,56.4904
46.9018,33.3739,56.7695
35.2076,43.8997,57.054
37.3509,29.0726,55.9519
46.814,40.7851,57.1999
30.7908,38.4458,57.3567
43.8421,29.671,56.2068
39.9522,44.8041,57.7069
33.4294,31.3477,57.1994
47.8797,36.2686,57.17
33.1744,42.8929,58.0024
39.7952,28.0622,56.6882
44.4583,43.0034,57.0746
31.7686,35.5457,56.2913
45.8155,31.9082,56.3458
36.9951,44.7514,57.9792
35.4817,29.6227,56.5216
47.7754,39.3262,57.7515
31.6357,40.2537,57.7673
42.5645,28.8934,56.6071
41.9744,44.5223,58.0804
32.4097,32.7175,56.8186
47.5419,34.2673,57.5478
34.863,43.9248,58.1182
38.419,29.148,56.0893
45.9818,41.7311,57.47
31.0366,37.398,57.5941
44.354,30.4895,56.85
38.9763,44.5324,57.8209
34.1358,30.5881,57.2449
47.4968,37.1828,57.5481
33.3923,41.8215,57.8581
40.7932,28.7985,56.4122
43.582,43.3402,57.7087
31.8165,34.4243,56.9617
46.6489,32.5194,57.2322
36.3318,43.9104,57.1854
36.6817,29.9924,56.6048
46.8003,39.6994,57.3449
31.4256,39.2087,57.8151
42.6525,29.8818,56.0302
40.8868,44.7283,58.5571
33.4287,32.3215,56.8366
47.3966,35.2983,57.21
34.2734,42.7692,58.0747
39.0966,28.8228,56.8783
45.1188,42.2965,57.6537
31.6602,36.3687,57.5835
44.9659,31.3758,57.037
38.0225,44.2499,58.3832
34.8166,29.8136,57.4775
47.2612,38.274,57.6844
32.5924,40.7963,58.3541
41.4038,29.2128,57.193
42.5576,43.4648,58.0957
32.8032,33.9137,56.9592
46.7293,33.3738,58.1027
35.9829,44.033,58.2383
37.8086,30.026,56.5945
46.0859,40.7483,58.1248
31.641,38.2033,58.2853
43.2874,30.4977,56.6141
39.726,44.4474,58.6359
34.2454,31.9601,57.3805
46.7925,36.2566,57.6498
33.5622,42.2702,58.796
40.1972,28.9188,57.3918
43.9522,42.2215,57.6349
32.3416,35.3423,57.1983
45.365,32.2684,57.3254
37.4658,43.6333,57.3932
36.0996,30.0638,57.534
46.8257,39.159,58.3781
32.269,39.658,58.4204
42.3695,29.8835,57.3713
41.7866,43.8074,58.8885
33.6644,33.3625,56.4439
46.3917,34.54,57.6791
34.794,43.1438,58.947
39.0283,30.021,56.4815
45.1326,41.336,58.4502
32.1213,37.2641,57.7694
43.8477,31.4572,57.0746
38.9072,43.8078,58.6324
34.7107,31.0709,58.1933
46.6825,37.1689,58.5266
33.6041,41.0507,58.7206
40.6403,30.1384,57.1579
42.9052,42.3482,58.2896
32.6151,34.843,56.3582
45.7436,32.9119,58.0754
36.3072,42.8968,57.7515
37.1821,30.3157,57.53
45.8485,39.6929,58.5078
32.4058,38.8887,57.385
42.315,30.8047,56.7628
40.6903,43.7929,59.3714
33.9496,32.9752,57.592
46.1091,35.4389,57.1072
34.7146,42.0654,58.6962
39.3114,29.6557,57.5428
44.5486,41.26,57.5014
32.5466,36.4619,56.9246
44.309,32.6511,57.2756
38.6254,43.322,57.6605
35.7741,31.0176,57.927
46.3283,38.2267,58.6211
33.1837,39.9543,58.7726
41.3046,29.8411,58.2724
41.5807,42.6827,58.0398
33.7644,34.4718,56.2929
45.511,33.8483,57.5133
35.96,43.0849,58.7784
38.2487,30.3457,57.565
45.1827,40.415,57.8186
32.803,38.0689,58.0818
42.9621,31.2131,57.5844
39.9678,43.3564,58.5667
34.5617,32.5816,58.3558
45.7348,36.5092,57.6164
34.3904,41.3486,59.5125
40.1247,29.7135,58.2102
43.3772,41.376,57.8808
33.3386,35.5984,56.3656
44.6627,32.7614,58.3487
37.3257,43.0794,58.3574
36.6024,30.3947,58.4101
45.7597,38.8517,59.1917
33.2377,39.4872,57.6981
41.8551,30.7794,57.8652
41.1913,42.9208,59.1552
34.1994,34.0599,57.19
45.4609,34.7564,58.2039
35.7763,41.9131,58.6849
39.2727,30.6752,57.3394
44.2469,40.4977,58.455
33.1696,37.1883,57.3659
43.2776,32.4131,57.0909
39.0296,42.7502,58.6324
35.34,31.9725,57.5924
45.6004,37.3741,58.369
34.1247,40.2678,59.2831
40.7276,30.8464,57.9279
42.1021,41.6209,58.017
33.7421,35.0407,57.1978
44.6173,33.8197,58.1704
36.8238,42.1445,58.2676
37.6152,30.7571,58.5758
44.9447,39.4825,58.9567
33.6748,38.3154,57.3039
41.9959,31.891,57.2588
40.0806,42.6106,59.4459
34.6341,33.6659,58.1988
45.0507,35.7348,57.4979
35.223,41.8663,59.7275
39.1371,30.2656,58.3939
43.7779,40.4687,57.4154
33.6387,36.6535,56.4766
43.6133,32.8461,58.1133
38.3128,42.2526,58.1115
36.3517,31.8813,57.2853
45.2552,37.9677,59.1774
34.247,40.0862,58.1784
41.3538,30.7852,58.8226
41.957,42.0961,59.024
34.7181,34.8793,56.7761
44.4554,34.8281,57.7332
36.5822,42.1871,59.4497
38.2198,31.39,57.8952
44.4037,39.6149,57.9246
33.8779,37.6391,58.0663
42.7157,32.1684,58.0689
39.7536,42.1056,58.3933
35.2812,33.0632,57.5313
45.1476,36.3514,58.4711
34.9071,40.7784,58.7082
40.1415,30.8388,58.9199
42.8118,40.8264,58.6167
34.3737,35.8596,56.7781
43.624,33.8581,57.6844
37.6897,42.3371,59.0157
36.8683,31.6021,58.3072
44.6202,38.5325,58.5716
33.9733,38.9056,58.4352
41.6478,31.8621,58.4077
40.8741,41.8807,59.2164
35.2659,34.4882,57.5895
44.5827,35.3804,58.6008
36.2012,41.1884,59.6255
39.1627,31.3747,58.5107
43.3016,39.8936,58.1965
34.3682,36.8658,57.4224
42.5608,33.1043,57.434
39.146,41.984,59.2692
36.0571,32.5335,58.1757
44.5276,37.365,58.5326
34.8048,39.5929,58.8852
40.6009,31.8741,58.6459
41.9148,41.0374,59.235
34.6857,35.3561,57.7414
43.7895,34.5117,58.5228
37.1321,41.3714,58.985
37.9724,31.8062,58.8627
43.779,39.1794,58.837
34.783,37.977,57.6069
41.7252,33.0475,57.9361
39.9543,41.4675,59.7534
35.6698,33.6743,58.2129
44.0904,36.2907,58.3992
35.667,40.1295,59.4112
40.0904,31.5685,59.8466
42.5581,39.8966,59.0414
35.3969,36.1732,57.2043
42.7393,34.1628,58.3147
38.219,41.36,59.5343
37.1333,32.6868,58.3487
43.659,38.0453,58.9731
35.0667,38.6706,58.2887
41.1532,32.803,58.8352
41.0144,40.8867,59.7437
35.0798,34.608,58.6008
43.7132,35.6274,59.1719
36.5844,40.3877,58.9348
38.9721,32.1761,59.4422
42.7222,38.7912,58.6716
35.1225,36.8345,58.2369
41.6757,34.2266,57.714
39.2918,40.76,59.134
36.2461,33.1982,59.0636
43.8749,36.9427,59.2371
35.8511,39.0863,58.9755
39.9201,32.6475,59.2157
41.6916,40.0447,59.6533
35.2566,35.8661,58.7644
42.9682,34.6678,59.184
37.4925,40.543,59.6957
38.3164,32.826,58.7729
42.957,38.4562,59.7268
35.8179,37.7699,58.2798
40.7491,33.4367,58.1118
39.9296,40.3327,60.0462
35.6276,34.3768,59.5674
42.8926,36.3368,58.9618
36.7689,39.4711,59.6541
39.5682,32.7364,60.4139
41.6108,39.4749,58.7073
36.1367,36.2056,58.226
42.1229,35.0038,58.5844
38.3716,40.2453,58.8366
37.5063,33.1321,59.3364
42.6245,37.4557,59.0919
35.7258,38.1268,59.3692
40.4881,33.6163,59.1199
40.5077,39.8994,59.1022
36.1027,35.1168,58.6942
42.7138,35.4361,59.8686
37.4691,39.7751,58.8403
38.5827,33.1192,59.8123
41.842,38.5149,59.1984
35.4469,36.8507,59.2211
41.5245,34.125,58.9264
39.1712,39.6178,59.2069
36.7956,34.1963,58.8377
42.2768,36.6558,59.7889
36.6783,38.4692,59.2556
39.4284,33.7254,59.3356
40.8996,38.9531,59.4124
36.2625,35.9508,59.3681
41.7637,34.9929,59.5433
38.0809,39.5908,59.6972
37.9524,33.8001,58.6954
42.136,38.0038,60.0918
36.6715,37.2985,58.9308
40.7287,34.5737,58.339
39.8112,39.2295,60.0927
36.688,35.0017,59.7655
41.6263,36.0218,59.1527
37.717,38.601,59.0641
38.6834,34.4845,59.3405
41.1291,38.0611,60.1575
36.7145,36.5517,60.2968
40.6614,34.6847,59.3775
38.8871,38.7878,59.739
37.7409,34.9239,59.0383
41.2268,36.9635,59.8433
37.3205,37.6552,59.7766
39.6069,34.6654,58.7984
40.105,38.1844,59.8129
37.4705,35.8045,59.6005
40.8781,35.6483,59.83
37.8494,38.4456,60.1776
38.5783,34.9091,58.2911
40.9847,37.6913,59.1185
37.7432,36.8118,59.2351
40.4524,35.4946,58.7662
39.0917,38.1625,60.5224
38.2088,35.8647,58.8057
40.4425,36.5798,58.8841
38.6766,37.441,59.7572
39.2841,36.0178,58.9984
39.7693,37.1697,59.621
38.5719,36.2214,59.7228
31.5,33.5,38.5
37.6346,34.2407,37.7734
38.5,35.5,31.5
42.6628,41.5658,52.4724
41.5,41.5,31.5
42.6352,33.1105,34.4816
42.5715,32.8497,35.5158
40.5,28.5,39.5
46.2897,41.3961,49.3394
46.1925,45.18,41.6354
41.7102,37.5392,40.1645
37.5,32.5,30.5
40.9338,43.2805,39.9329
41.5,36.5,50.5
49.5,44.5,34.5
48.5,34.5,42.5
45.0499,43.2625,47.5183
36.5,36.5,37.5
31.5,31.5,35.5
39.5,37.5,30.5
42.7455,33.523,33.55
40.264,41.5457,43.2262
31.5,34.5,34.5
42.5,32.5,40.5
45.5,35.5,30.5
35.5,42.5,42.5
40.2842,41.1228,46.8268
32.5,31.5,36.5
35.5,47.5,47.5
44.5,45.5,41.5
43.4875,35.3511,54.0414
36.5,46.5,36.5
44.7575,38.3842,31.847
42.5,33.5,42.5
32.5,40.5,40.5
39.5,37.5,34.5
42.3041,33.3539,39.1492
40.5,41.5,48.5
45.9192,44.9346,42.6344
33.5,35.5,34.5
45.2584,44.3987,37.9571
45.425,43.819,45.605
36.5,37.5,41.5
41.9435,33.5035,42.9237
40.5,41.5,40.5
38.5,41.5,47.5
46.5,40.5,33.5
41.5,43.5,28.5
39.5,48.5,45.5
42.4895,44.0362,41.3605
38.5,44.5,46.5
38.3283,31.4439,41.5467
43.1552,37.0865,45.5094
42.3748,31.9632,37.3552
39.5,27.5,37.5
34.5,44.5,33.5
31.5,39.5,36.5
30.5,33.5,35.5
33.5,44.5,34.5
39.5161,29.5068,55.4314
46.5,43.5,33.5
42.5,38.5,47.5
41.5,43.5,50.5
33.7609,48.1362,41.9449
42.2167,31.5635,38.243
35.5,42.5,31.5
43.5,32.5,44.5
41.3534,35.473,45.9258
48.5,35.5,40.5
35.5,34.5,37.5
34.5,36.5,48.5
38.5,42.5,49.5
35.5,33.5,44.5
43.8734,37.0311,52.9971
46.5,41.5,37.5
38.7763,32.8739,54.9632
42.5,39.5,39.5
30.5,40.5,42.5
40.1061,36.137,41.4576
48.5,31.5,40.5
39.5,45.5,38.5
41.5458,43.3169,48.4308
48.5,39.5,41.5
38.5,34.5,48.5
40.8537,35.4527,48.945
40.5,46.5,35.5
41.6465,35.1126,55.5083
41.3151,43.2326,50.4818
43.6138,44.8219,36.3861
37.7178,33.5832,38.6362
35.5,46.5,32.5
47.1608,40.501,32.4778
48.7177,44.934,40.4046
46.5,32.5,45.5
39.5,43.5,40.5
39.5,30.5,36.5
49.5,39.5,37.5
40.5948,33.4489,54.1684
39.5,39.5,39.5
42.5718,36.118,34.9013
43.3203,39.465,53.2591
36.5,51.5,40.5
44.5,34.5,31.5
46.5,41.5,38.5
43.4983,45.1628,44.7437
37.5,45.5,46.5
43.5,30.5,39.5
41.0827,42.7756,53.5519
45.7765,44.2186,35.9682
43.5,47.5,33.5
42.529,32.2977,44.4317
38.5,30.5,34.5
40.5,32.5,46.5
31.5,36.5,48.5
44.3916,39.4986,30.2262
40.5,42.5,51.5
39.6886,39.7673,48.7347
47.5,37.5,39.5
43.5,29.5,34.5
41.6023,38.7304,37.3482
38.5,43.5,34.5
44.2858,41.1657,48.7445
37.5,39.5,37.5
32.5,38.5,46.5
42.1775,45.8823,40.7516
37.5,32.5,34.5
41.5,41.5,33.5
42.1015,32.2779,40.9457
43.5,32.5,42.5
30.5,36.5,44.5
49.5,42.5,40.5
48.5,35.5,39.5
35.5,44.5,43.5
34.5,38.5,45.5
44.1293,37.8584,34.732
36.5,29.5,37.5
46.5,47.5,45.5
34.5,29.5,35.5
27.5,41.5,39.5
41.4285,36.0047,38.4177
47.1096,43.2841,42.3873
46.2931,38.6345,30.1402
43.5,48.5,38.5
44.5,33.5,48.5
40.5,37.5,46.5
32.5,35.5,33.5
29.5,43.5,34.5
46.4802,45.461,40.7129
38.5,31.5,30.5
43.403,38.5211,40.601
41.5,33.5,42.5
39.5,45.5,39.5
37.6077,46.9909,37.5863
44.5,42.5,31.5
28.5,40.5,35.5
45.5,43.5,41.5
32.5,48.5,40.5
32.5,49.5,42.5
46.5,44.5,40.5
39.702,33.2026,54.5526
43.3922,42.3409,48.4951
44.0443,38.7471,29.5432
42.7835,41.728,51.4698
35.5,43.5,50.5
43.5,44.5,33.5
41.5,42.5,45.5
39.5,42.5,36.5
51.5,41.5,36.5
45.5,31.5,34.5
39.0629,35.4845,35.3337
35.3956,44.6968,45.8473
42.8385,34.438,57.2749
34.5,31.5,43.5
36.5,35.5,40.5
40.5,49.5,33.5
42.4573,41.1015,46.2499
40.5,48.5,40.5
41.5,30.5,31.5
44.5,38.5,37.5
47.5,43.5,35.5
39.5,48.5,46.5
45.3076,42.2621,35.6142
30.5,33.5,34.5
41.5,46.5,35.5
34.5,37.5,36.5
35.5,31.5,42.5
41.5246,30.2541,44.4862
42.5,48.5,36.5
41.9081,43.6062,45.3836
44.5,48.5,43.5
38.5,34.5,40.5
45.4068,41.9118,34.6661
40.5,41.5,42.5
40.5,28.5,40.5
32.5,37.5,40.5
40.5,38.5,49.5
33.5,36.5,30.5
41.2931,44.1359,40.2646
46.1329,41.0143,50.2512
41.5,46.5,38.5
36.5,28.5,38.5
35.5,30.5,38.5
40.3737,33.681,26.5556
41.5,41.5,48.5
39.1222,38.1743,43.951
37.5,35.5,35.5
38.5,45.5,39.5
43.5,39.5,48.5
42.5,33.5,37.5
43.7461,35.9316,56.1371
29.5,40.5,46.5
46.8438,42.126,46.369
40.5,39.5,39.5
42.5,33.5,44.5
34.5,35.5,38.5
46.5,33.5,32.5
40.5,41.5,47.5
44.0343,43.3417,32.1761
28.9369,33.3388,36.6084
46.8983,40.0157,31.6186
37.4836,45.593,35.0905
37.5,45.5,39.5
43.5,39.5,28.5
42.6008,34.7224,36.3852
30.5,36.5,33.5
46.9676,42.423,45.4016
45.608,45.5436,30.653
33.5,41.5,41.5
39.5,45.5,42.5
51.5,41.5,40.5
35.5,47.5,33.5
38.5,33.5,31.5
40.5,37.5,28.5
39.5,40.5,32.5
43.4547,44.766,46.739
46.8453,45.7643,39.7986
41.1516,42.9595,52.5015
41.5,36.5,33.5
42.6159,44.2652,40.3852
37.5,48.5,42.5
32.5,44.5,38.5
41.5135,36.393,37.496
39.8707,42.0506,46.7804
29.5,40.5,35.5
46.5,41.5,31.5
42.7544,32.6301,55.3304
37.5,46.5,38.5
40.4308,31.34,56.0556
33.5,45.5,41.5
45.5,45.5,42.5
48.5,34.5,45.5
39.5,28.5,42.5
42.4977,32.4076,36.4471
46.5,46.5,32.5
36.8321,35.9968,35.2962
40.8629,31.9884,43.2501
32.5,34.5,41.5
50.5,41.5,37.5
35.5,38.5,45.5
43.5,51.5,40.5
44.0626,40.8067,51.911
43.564,42.8798,46.5588
32.5,49.5,38.5
34.5,44.5,39.5
49.5,44.5,37.5
38.0361,46.8952,47.4819
42.8628,34.9217,50.0368
36.5,36.5,49.5
33.5,42.5,45.5
39.5,47.5,36.5
38.5,38.5,27.5
39.894,35.1996,41.5317
45.5,43.5,46.5
28.5,42.5,40.5
28.5,43.5,43.5
44.9269,35.9833,35.1391
36.5,32.5,43.5
46.4931,41.6722,48.3525
34.5,32.5,39.5
38.6017,43.2062,44.8062
32.5,48.5,39.5
40.5,27.5,38.5
36.5588,43.4647,46.9691
46.2637,41.5322,36.7958
33.5,35.5,45.5
46.5,40.5,38.5
45.5,42.5,43.5
34.5,44.5,38.5
44.9018,38.2895,54.4602
45.3753,39.5371,33.4061
44.1048,43.2193,43.6238
39.5,46.5,46.5
50.5,39.5,44.5
35.5,35.5,45.5
43.5,29.5,39.5
28.5,40.5,34.5
33.5,36.5,38.5
43.3918,47.3011,41.5805
42.5,43.5,36.5
42.9425,42.5751,37.2094
29.5,41.5,40.5
44.559,37.5405,55.0923
45.5,35.5,43.5
46.5,37.5,49.5
47.5,36.5,47.5
43.732,45.192,43.7513
47.0036,43.0739,43.4091
37.5,36.5,29.5
29.5,45.5,42.5
38.5,50.5,33.5
45.5,45.5,43.5
40.4624,37.8365,33.9223
37.2727,40.0372,30.5434
46.404,42.1354,37.6459
39.2594,38.2971,36.4021
33.5,41.5,43.5
33.5,38.5,35.5
44.5,41.5,40.5
42.5,49.5,44.5
37.5,44.5,50.5
32.5,32.5,45.5
29.5,34.5,37.5
44.7878,42.8656,48.4477
42.5,40.5,51.5
42.5006,41.4819,45.3021
35.0647,48.3239,40.3691
38.5,38.5,37.5
33.5,37.5,44.5
47.0881,43.424,41.3417
38.5,30.5,32.5
36.5,39.5,35.5
41.5,45.5,46.5
35.5,42.5,41.5
39.9322,38.1299,33.0738
31.5,32.5,39.5
40.5,35.5,45.5
39.2621,30.1686,40.3693
39.0882,33.6404,36.173
41.9515,37.8764,33.8872
43.4075,42.8685,35.2137
41.5,28.5,39.5
35.5,38.5,38.5
44.5,39.5,46.5
43.8436,44.9544,35.4163
38.7797,40.2215,44.3965
31.5,36.5,39.5
39.0228,43.988,47.0177
38.8163,41.198,44.6474
36.5,39.5,40.5
45.5,39.5,33.5
40.5194,40.5509,43.2251
42.843,44.3714,39.3567
40.9274,32.0703,42.1929
45.9061,40.4649,35.0938
35.5,39.5,43.5
41.424,39.0921,36.3764
46.5,48.5,42.5
34.5,42.5,44.5
29.5,36.5,39.5
45.5,37.5,41.5
33.3455,46.1131,41.6211
37.5,41.5,32.5
46.0042,43.9982,35.0209
36.5,40.5,49.5
37.5,41.5,42.5
44.5,44.5,34.5
37.2241,49.0906,45.7455
35.5,37.5,35.5
39.5,32.5,45.5
42.6648,41.5584,44.3056
43.2854,43.7117,50.7349
37.5,43.5,43.5
40.6975,38.1363,41.3657
48.5,35.5,46.5
40.5,29.5,37.5
39.2919,31.1021,42.9533
42.9877,43.5617,53.8198
40.672,42.267,39.6481
39.5,50.5,35.5
39.5,47.5,34.5
38.0458,39.5588,30.9515
47.5,44.5,46.5
41.3201,43.1084,51.5006
28.5,38.5,34.5
28.5,44.5,39.5
33.5,46.5,41.5
40.8137,40.1651,41.4529
40.5,33.5,45.5
38.5238,44.044,34.0353
42.5,44.5,29.5
43.8601,38.8652,51.9873
43.5,31.5,38.5
33.5,35.5,44.5
44.5,38.5,46.5
35.5,45.5,34.5
33.5,35.5,35.5
44.5,38.5,36.5
41.5,41.5,30.5
39.5,43.5,49.5
36.5,36.5,42.5
41.5,47.5,34.5
49.5,38.5,32.5
40.5,37.5,44.5
44.5,32.5,41.5
46.5733,42.7177,38.4355
32.5,31.5,40.5
31.5,35.5,35.5
37.5,49.5,39.5
41.8154,43.5635,46.4032
31.5,46.5,40.5
41.5,29.5,44.5
36.5,30.5,34.5
42.7854,34.4555,50.9853
39.5,42.5,35.5
46.2607,43.6599,34.0583
35.5,45.5,40.5
43.5,35.5,50.5
38.9902,32.0391,43.2634
38.5051,44.2202,45.0509
30.5,36.5,45.5
43.9685,39.5046,51.2618
36.5,31.5,47.5
43.7447,36.1107,51.6389
41.5,41.5,38.5
47.5,44.5,36.5
38.9149,36.4254,35.0068
41.7757,36.7555,42.0384
37.5,35.5,34.5
40.4923,42.1301,41.7493
44.5,32.5,35.5
30.5,35.5,37.5
42.5,37.5,33.5
45.5,44.5,32.5
35.4898,40.9502,29.8555
47.5,32.5,45.5
46.5,34.5,41.5
34.5,38.5,30.5
37.5,40.5,35.5
41.5235,30.774,40.0149
39.9658,39.303,39.5074
38.8696,32.1998,40.1282
48.6156,46.8376,42.9105
29.5,36.5,41.5
39.5,42.5,29.5
41.5,35.5,34.5
37.5,47.5,48.5
40.5,36.5,35.5
46.5,41.5,35.5
46.5,30.5,41.5
44.5,38.5,48.5
36.9559,46.3523,35.5424
50.5,40.5,37.5
43.7261,38.7919,34.4319
50.5,42.5,42.5
42.6893,41.776,42.2781
41.7594,39.9579,51.0349
40.5,42.5,34.5
38.5,46.5,35.5
44.5,39.5,40.5
43.1333,36.7566,46.4358
45.5,37.5,49.5
45.5,43.5,49.5
40.855,37.4932,34.808
43.8082,36.1925,53.5074
39.5153,37.3264,39.5001
40.5,45.5,46.5
45.0137,36.2644,28.6945
38.9693,39.1809,36.1072
42.5,50.5,44.5
39.5,50.5,42.5
47.5,46.5,42.5
41.0793,35.3689,47.9211
38.5,31.5,48.5
40.5,50.5,40.5
36.5,49.5,44.5
39.5,39.5,50.5
41.5,47.5,31.5
44.861,42.5258,46.1733
36.5,49.5,43.5
41.6862,37.126,41.1172
37.4329,34.894,36.9742
43.4489,44.479,47.7513
37.5,30.5,36.5
38.0125,44.8236,34.6016
38.9923,35.182,43.5996
37.5,50.5,41.5
35.5,33.5,41.5
44.4826,41.6633,47.8931
43.4663,36.2786,29.9702
33.5,30.5,44.5
42.5,34.5,36.5
40.5,36.5,33.5
41.5,36.5,37.5
30.5,32.5,42.5
49.5,42.5,46.5
38.5,28.5,36.5
29.5,36.5,42.5
42.6343,41.9065,41.2467
35.5,44.5,29.5
35.5,43.5,49.5
43.2248,37.3538,44.4408
50.5,33.5,40.5
42.5,48.5,37.5
43.5,30.5,45.5
40.0226,34.5339,37.9763
42.5,34.5,38.5
40.5455,43.7854,34.9621
42.2005,40.3158,49.1023
34.5,42.5,48.5
43.5,32.5,33.5
39.4828,36.3456,37.0806
45.5,46.5,35.5
40.6862,32.3297,56.0921
30.5,40.5,40.5
41.8225,33.9939,42.0113
37.5,37.5,42.5
42.5,35.5,37.5
32.5,37.5,36.5
41.5,46.5,45.5
36.5,39.5,36.5
37.5,31.5,45.5
42.2477,43.7078,43.381
41.4031,43.2683,49.4341
30.5,46.5,43.5
31.5,41.5,48.5
39.5,40.5,49.5
39.6148,42.3877,33.2189
41.393,34.1893,55.8411
45.5081,44.3237,36.9264
32.5,37.5,31.5
42.1565,36.0733,27.1916
33.5,40.5,41.5
32.5,47.5,36.5
44.4303,43.2248,40.5368
36.5,42.5,31.5
32.5,43.5,45.5
48.5,46.5,40.5
32.5,40.5,34.5
49.5,44.5,44.5
43.1387,42.1816,49.5139
45.6626,40.0027,34.2114
36.3372,47.8921,38.8026
40.5,39.5,36.5
43.5,40.5,41.5
43.5033,38.7729,39.6184
47.5,30.5,38.5
30.5,32.5,40.5
45.281,41.6526,33.6681
31.5,43.5,34.5
46.8551,41.1464,29.6422
37.5,48.5,44.5
40.3005,44.2179,41.9661
43.5,32.5,41.5
41.3755,39.4169,35.3741
46.5,39.5,33.5
41.5,42.5,39.5
34.5,39.5,50.5
47.5022,46.5962,37.0006
40.5,29.5,34.5
33.5,39.5,48.5
40.5,38.5,46.5
47.5,39.5,41.5
35.5,45.5,32.5
43.6383,38.0553,28.915
38.5,48.5,34.5
36.5,37.5,43.5
40.8323,39.156,41.3561
45.5,29.5,41.5
47.5,43.5,42.5
42.5,46.5,36.5
38.5,39.5,35.5
46.5,31.5,38.5
41.7553,39.777,52.0258
40.5,31.5,45.5
35.5,47.5,43.5
43.2144,39.6536,34.0602
38.5,39.5,30.5
34.5,29.5,37.5
38.5,43.5,46.5
31.5,33.5,37.5
34.5,43.5,49.5
36.5,31.5,42.5
44.5,38.5,50.5
37.5,43.5,44.5
39.0113,35.2413,39.6153
39.0118,31.1637,40.269
30.5,42.5,34.5
42.8942,33.9014,32.6191
39.5,39.5,44.5
37.5,38.5,41.5
40.5,43.5,29.5
40.8135,32.7411,40.3026
46.5,32.5,38.5
43.0497,35.5308,29.3288
34.5,41.5,37.5
45.5375,39.526,52.946
39.5,44.5,38.5
30.5,38.5,47.5
28.5,43.5,36.5
43.1759,34.6036,30.6898
45.2744,43.5722,46.5515
41.5,39.5,27.5
35.5,43.5,39.5
41.522,35.8218,44.9604
43.3207,44.6618,37.3941
46.3538,43.217,33.0783
45.5,42.5,46.5
28.7039,32.4389,37.0731
47.5,41.5,36.5
39.5,43.5,36.5
37.5,39.5,28.5
33.5,42.5,49.5
41.0324,33.3032,56.1205
33.1946,47.9823,42.8279
45.9995,40.5839,51.1536
42.5215,34.2549,37.3393
35.5,38.5,36.5
33.5,46.5,46.5
37.5,40.5,44.5
41.5,34.5,42.5
44.5,37.5,42.5
48.5,33.5,44.5
29.5,43.5,40.5
48.5,39.5,43.5
38.5,49.5,43.5
44.9706,40.7861,31.8384
30.5,37.5,41.5
42.5,47.5,40.5
42.467,43.839,42.3812
41.5,33.5,33.5
33.5,42.5,42.5
41.7055,43.3767,47.4104
37.5,43.5,29.5
33.5,47.5,42.5
29.5,44.5,37.5
49.5,33.5,41.5
35.5,34.5,39.5
30.5,40.5,44.5
42.5,42.5,31.5
38.5,44.5,49.5
37.5,38.5,32.5
32.5,41.5,45.5
42.5,42.5,42.5
39.5,39.5,36.5
40.5,35.5,35.5
39.5,35.5,46.5
47.5,31.5,43.5
40.9147,42.315,55.5326
32.5,45.5,41.5
41.5,37.5,46.5
40.5,47.5,38.5
36.5,36.5,45.5
41.4557,38.7433,33.5941
40.5,47.5,44.5
35.5,29.5,34.5
47.5,31.5,42.5
51.5,42.5,42.5
46.7066,43.1998,39.3093
29.5,42.5,38.5
39.4284,37.3281,36.7601
45.5,36.5,33.5
39.1176,40.5652,48.4
40.8093,37.2395,47.6356
32.5,33.5,47.5
39.5,50.5,44.5
45.5647,41.9326,52.803
43.0474,36.3547,47.4087
41.5,36.5,31.5
45.5,48.5,45.5
49.5,41.5,41.5
45.4691,35.1147,35.3054
47.5,42.5,41.5
43.0516,31.0463,45.9417
42.7714,34.8141,28.6311
30.5,41.5,38.5
38.5,34.5,29.5
44.1053,40.1654,50.5376
39.5,33.5,29.5
42.5,47.5,45.5
49.5,32.5,42.5
38.5,42.5,36.5
37.5,41.5,31.5
32.5,32.5,39.5
36.3741,40.5608,30.1822
37.5,40.5,48.5
35.5,30.5,39.5
49.5,45.5,34.5
45.5,39.5,37.5
37.5,34.5,50.5
38.5,39.5,42.5
38.4249,45.2098,45.2312
44.6747,40.0986,31.0618
46.5,35.5,46.5
45.5,40.5,29.5
39.5,44.5,46.5
39.5,48.5,41.5
44.1564,40.7122,49.6532
38.5,27.5,37.5
42.4395,37.2328,50.3927
36.5,46.5,49.5
41.5,39.5,35.5
47.41,41.5348,34.2022
37.8275,32.5382,55.3224
46.5,44.5,32.5
28.5,37.5,44.5
39.9111,37.594,52.2258
42.7083,42.8738,56.8787
47.5,40.5,45.5
49.5,37.5,33.5
42.5,35.5,36.5
29.5,40.5,40.5
39.099,34.575,35.7577
30.5,37.5,34.5
32.5,42.5,47.5
32.5,43.5,41.5
36.5,43.5,45.5
35.5,40.5,47.5
37.1842,42.7581,47.4542
47.4046,46.428,37.9697
36.5,31.5,35.5
41.5,32.5,32.5
46.3802,42.6974,32.2223
34.5,45.5,42.5
39.0612,43.2725,33.5603
44.4733,45.035,40.7762
38.7728,32.2946,41.6414
41.5,32.5,41.5
41.5,41.5,43.5
40.5,48.5,34.5
42.989,35.8879,48.3248
31.5,31.5,39.5
42.4775,34.061,51.9127
46.5,37.5,30.5
40.6872,39.2054,47.0584
41.521,35.4685,39.3008
37.5,39.5,30.5
34.5,40.5,46.5
38.5,33.5,30.5
41.7951,39.6508,53.0352
33.5,46.5,32.5
42.2987,36.9829,34.3319
44.3527,45.1706,33.4803
48.5,41.5,38.5
48.5,45.5,46.5
48.5,43.5,47.5
38.6338,44.9194,47.2506
30.5,46.5,35.5
38.0332,31.5173,38.0562
38.3391,45.8784,47.3693
49.5,34.5,37.5
39.5,51.5,39.5
46.5,31.5,40.5
49.5,46.5,38.5
40.5,40.5,49.5
48.1847,43.6282,37.6092
38.5,45.5,32.5
38.7687,42.2094,44.7083
48.3715,44.095,38.5326
37.5,45.5,37.5
40.5,28.5,43.5
40.5836,42.0391,57.5808
44.2344,43.3845,31.1604
42.5,39.5,37.5
41.5,30.5,43.5
33.5,36.5,48.5
48.5,47.5,43.5
37.5,39.5,51.5
45.162,41.2931,32.707
45.5,39.5,39.5
40.907,30.394,40.7422
42.926,41.9661,50.4763
41.823,31.2271,42.7092
48.5,33.5,38.5
39.5,39.5,27.5
47.5,39.5,33.5
48.5,33.5,45.5
42.8396,31.7121,45.1614
44.5,49.5,45.5
40.5655,40.1909,46.8458
37.5,48.5,47.5
38.5,46.5,34.5
43.1277,43.4564,52.7741
41.9514,40.1377,50.0272
41.096,42.9841,34.4502
41.5,38.5,38.5
32.5,46.5,40.5
42.3535,33.7864,38.2286
44.5,31.5,40.5
31.5,41.5,46.5
40.5,42.5,41.5
39.5,50.5,41.5
43.4423,44.1369,48.684
44.5,41.5,32.5
46.1555,40.9892,35.9686
38.896,39.1503,44.1571
41.2964,35.3327,46.9245
35.6838,48.158,39.6025
51.5,38.5,38.5
39.5,39.5,43.5
44.5,31.5,45.5
43.5,47.5,42.5
38.2335,46.3382,37.0856
42.3278,36.9156,54.7748
40.5,42.5,36.5
37.5744,30.9357,38.7977
50.5,41.5,42.5
44.5,37.5,37.5
44.5,39.5,47.5
36.5,39.5,47.5
39.5,37.5,45.5
45.5,41.5,48.5
37.5,49.5,40.5
45.5,35.5,46.5
36.5,46.5,42.5
45.5,42.5,36.5
33.5,33.5,42.5
29.5,37.5,35.5
49.5,43.5,43.5
32.5,47.5,38.5
41.5,38.5,45.5
41.0193,39.6793,33.3482
42.7889,46.582,41.1674
42.5931,35.3629,35.5426
36.5,42.5,48.5
43.5,36.5,35.5
37.8394,42.0672,47.8404
49.5,47.5,39.5
44.5,39.5,48.5
29.5,33.5,37.5
41.9525,31.0677,39.0977
35.5,38.5,34.5
40.1101,41.4648,33.066
33.5,43.5,46.5
47.1518,46.1935,38.9271
46.9726,43.5031,40.2974
40.5823,40.552,33.0348
42.5,29.5,37.5
28.5,41.5,43.5
39.5,30.5,41.5
34.5,45.5,30.5
34.5,36.5,38.5
36.5,48.5,35.5
41.5,42.5,28.5
47.5,39.5,30.5
44.5,43.5,48.5
33.5,42.5,44.5
38.5,33.5,39.5
34.5,49.5,43.5
38.5,39.5,46.5
33.5,34.5,42.5
46.6772,41.9806,47.3708
48.5,34.5,40.5
39.6984,35.3987,37.4623
47.5,46.5,34.5
34.5,32.5,38.5
35.5,42.5,50.5
37.6022,48.1009,45.6899
41.5,44.5,48.5
40.5,44.5,33.5
29.5,38.5,41.5
44.0441,45.0608,34.4116
35.5,40.5,43.5
39.5,37.5,38.5
46.5,47.5,41.5
30.5,38.5,45.5
32.5,32.5,46.5
42.5,47.5,31.5
37.5,42.5,46.5
43.5,37.5,39.5
41.9954,41.3305,55.4547
44.5,34.5,35.5
38.5,46.5,36.5
42.5,32.5,43.5
36.5,41.5,47.5
42.5,30.5,34.5
33.5,35.5,46.5
39.4006,45.0616,35.9986
40.3658,43.1983,41.9826
38.5,27.5,40.5
31.5,32.5,42.5
38.5,47.5,41.5
43.9765,45.2364,42.7463
41.5,38.5,35.5
48.5721,44.4689,39.4686
48.679,45.5386,41.2861
40.4373,41.2482,39.4946
42.5,42.5,33.5
41.5,46.5,46.5
43.0485,44.5178,38.3698
38.7216,34.2434,39.719
43.7907,43.0103,45.554
46.5,36.5,30.5
44.5,40.5,32.5
40.5,40.5,29.5
38.2934,38.265,34.4207
44.0165,40.0775,36.8599
40.5,44.5,43.5
43.6148,39.0398,38.6305
44.5,33.5,34.5
49.5,36.5,46.5
36.5,45.5,35.5
47.5,33.5,42.5
47.5,37.5,46.5
45.5,42.5,48.5
41.1016,36.3648,48.0867
42.5,41.5,33.5
31.5,37.5,34.5
44.5,45.5,37.5
32.5,38.5,40.5
47.5,42.5,40.5
48.5,39.5,36.5
37.5,45.5,30.5
48.5,41.5,33.5
32.5,37.5,37.5
46.6225,39.4598,30.7722
35.5,43.5,36.5
44.5,36.5,50.5
50.5,41.5,36.5
39.5,44.5,30.5
40.5,29.5,45.5
43.2617,43.4962,51.7376
45.5,35.5,34.5
46.5,42.5,44.5
48.5,48.5,40.5
41.5,33.5,30.5
42.48,40.5636,48.1249
29.5,43.5,35.5
41.9601,36.0183,55.1216
46.5,43.5,49.5
31.5,39.5,45.5
43.0846,34.2238,31.625
38.5,47.5,37.5
39.5,32.5,49.5
41.5,49.5,35.5
31.5,43.5,31.5
45.5,44.5,37.5
45.5,33.5,40.5
49.5,40.5,40.5
38.8264,45.6752,36.6321
38.8459,33.0441,43.4664
41.5863,30.7566,43.5457
48.5,38.5,31.5
29.5,45.5,39.5
38.6584,37.3792,34.7543
48.5,42.5,44.5
42.5,48.5,42.5
49.5,44.5,39.5
43.5,32.5,31.5
44.5,42.5,49.5
43.6548,40.2216,52.6385
47.5,35.5,46.5
36.5,36.5,31.5
36.3423,47.102,35.9599
43.9509,43.1486,44.5913
35.5,39.5,50.5
42.5,41.5,40.5
41.5,44.5,41.5
41.5,51.5,43.5
39.5,32.5,36.5
30.5,43.5,37.5
40.5,39.5,47.5
38.9282,34.1303,43.6273
43.3065,34.4622,54.5136
35.5,33.5,36.5
43.5684,42.5659,47.5315
28.5,36.5,41.5
39.5,37.5,37.5
36.5,45.5,49.5
35.5,40.5,40.5
44.5,43.5,40.5
27.5,37.5,39.5
40.5,39.5,31.5
42.5,48.5,46.5
48.5,43.5,39.5
32.5,35.5,41.5
40.5519,35.8833,49.7723
37.5,41.5,39.5
43.5,40.5,49.5
44.2167,45.2097,41.745
36.5,36.5,46.5
32.5,41.5,39.5
43.5,34.5,48.5
44.5,48.5,37.5
41.6325,36.1621,44.0186
47.5,41.5,30.5
34.5,42.5,37.5
29.1899,34.1743,36.0854
34.6204,41.3012,29.3289
38.5,37.5,30.5
40.7179,41.1862,41.5308
39.9394,44.4645,35.398
43.8427,37.9787,52.4965
47.5,37.5,41.5
32.5,35.5,39.5
42.1357,41.4891,54.4726
46.5,35.5,39.5
33.5,33.5,39.5
34.5,42.5,38.5
33.7814,41.6348,28.7365
44.5,38.5,29.5
38.5,35.5,50.5
35.5,41.5,34.5
43.5,39.5,39.5
34.5,47.5,36.5
37.5,38.5,28.5
30.5,40.5,38.5
40.779,42.2041,56.5948
42.7711,42.4923,38.2445
45.2416,38.9299,53.6876
44.5,37.5,36.5
39.0615,36.2143,43.578
44.5731,42.4246,49.3207
45.5,49.5,36.5
31.5,36.5,43.5
42.6852,37.8446,54.4135
46.6412,42.2129,31.3375
41.6612,45.0477,40.4798
47.8386,42.5465,35.9196
41.5,51.5,40.5
44.5,45.5,44.5
46.5,48.5,34.5
32.5,41.5,49.5
40.3811,36.4248,50.6294
42.4523,40.7241,47.1534
45.5,31.5,42.5
44.5998,43.2154,39.5212
38.4747,41.3373,48.1691
37.1696,35.4717,36.1602
39.5,38.5,31.5
44.3551,42.0404,50.2427
30.5,38.5,33.5
45.7644,40.0831,52.1016
42.8384,43.4184,54.8563
43.356,43.9558,49.7553
43.2011,42.7361,36.1818
30.5,36.5,38.5
34.4479,48.2943,41.1729
40.9555,34.5277,26.6577
36.5,33.5,29.5
37.5,35.5,32.5
32.5,33.5,38.5
39.5,32.5,41.5
44.5,42.5,50.5
50.5,35.5,43.5
47.5,41.5,43.5
31.5,36.5,33.5
46.5,30.5,38.5
41.5,34.5,49.5
42.2355,32.8105,40.0813
41.5653,35.2954,26.9056
49.5,42.5,32.5
42.5,47.5,30.5
38.5,34.5,44.5
36.5,50.5,38.5
32.5,45.5,34.5
43.3474,38.2544,41.5738
32.5,38.5,43.5
48.0141,43.0712,36.7758
37.7909,30.552,41.3845
45.5,41.5,30.5
39.5,29.5,41.5
32.5,40.5,42.5
42.9427,33.5271,54.9155
36.9044,47.4852,38.0597
46.5,29.5,40.5
45.184,42.6805,36.5475
41.2074,37.1715,35.6693
30.5,42.5,44.5
37.026,32.0905,55.8149
31.5,35.5,44.5
43.5,33.5,30.5
32.5,40.5,44.5
48.5,39.5,33.5
44.5,39.5,37.5
39.5,34.5,35.5
36.5,50.5,39.5
33.5,42.5,38.5
37.5,33.5,40.5
47.5,41.5,40.5
46.5,34.5,45.5
40.5,36.5,45.5
33.5,38.5,30.5
36.5,29.5,38.5
36.5,41.5,45.5
31.5,35.5,46.5
41.0147,42.538,54.5693
45.8487,37.8779,29.6432
39.5,27.5,40.5
31.5,44.5,39.5
36.5,44.5,45.5
48.5,33.5,35.5
42.3876,41.5349,53.4597
44.4952,36.948,35.0529
36.5,34.5,30.5
31.5,45.5,42.5
43.7548,43.1677,33.17
46.5,42.5,43.5
34.5,50.5,42.5
45.5,34.5,49.5
31.5,35.5,33.5
41.0139,38.4395,49.4786
38.5,36.5,37.5
40.5,29.5,44.5
47.5,36.5,44.5
31.5,46.5,33.5
42.754,40.6101,33.7865
41.5,44.5,46.5
40.5,48.5,35.5
43.5,31.5,35.5
31.5,40.5,39.5
40.5,40.5,46.5
44.5,34.5,46.5
46.5,44.5,46.5
35.5,45.5,38.5
36.5,34.5,47.5
29.5,39.5,34.5
36.5,50.5,37.5
44.199,41.4742,51.1183
41.7919,34.5362,41.1578
33.5,49.5,35.5
46.5,43.5,39.5
32.5,30.5,37.5
40.3055,39.057,49.1251
32.5,40.5,38.5
48.5,32.5,38.5
45.3984,37.1026,29.1556
41.4256,36.788,36.55
44.5,44.5,32.5
40.3845,37.1194,41.3853
34.5,33.5,38.5
40.276,30.2857,41.5049
45.5,40.5,37.5
46.5,32.5,43.5
38.5,44.5,30.5
42.5,50.5,38.5
42.6937,41.689,43.2887
41.5,37.5,50.5
40.5,50.5,33.5
36.5,41.5,44.5
43.3357,37.6638,43.4893
39.5,42.5,41.5
28.5,43.5,42.5
41.1144,39.7532,34.4426
37.9115,47.163,45.4756
43.0955,36.715,51.0457
32.5,36.5,38.5
34.5,38.5,32.5
38.5,36.5,44.5
43.1725,37.4795,28.2838
30.5,41.5,39.5
44.7533,45.2803,32.5168
39.397,38.6018,32.3079
40.2654,42.5513,43.4357
38.5,48.5,37.5
44.5,44.5,40.5
32.5,41.5,43.5
46.5,41.5,44.5
38.711,33.2454,39.8999
38.5,38.5,44.5
39.3341,29.1226,40.4753
33.5,40.5,49.5
32.5,32.5,32.5
45.0542,39.0069,32.6244
42.5,34.5,32.5
44.5,31.5,47.5
44.5,32.5,31.5
40.5,40.5,47.5
40.66,33.2667,39.4143
30.5,44.5,43.5
43.5,42.5,34.5
49.5,34.5,44.5
38.5,33.5,48.5
36.5,35.5,30.5
35.5,38.5,30.5
37.5,49.5,44.5
41.4379,33.7311,53.5989
43.2429,35.2545,56.7406
35.5,35.5,31.5
47.5,43.5,33.5
46.5,34.5,39.5
39.5,40.5,40.5
34.5,33.5,40.5
40.9014,32.3437,41.2074
39.5,41.5,32.5
40.5,39.5,45.5
38.7493,39.0594,31.61
44.5,32.5,33.5
47.0781,42.7932,44.4584
39.5,34.5,32.5
41.7449,36.4153,43.0447
42.7622,43.2129,55.8659
40.5,37.5,27.5
42.0751,43.715,44.4124
37.5,45.5,50.5
39.4196,42.9924,46.835
44.5,44.5,42.5
40.5,39.5,32.5
35.5,36.5,31.5
38.5,44.5,39.5
36.5,38.5,30.5
38.5,33.5,36.5
35.5,35.5,39.5
42.6506,36.8294,27.7076
47.5,38.5,43.5
33.5,42.5,43.5
39.1806,33.2786,41.6924
39.5,46.5,35.5
45.5,33.5,32.5
40.5,29.5,36.5
48.6883,46.2263,42.0761
42.5,39.5,42.5
40.1122,36.9632,51.4438
29.5,35.5,45.5
48.5,44.5,38.5
40.7674,38.2038,47.3301
39.5,42.5,48.5
36.5,37.5,32.5
47.2718,41.0123,33.3712
37.5,47.5,41.5
41.7414,37.7744,49.8866
42.5,35.5,40.5
39.5826,34.2312,41.6174
33.5,37.5,32.5
39.5,47.5,46.5
33.5,40.5,32.5
36.5,50.5,34.5
36.5,47.5,35.5
40.5,45.5,39.5
42.5,34.5,45.5
45.5,33.5,37.5
41.5,39.5,32.5
35.5,44.5,46.5
46.5,40.5,46.5
48.5,43.5,32.5
38.3876,32.161,37.3586
36.5,34.5,35.5
36.5,35.5,46.5
43.3943,44.9763,45.7581
37.5,30.5,34.5
30.5,43.5,42.5
41.6385,38.3434,38.2543
35.8763,44.1348,46.5203
43.5,45.5,47.5
31.5,30.5,40.5
42.0349,31.7317,41.8308
37.5,34.5,49.5
33.5,46.5,47.5
45.5,50.5,41.5
37.5,40.5,42.5
36.5,40.5,43.5
45.5,49.5,38.5
43.5,40.5,36.5
48.5,31.5,41.5
42.5,47.5,37.5
41.5,43.5,34.5
40.5,42.5,30.5
32.5,34.5,40.5
47.5,48.5,36.5
39.5,38.5,28.5
41.5,35.5,49.5
40.5,39.5,40.5
32.5,41.5,46.5
41.5,35.5,43.5
44.9837,42.8913,37.538
36.5,42.5,42.5
44.3265,43.2495,41.5859
38.1275,46.1849,45.3559
48.5,38.5,45.5
45.6107,44.2359,44.6606
43.5,50.5,42.5
35.5,49.5,43.5
34.5,48.5,37.5
47.5,41.5,46.5
39.5,40.5,37.5
32.5,39.5,30.5
47.5,40.5,36.5
39.5,35.5,44.5
47.6848,42.0105,35.072
35.5,40.5,42.5
40.5,47.5,35.5
43.5,35.5,48.5
47.5,32.5,34.5
40.2288,40.2981,39.4868
44.7548,43.1164,38.4992
35.5,46.5,36.5
38.5,31.5,33.5
35.5,36.5,44.5
41.5,47.5,46.5
39.5,31.5,43.5
40.5,47.5,41.5
41.1663,38.6013,43.5756
32.5,45.5,38.5
40.5,45.5,33.5
40.5,48.5,48.5
45.5,46.5,46.5
42.5,40.5,39.5
37.5,42.5,51.5
43.7965,39.517,37.6772
40.3666,33.8549,38.5997
48.5,45.5,45.5
40.5,44.5,30.5
33.5,38.5,38.5
43.9493,36.9962,30.5819
44.5,49.5,41.5
44.7974,44.8585,39.842
42.5,45.5,30.5
35.5,42.5,32.5
47.5,39.5,44.5
31.5,40.5,35.5
42.9777,38.7464,53.9277
42.5,36.5,45.5
41.6836,35.0189,40.1829
41.5,29.5,36.5
38.5,28.5,42.5
41.6969,37.8741,39.1777
44.6925,41.9774,46.9686
40.0181,30.3796,55.8611
41.5,47.5,40.5
50.5,45.5,40.5
45.0914,44.6768,38.9339
39.5,47.5,38.5
39.2122,37.1855,43.7219
32.5,49.5,39.5
41.5,35.5,32.5
44.1665,36.7453,55.6414
34.5,39.5,38.5
45.5,48.5,39.5
36.5,32.5,36.5
50.5,42.5,43.5
33.5,30.5,37.5
43.5,34.5,34.5
42.7055,42.0923,40.2644
44.5,43.5,39.5
42.1756,32.934,43.7294
35.5,30.5,36.5
31.5,36.5,46.5
45.7547,44.627,43.6988
33.5,32.5,43.5
36.5,28.5,42.5
39.5,32.5,33.5
40.5,29.5,35.5
47.5,44.5,39.5
46.5,39.5,49.5
41.7103,42.2974,34.0222
35.5,29.5,41.5
39.6888,30.4316,42.3085
40.3661,45.2867,41.9675
35.5,32.5,46.5
37.5,50.5,43.5
42.5,41.5,28.5
37.5,42.5,48.5
30.5,36.5,40.5
42.3101,41.5127,33.7784
30.5,32.5,43.5
43.3474,37.9821,42.5248
46.7214,41.706,30.4871
42.5,43.5,41.5
44.5,44.5,48.5
38.5,42.5,32.5
39.2614,36.3126,39.5529
30.5,44.5,36.5
44.3844,37.7197,31.1493
43.5,30.5,34.5
31.5,42.5,37.5
41.5,36.5,28.5
43.6109,43.0267,34.2069
41.5,37.5,32.5
44.1666,40.7113,36.05
32.5,42.5,41.5
40.5,39.5,28.5
44.5,41.5,42.5
47.5,39.5,43.5
30.5,37.5,44.5
44.5,32.5,45.5
29.5,46.5,40.5
37.5,47.5,36.5
35.7015,47.8016,36.3682
36.5,34.5,39.5
45.5,46.5,42.5
42.0331,33.8618,52.8063
35.5,35.5,38.5
42.8992,35.4507,49.2501
29.5,38.5,34.5
40.8663,39.5249,43.3317
44.2026,43.198,42.6103
38.7758,32.8778,36.7803
48.5,40.5,39.5
39.5,49.5,42.5
45.5,37.5,38.5
44.3267,43.5413,30.1246
39.7327,38.309,39.5036
30.5,42.5,43.5
37.5,48.5,34.5
47.5,35.5,41.5
45.5,32.5,44.5
34.5,43.5,30.5
42.7215,42.2491,39.2389
31.5,37.5,36.5
42.5,32.5,49.5
45.1665,45.4445,31.5843
33.5,32.5,44.5
37.5,38.5,46.5
47.5,48.5,38.5
29.5,39.5,40.5
37.5,42.5,34.5
45.7242,42.8195,34.3798
46.234,43.1369,45.5384
37.5,43.5,47.5
39.53,34.8197,38.8076
39.6238,36.184,40.4559
32.5,42.5,32.5
43.8586,42.8887,50.5339
42.5,33.5,41.5
40.5,36.5,37.5
38.5,49.5,39.5
40.5,35.5,32.5
44.5,41.5,33.5
47.5,30.5,41.5
45.7962,42.4283,33.3128
42.5,34.5,44.5
41.0665,37.1382,50.2482
28.5,40.5,42.5
40.5,35.5,48.5
44.5,49.5,34.5
41.5,45.5,35.5
38.6352,44.8626,35.3611
36.5,51.5,39.5
39.5,47.5,40.5
44.2819,44.5357,37.6823
41.9339,32.9313,55.8557
39.5,43.5,38.5
42.3482,36.4256,45.3385
31.5,35.5,36.5
43.2787,42.3796,44.4099
38.6835,44.1028,46.0618
34.5,43.5,40.5
41.5,40.5,40.5
33.5,40.5,40.5
39.5,40.5,45.5
37.5,34.5,31.5
34.5,41.5,40.5
34.5,44.5,47.5
47.2522,42.5447,37.2334
31.5,38.5,43.5
46.5,39.5,46.5
40.5,30.5,37.5
39.5,31.5,37.5
40.5,43.5,51.5
47.5,38.5,37.5
33.5,42.5,47.5
42.6361,42.9808,47.4742
39.5,31.5,48.5
34.5,42.5,36.5
28.5,41.5,40.5
46.5,42.5,49.5
32.5,35.5,45.5
32.5,44.5,34.5
35.5,35.5,40.5
45.5,46.5,33.5
47.5,37.5,32.5
35.5,43.5,35.5
39.5,38.5,46.5
46.5,29.5,37.5
40.1876,38.2496,40.5069
47.0359,42.0341,36.3109
38.5,38.5,29.5
44.5688,44.5649,36.6855
39.1691,41.6448,47.488
42.5,32.5,36.5
41.5,39.5,40.5
45.0412,39.9763,49.0935
37.5,39.5,33.5
49.5,40.5,38.5
41.5,51.5,42.5
38.5,32.5,32.5
31.5,30.5,41.5
34.5,40.5,29.5
42.8395,35.9856,55.6644
38.5,42.5,39.5
35.5,44.5,31.5
43.5,37.5,31.5
39.5,46.5,33.5
36.5,35.5,50.5
41.5,50.5,35.5
28.5,42.5,41.5
42.4274,35.0674,56.2116
43.5,32.5,39.5
46.5,41.5,46.5
42.6235,44.3068,45.5507
46.8018,40.868,31.0397
44.366,42.5655,35.3966
42.5,37.5,31.5
42.5,33.5,29.5
39.5708,41.3705,43.9919
49.5,37.5,40.5
45.5,36.5,38.5
49.5,36.5,42.5
50.5,35.5,40.5
32.5,44.5,45.5
42.1808,30.9654,44.8657
49.5,44.5,40.5
39.5,45.5,48.5
28.5,42.5,43.5
36.5,35.5,35.5
36.5,43.5,35.5
43.6486,37.7894,54.7305
36.5,30.5,44.5
35.4842,48.5361,44.8337
40.5,38.5,36.5
49.5,33.5,38.5
44.8362,41.3394,52.3549
42.9336,35.7958,50.5556
40.0199,39.473,47.8231
28.5,42.5,44.5
30.5,31.5,41.5
46.9204,41.3775,31.9395
44.5,33.5,44.5
46.5,47.5,39.5
35.5,39.5,41.5
37.5,29.5,44.5
33.5,47.5,40.5
40.9422,41.9981,33.4808
36.5,51.5,37.5
41.5,46.5,37.5
44.5,35.5,41.5
34.5,46.5,40.5
47.5,35.5,38.5
43.5479,44.6385,40.6665
38.5,46.5,48.5
42.0456,35.6266,48.124
33.5,41.5,37.5
33.5,31.5,45.5
39.5,27.5,41.5
48.5,44.5,34.5
38.5,40.5,47.5
41.7421,42.4827,56.7723
49.5,38.5,46.5
35.5,29.5,40.5
43.0432,41.4035,48.2298
32.5,35.5,35.5
37.5,49.5,42.5
39.5,33.5,47.5
31.5,32.5,37.5
38.5,46.5,38.5
38.2238,37.2829,43.8306
43.5,36.5,28.5
50.5,37.5,44.5
46.5,35.5,42.5
36.5,34.5,34.5
46.5,39.5,32.5
34.5,38.5,47.5
41.5,36.5,40.5
42.1523,43.1586,52.6034
50.5,43.5,39.5
35.5,43.5,29.5
36.5,33.5,43.5
39.5,47.5,41.5
47.5,39.5,48.5
39.5,45.5,45.5
50.5,40.5,35.5
30.5,40.5,41.5
45.5,45.5,41.5
38.5,47.5,33.5
31.5,35.5,31.5
43.5,50.5,36.5
42.2908,42.3107,55.6949
43.2254,44.5439,42.5988
48.5,31.5,39.5
38.4948,31.7174,55.4381
35.5,50.5,43.5
35.5,43.5,34.5
42.1019,42.6059,50.4782
34.5,48.5,43.5
39.5,34.5,43.5
42.6165,38.6601,38.4704
40.5,40.5,36.5
44.4199,38.5401,53.1122
48.5,40.5,43.5
50.5,34.5,36.5
49.5,43.5,41.5
50.5,41.5,40.5
42.5,40.5,32.5
49.5,46.5,37.5
48.5,45.5,38.5
44.5145,39.1782,33.9119
35.5,44.5,34.5
44.5,43.5,29.5
42.3309,39.2253,33.8331
48.5,37.5,40.5
41.5223,39.2598,49.7983
46.427,43.8777,43.5531
41.5,48.5,40.5
42.5204,37.051,43.314
42.5792,33.3311,36.8924
40.9271,33.6696,43.1822
49.5,41.5,40.5
44.5,40.5,34.5
42.7933,36.1316,28.5311
35.5,35.5,44.5
37.5,42.5,44.5
42.5,49.5,33.5
45.5,48.5,36.5
43.5,49.5,33.5
34.5,34.5,35.5
40.5,31.5,32.5
40.4802,36.3075,37.3036
48.5,35.5,38.5
44.5,45.5,48.5
41.047,45.1411,41.2419
43.5,42.5,43.5
49.5,42.5,42.5
43.5,44.5,49.5
39.5,44.5,49.5
40.5,39.5,46.5
41.5,29.5,41.5
40.5,35.5,29.5
45.5,47.5,45.5
41.5,49.5,42.5
42.5501,43.705,48.5716
49.5,38.5,33.5
31.5,43.5,46.5
43.5,41.5,43.5
32.5,47.5,34.5
41.6735,42.1987,39.3959
42.5078,37.6963,41.2751
33.5,38.5,33.5
37.853,47.0463,46.5066
45.1595,37.8054,30.4142
36.9481,47.0105,36.7978
37.5,33.5,47.5
40.5,36.5,42.5
29.5,43.5,37.5
43.5,45.5,46.5
35.5,45.5,35.5
41.8844,40.177,33.6015
41.5,42.5,36.5
40.5,38.5,41.5
44.5,44.5,36.5
43.1936,40.5234,49.3948
32.5,41.5,36.5
41.9797,32.118,43.1793
43.9516,43.2109,49.5144
41.5,49.5,38.5
46.5,38.5,30.5
30.5,38.5,42.5
28.5,40.5,37.5
40.5745,38.6508,48.2248
36.5,41.5,36.5
46.5,40.5,41.5
45.5,33.5,35.5
43.2095,37.4805,34.4929
38.5,31.5,47.5
46.5,34.5,36.5
37.5,49.5,37.5
43.3855,43.5652,41.3995
35.5,28.5,37.5
45.5,45.5,38.5
34.5,49.5,40.5
46.5,38.5,46.5
37.5,47.5,46.5
33.5,45.5,48.5
43.5274,36.5373,34.9714
33.5,32.5,38.5
39.2157,44.2233,34.7171
40.5,44.5,38.5
32.5,42.5,48.5
43.7539,43.8104,39.4181
37.5,47.5,33.5
43.9434,42.7764,37.4046
36.5,33.5,30.5
42.5,45.5,38.5
35.5,36.5,28.5
37.5,40.5,45.5
42.2898,40.6808,52.2269
47.4194,43.1684,38.0882
39.5,50.5,37.5
50.5,40.5,43.5
39.5809,37.6079,34.4685
36.5,41.5,29.5
46.6847,44.3088,41.4867
37.5,38.5,39.5
38.5,35.5,28.5
38.2167,45.6366,35.8295
47.5,35.5,40.5
41.8786,35.5818,49.168
39.5,45.5,29.5
36.5,33.5,40.5
36.3234,48.7942,45.3788
42.3309,32.8569,37.7845
38.5,44.5,28.5
29.5,44.5,35.5
43.5,32.5,38.5
37.5,44.5,30.5
47.5,44.5,37.5
45.5,38.5,39.5
37.5,41.5,43.5
36.5,46.5,43.5
30.5,43.5,33.5
39.5,43.5,50.5
46.5,40.5,48.5
33.5,34.5,32.5
28.5,41.5,35.5
44.5,41.5,47.5
41.5,44.5,37.5
36.5,40.5,29.5
29.5,35.5,34.5
39.5,42.5,28.5
40.5,41.5,46.5
38.5,40.5,31.5
33.5,42.5,34.5
34.5,32.5,37.5
28.5,39.5,37.5
37.5,46.5,44.5
44.5,45.5,32.5
45.5,39.5,34.5
35.5,36.5,46.5
51.5,40.5,42.5
41.5,38.5,34.5
31.5,31.5,41.5
36.5,39.5,32.5
37.5,29.5,43.5
43.5,46.5,36.5
44.5,48.5,33.5
48.5,46.5,36.5
42.5,32.5,45.5
39.7299,40.8325,47.6401
36.5,44.5,31.5
43.5,42.5,48.5
37.5,47.5,39.5
43.0394,41.9832,46.4451
43.5,33.5,39.5
46.5,38.5,29.5
32.5,46.5,37.5
43.5,34.5,43.5
31.5,47.5,39.5
31.5,36.5,34.5
47.5,47.5,43.5
40.5,28.5,36.5
51.5,42.5,39.5
47.5551,43.6198,38.9903
36.5,39.5,39.5
42.5,29.5,33.5
38.6001,42.491,47.3508
34.5,44.5,36.5
44.9013,39.7496,51.6845
34.5,36.5,30.5
31.5,44.5,33.5
40.5,35.5,39.5
34.5,37.5,37.5
43.6007,42.6759,40.395
41.5,45.5,40.5
43.5,38.5,31.5
29.5,35.5,42.5
30.5,32.5,39.5
37.6256,46.4221,36.2921
42.5,28.5,43.5
46.5,44.5,41.5
43.5,49.5,39.5
44.0178,44.5469,38.6625
28.5,36.5,43.5
34.5,33.5,47.5
43.3198,35.2141,51.392
36.5,43.5,41.5
40.8369,34.8839,41.3775
45.6543,42.2815,48.3806
37.5,51.5,42.5
49.5,33.5,39.5
36.5,40.5,36.5
44.5,30.5,36.5
42.5645,38.1133,40.2841
46.6369,41.003,34.6907
44.2319,36.2058,29.3332
47.5,38.5,34.5
31.5,37.5,33.5
38.5,39.5,34.5
40.4736,39.218,40.4355
42.5,28.5,40.5
28.5,38.5,38.5
39.8686,32.344,40.221
32.5,39.5,36.5
49.5,35.5,35.5
47.5,41.5,32.5
50.5,34.5,41.5
48.5,40.5,31.5
47.5,45.5,40.5
34.5,32.5,44.5
38.5,38.5,43.5
44.4715,44.2703,32.4158
45.5,38.5,40.5
45.0823,40.3015,50.8035
41.4641,31.1013,41.3085
39.8552,43.5879,34.2305
41.7016,41.5207,41.3559
38.5,31.5,35.5
44.5,50.5,36.5
45.5,39.5,41.5
48.5,43.5,37.5
51.5,42.5,38.5
46.3681,43.5437,44.5802
43.5,36.5,33.5
48.5,43.5,44.5
32.5,40.5,46.5
45.854,42.3452,46.2882
43.9003,44.0582,34.3363
34.5,48.5,33.5
36.6737,39.4303,31.0823
33.961,48.1391,43.5483
35.5,45.5,49.5
39.1159,34.3549,40.678
45.5,43.5,30.5
30.5,34.5,42.5
45.5,45.5,44.5
48.5,39.5,47.5
50.5,36.5,39.5
32.5,46.5,44.5
39.5,46.5,32.5
43.5,34.5,46.5
39.335,34.9376,36.687
42.0158,40.5596,53.3906
36.5,48.5,34.5
46.5,30.5,40.5
35.5,43.5,46.5
37.5,35.5,49.5
39.5,36.5,33.5
32.5,48.5,36.5
47.8562,45.404,40.0514
44.2076,42.6934,36.4142
38.5,38.5,39.5
44.5,45.5,43.5
44.5,50.5,39.5
40.1652,32.7068,55.3384
39.5,33.5,30.5
46.3641,40.607,33.7852
36.5,36.5,29.5
30.5,35.5,46.5
34.6973,48.3354,44.1705
40.1087,38.4004,43.7648
41.5826,36.9605,38.7661
31.5,36.5,41.5
48.5,41.5,40.5
30.5,37.5,39.5
44.5,37.5,47.5
28.5,40.5,44.5
41.4458,40.4977,46.9889
42.5494,33.8269,35.8607
43.8749,44.1989,43.6288
38.5,41.5,48.5
42.312,43.2799,51.5735
40.5,31.5,35.5
42.1942,33.6035,54.2368
49.5,43.5,33.5
40.5,37.5,40.5
41.2786,38.1001,36.0194
43.2497,36.8539,55.2265
39.9329,33.9536,43.4202
38.5,40.5,46.5
40.2912,31.2817,42.1731
43.7725,42.8185,38.4241
33.5644,47.1711,41.5988
32.5,44.5,39.5
41.0292,33.8764,54.9496
40.5,40.5,41.5
31.5,47.5,43.5
38.3564,30.9985,39.5333
38.5,39.5,41.5
42.4227,42.6679,43.3781
31.5,43.5,37.5
33.5,38.5,32.5
41.5,39.5,47.5
37.5,43.5,45.5
50.5,44.5,39.5
47.5,44.5,47.5
42.5573,44.1894,46.6671
42.5,39.5,29.5
40.5,38.5,50.5
45.611,39.7294,30.924
42.0129,34.2102,39.638
32.5,41.5,33.5
40.2934,42.7032,33.9039
36.5,49.5,46.5
38.5,49.5,42.5
46.5,36.5,35.5
44.3092,43.8787,47.6465
40.5,32.5,35.5
48.5,38.5,34.5
38.0535,32.8418,38.0144
36.5,48.5,32.5
44.5,43.5,32.5
39.9666,32.7459,41.3826
48.5,42.5,45.5
37.5,32.5,46.5
39.8773,37.1849,40.4375
49.5,32.5,41.5
41.5,42.5,40.5
45.3253,41.1873,49.0831
47.5,42.5,39.5
46.5,38.5,36.5
43.1875,42.1672,45.4363
39.5,31.5,40.5
38.5,40.5,49.5
41.5,41.5,44.5
48.5,47.5,37.5
45.5,43.5,36.5
47.7582,44.0229,39.9318
32.5,44.5,41.5
42.4908,42.4627,54.6404
43.5,43.5,43.5
43.5,39.5,43.5
42.4869,36.7061,44.3028
51.5,39.5,36.5
49.5,33.5,42.5
49.5,40.5,45.5
44.5,50.5,37.5
41.5,45.5,34.5
32.5,33.5,41.5
43.5,37.5,40.5
40.5,30.5,43.5
47.5,36.5,40.5
40.428,40.2895,40.5126
37.5,37.5,51.5
42.5,32.5,35.5
37.5,49.5,32.5
39.7237,33.2218,39.7078
44.5,49.5,44.5
36.2714,47.6891,37.2664
42.1781,42.5914,49.4305
32.5,35.5,47.5
41.5,40.5,51.5
40.5,50.5,35.5
42.8055,44.4919,44.4672
36.5,37.5,48.5
36.5,30.5,39.5
42.5,49.5,35.5
44.599,39.8245,52.7429
38.6043,38.7417,35.2813
45.5,44.5,45.5
42.5085,37.5025,42.3067
42.0531,43.1532,53.7169
45.5,35.5,42.5
38.5,30.5,35.5
41.5,39.5,51.5
46.5,46.5,45.5
33.5,46.5,37.5
51.5,40.5,40.5
41.5,38.5,40.5
41.4096,41.0563,33.4207
38.178,46.0187,46.3454
46.5835,44.1539,42.5168
33.5,48.5,41.5
35.5,41.5,45.5
40.9793,34.6707,38.8671
31.5,48.5,36.5
32.5,36.5,44.5
33.5,44.5,39.5
51.5,38.5,36.5
43.9532,38.5039,54.1185
34.5,34.5,33.5
35.5,46.5,40.5
38.0969,35.4277,35.6784
36.5,42.5,36.5
32.5,42.5,46.5
31.5,39.5,48.5
39.2325,31.0205,55.6854
32.5,32.5,36.5
49.5,36.5,39.5
46.5,33.5,34.5
45.5,31.5,39.5
39.5,31.5,41.5
38.5,36.5,46.5
40.5,32.5,42.5
46.5,47.5,33.5
48.5,44.5,45.5
45.3416,39.0705,30.1594
43.5,30.5,32.5
28.5,38.5,43.5
42.1717,35.8564,47.1316
27.5,38.5,37.5
37.5,46.5,43.5
37.5,37.5,38.5
43.4532,42.4958,42.4142
32.5,33.5,35.5
32.5,42.5,33.5
39.5,37.5,49.5
42.5,29.5,45.5
39.1742,36.9155,35.8611
41.9916,36.1034,36.0885
44.5044,37.5459,28.9962
47.5,42.5,43.5
39.5,44.5,36.5
41.8878,33.1902,41.4277
45.6559,45.0957,40.3265
43.5,45.5,43.5
41.115,38.4952,34.9738
43.4808,45.882,41.5504
44.5,43.5,46.5
32.5,33.5,33.5
44.5,46.5,44.5
47.5,35.5,35.5
42.2246,40.8941,51.1478
36.5,32.5,31.5
