39.5774,39.9518,24.2876
39.4058,38.859,23.964
40.7084,39.8724,24.6779
39.096,38.9838,25.026
41.2703,38.95,23.6796
39.7136,40.4475,25.2529
39.4602,38.0633,24.6529
41.8753,39.0453,24.6208
38.7075,40.196,24.9417
40.1326,38.0726,23.6647
41.2252,40.6157,25.2033
38.1564,38.6079,25.3034
42.1423,38.4522,23.4961
39.0578,41.0079,24.264
39.1167,37.4829,23.8167
41.6281,40.1021,24.0901
37.9096,39.6158,24.7907
41.2117,37.8228,23.4806
40.1023,41.1525,24.5815
38.3202,37.9846,24.4947
42.4546,39.4407,23.5879
37.6338,40.7081,24.1994
40.3565,36.9933,23.6995
41.1387,41.1712,24.2137
37.4812,38.6674,24.3467
42.2996,37.711,24.2419
39.1552,41.655,25.2209
39.1102,37.0765,24.9088
42.8067,40.1565,24.4274
37.3569,40.4253,25.4831
41.4061,36.7406,23.7831
41.0398,41.8573,25.1261
37.2748,37.7008,24.8001
43.0996,38.543,23.9624
38.0813,41.5215,24.8638
39.6882,36.2366,24.3565
42.2808,41.0911,24.2624
37.0513,39.4406,25.445
42.4406,36.7596,23.6275
39.8263,42.3129,24.7441
38.0863,37.0157,25.0433
43.584,39.5868,23.4582
36.917,41.3153,24.8839
40.8762,36.058,24.4156
41.6957,42.1126,24.1058
36.6206,38.5435,25.0438
43.2463,37.5337,23.6794
38.5299,42.5732,24.6497
39.302,36.1003,25.4173
43.0931,40.98,23.4738
36.2081,40.4661,25.3228
42.1401,36.1108,24.4387
40.74,42.7092,24.3181
37.4026,37.5926,25.8865
44.1557,38.4495,23.7689
37.2,42.1772,24.4008
40.182,35.5107,25.1848
42.6595,41.9405,23.616
35.8966,39.2759,25.0232
42.917,36.7998,24.6546
39.0631,42.8516,25.4832
38.2132,35.961,25.6261
43.8137,40.5751,24.162
36.8194,41.3921,25.9354
41.5106,35.3315,24.0212
41.6214,42.7405,24.9559
36.3369,37.6736,25.5374
43.7654,37.9644,24.6074
37.6023,43.3296,24.3268
39.4617,35.1035,24.2513
43.3397,41.4912,24.3488
36.1356,39.6473,26.0511
43.2781,36.0406,23.8814
40.4228,43.0845,25.3529
37.5089,36.308,26.3876
44.4017,39.7736,24.163
36.9514,42.4708,25.488
41.2949,35.0666,25.1558
42.3281,43.0205,24.0563
35.5434,38.3855,25.6374
44.2679,37.1914,24.0123
38.3537,43.5208,25.0798
38.9425,35.1527,25.5548
44.3119,41.6285,23.7377
36.0636,40.7496,26.3935
42.8355,35.1947,24.9746
41.0861,43.6253,24.6051
36.6816,36.6587,25.71
44.1762,38.9062,25.1652
36.6477,43.0492,24.6518
40.3681,34.4995,24.9661
43.3622,42.5407,24.2378
35.1156,39.1044,26.2496
44.3249,36.6533,24.9182
39.466,44.0286,25.6805
38.0308,35.2869,26.4616
44.8235,40.7262,24.451
35.9863,41.7411,26.4847
42.1086,34.4173,24.7527
42.0283,43.4952,25.6603
35.2671,37.3656,25.9302
44.8151,37.7672,24.6896
37.5066,44.2363,24.8722
39.0733,34.126,24.86
44.1028,42.0384,24.7913
35.1271,40.133,26.2273
43.8576,35.4206,24.5201
40.5239,44.2575,25.5674
36.7805,35.5914,25.996
45.3979,39.593,24.6434
36.0154,42.8389,25.8877
41.1741,33.983,24.239
43.0093,43.309,24.9845
35.5314,38.0046,26.7232
45.3721,36.6735,24.2838
38.4116,44.3054,25.99
38.251,34.3071,25.7928
45.28,41.7267,24.2488
34.9926,41.2144,26.4083
43.1682,34.2955,24.3786
41.5364,44.3801,25.3062
35.3369,36.3185,25.9671
45.3922,38.8033,25.39
36.4289,43.8715,25.4309
39.9001,33.5982,24.4673
44.2155,43.1658,24.8808
35.5248,39.4559,27.1421
44.8987,35.5458,24.5724
39.7079,45.1705,25.576
37.044,34.6255,26.0967
45.4208,40.5183,25.3202
35.0912,42.2593,26.264
41.7815,33.542,25.1455
42.6955,44.3728,25.0945
35.9684,37.0193,26.9125
45.3261,37.2014,25.5842
37.2362,44.5076,26.0005
38.941,33.3953,25.7209
45.1531,42.6356,24.8769
35.491,40.7711,27.3858
44.2869,34.4755,24.3205
40.7631,45.2778,25.5253
35.9584,35.5255,26.6713
45.1086,39.6191,26.0352
35.608,43.7739,26.2152
40.7024,32.972,24.8503
43.9703,44.2162,25.0309
35.8847,38.4834,27.554
45.2099,36.1417,25.376
38.6526,45.3774,25.7407
37.7075,34.1094,26.7537
46.3446,40.9661,24.2958
35.1349,41.9129,27.2664
42.8989,33.7791,25.3365
42.2711,44.4823,26.0928
34.5759,36.5416,26.5667
46.0191,37.8923,25.2384
36.6322,44.8783,25.1948
39.1496,32.9594,24.7822
44.7378,42.5223,25.9344
34.6049,39.8905,27.5419
44.8715,34.7549,25.3162
40.4532,44.7792,26.4424
35.9756,34.5787,26.2389
46.2182,39.7839,25.2782
34.5753,43.097,25.9531
41.685,32.6572,24.3618
43.2882,44.0107,25.8712
35.3332,37.5498,27.5772
46.2363,36.6144,24.9099
37.8818,45.2377,26.5328
37.8451,33.3189,25.8988
46.213,42.1375,24.3374
34.2584,41.1477,27.3031
43.7351,33.285,24.7854
41.6587,45.4335,26.0762
34.5595,35.4462,26.4879
45.5862,38.4557,26.3542
35.4681,44.5913,25.5562
39.9415,32.1855,24.6011
44.6602,43.7288,25.6438
35.4357,39.1789,28.68
45.7804,35.0856,24.8062
39.5851,45.6121,26.594
36.7353,33.6264,26.5195
46.5192,40.8122,25.4266
34.7218,42.9459,27.0342
42.6773,32.8287,24.7191
42.7463,45.3857,25.5641
34.6821,36.6836,27.8465
46.236,36.9682,26.1332
36.7111,45.4758,26.1176
38.2158,32.4186,25.1741
45.9276,42.4087,25.5656
34.8448,40.8162,28.2754
44.6479,33.662,25.0185
40.8463,46.0054,26.3692
35.3127,34.6936,27.0375
46.2213,39.3781,26.4034
34.4708,44.2675,26.1179
41.0507,31.8626,24.954
44.2695,44.3363,26.3989
35.0204,38.2273,28.275
46.474,35.6413,25.4509
38.5198,46.0543,26.6212
37.5143,32.7669,26.9046
47.1908,41.5076,24.9143
33.8991,42.0822,26.7983
43.2414,32.7469,25.5828
42.5377,45.4956,26.6681
33.9947,35.9543,27.396
46.7101,38.0375,26.1161
35.872,44.9266,26.4804
39.2775,31.9588,25.511
45.5699,43.2544,26.0112
34.7818,39.9968,28.9861
45.8306,34.2425,25.5255
40.2473,45.438,27.4283
35.6755,33.5254,26.9002
46.7545,40.4892,26.4596
33.6787,43.3917,26.4852
41.9905,32.1788,25.3027
43.5165,45.3164,26.3287
34.1001,37.5793,28.526
47.0411,36.5289,25.6511
37.422,46.3748,26.5619
37.4147,32.1145,25.9311
47.0906,42.5063,25.1904
33.7853,41.5889,28.0848
44.7926,32.6001,25.1422
41.5361,45.862,27.1733
34.2367,34.8683,27.393
47.24,39.0837,26.2393
34.8573,45.1785,26.7024
40.3221,31.9091,25.7419
45.3126,44.5324,25.7783
34.3924,38.934,28.9678
45.8371,35.1904,26.2467
39.1473,45.6423,27.6117
36.42,32.647,27.0419
47.4614,41.3497,25.9404
33.8092,42.8558,27.5536
42.9578,31.8095,25.1445
43.0391,46.3008,26.0967
33.9262,36.4235,28.4231
47.1961,36.8956,26.6269
36.179,45.9292,26.9752
38.3588,31.5329,25.8857
46.6125,43.0686,26.1378
33.9374,40.5046,28.7884
45.4879,33.1702,25.6752
40.5976,46.4486,27.2937
34.781,33.7531,27.4715
47.0299,39.7249,27.1925
33.8986,44.2804,27.0418
41.2802,31.4606,25.9593
44.5296,45.4512,26.1382
34.6972,37.9333,29.3413
47.039,35.4153,26.3488
37.8937,45.8745,27.667
36.4633,31.6889,26.6834
48.1789,42.0726,25.5706
32.9801,42.1153,27.5711
44.012,31.9535,25.5395
42.5584,46.3985,27.1445
34.3213,35.3079,28.4818
47.757,38.0492,26.6085
35.5708,45.1523,27.599
39.2925,30.8956,25.9367
46.3936,44.124,26.6019
33.8263,39.7747,29.6865
46.1831,33.6821,26.6569
40.0338,46.3056,28.189
35.2324,32.7943,27.6627
47.8784,40.7192,26.8614
32.9381,43.5192,27.2929
42.2131,31.0336,25.3898
44.1889,46.5267,26.4193
33.8913,37.009,29.4131
47.885,35.9618,26.165
36.9695,46.4056,27.5708
37.5494,31.3016,26.7243
47.8864,43.0807,25.8991
32.8612,41.2093,28.5032
44.922,32.1119,26.0779
41.69,46.9038,27.6686
33.7898,34.3387,28.2727
47.6877,38.8211,27.3696
34.4289,44.7982,27.8788
40.3842,30.788,25.6079
45.9379,45.1288,26.5451
33.8217,38.4957,29.7188
46.523,34.5677,27.0633
38.9563,46.7214,28.2773
35.4497,31.8939,27.1863
48.445,41.2722,26.2431
33.3854,43.3699,28.377
43.1188,31.4789,26.3592
43.3808,47.201,26.9627
34.1395,35.853,29.4706
48.1618,36.6203,27.2997
35.9686,46.1222,28.0609
38.7135,31.1976,26.8239
47.5507,44.0758,26.1411
32.9927,40.3808,29.2401
45.3644,32.8806,26.7867
40.9047,47.1842,28.6283
33.9449,33.0679,27.7407
48.3077,39.7057,27.0072
33.1711,44.44,27.8203
41.2934,30.2473,26.0384
45.4309,46.1963,26.9924
34.3262,37.5818,30.2958
47.8562,34.7168,26.7146
37.8501,46.7503,28.2256
36.6832,31.1435,27.6599
48.9008,42.6068,26.3223
33.0372,42.2895,28.9579
44.4661,30.9605,26.4022
42.7169,47.2292,27.9945
34.1865,34.5922,29.3359
48.5852,37.7585,27.2553
34.9081,45.6341,28.4045
40.0243,31.3356,26.8992
47.146,44.927,26.7341
33.0224,39.092,29.4294
45.8133,33.6817,27.6697
39.6958,47.3127,28.9465
34.5935,31.8104,27.9866
48.9954,40.664,27.1548
32.413,43.9176,28.4113
42.6136,30.2214,26.3329
44.5586,47.0452,27.2859
33.7741,36.3821,30.2778
48.3291,35.591,27.0949
36.798,46.6189,28.6282
37.7902,30.7717,27.6531
48.5701,43.6471,26.596
32.2128,41.1289,29.3675
44.9099,31.9105,27.2622
41.9322,46.9761,28.9331
33.5398,33.5504,28.9854
48.7198,38.7633,27.9909
33.8587,45.2951,28.5515
40.5926,30.2251,26.8314
46.2685,45.571,27.4549
33.1051,38.4076,30.5164
47.2921,34.1471,27.7298
38.7111,46.5842,29.2626
36.1935,31.8779,28.3481
49.0047,41.7265,27.2276
32.766,43.239,29.2289
43.6298,30.3599,26.7353
43.7185,47.6387,28.0464
33.4656,35.2585,29.971
48.9437,36.4654,28.0003
35.5632,46.3135,29.1207
39.1709,31.772,27.7391
48.0317,44.5585,27.1931
32.2621,40.1179,30.0121
45.5767,32.7097,27.8454
40.2781,46.5229,29.5544
34.1012,32.6314,28.7872
48.5817,40.032,28.0426
32.0876,45.1092,28.3144
41.6947,30.2416,27.0629
45.5387,47.3085,27.2882
33.1616,37.0775,30.6581
48.5834,34.6301,27.5957
37.4533,47.1879,29.2563
37.3275,31.4061,28.4186
49.2263,42.9434,27.2905
31.9981,42.0598,28.7435
44.75,30.6466,27.5271
43.0368,47.3761,29.0168
32.9808,34.4725,29.4718
48.7666,37.4771,28.2324
34.5092,46.4011,28.9778
39.9336,30.6608,27.7116
47.2496,45.1937,27.7583
33.1759,39.4699,30.7611
46.5624,32.872,27.4387
39.4458,46.9778,30.0506
35.1646,32.1313,28.7554
48.9379,40.9967,28.2169
32.0596,44.3488,29.5224
42.686,30.1318,27.5308
44.6891,48.0763,27.502
32.9128,35.8489,30.8378
49.3195,35.8015,27.2378
36.573,46.1486,29.5882
38.5013,31.176,28.386
48.9484,44.0741,27.5283
31.7172,40.1322,28.9698
46.0625,31.9732,27.1665
41.3869,46.5688,29.6661
32.8826,32.8912,28.1736
49.5278,39.4347,27.5799
32.8706,45.9683,28.4449
41.0606,29.2559,27.0717
45.9458,46.4816,27.9394
33.3688,37.7102,31.4181
48.0635,33.7502,27.1357
38.0666,47.9823,28.8916
36.2639,30.4314,28.4102
49.9336,42.2294,27.3126
32.3422,42.2604,29.8088
44.5509,29.8998,26.5925
42.9679,48.3159,28.3997
33.6439,34.2759,30.4369
49.8093,37.0219,27.8739
34.9858,45.5498,29.5287
40.1487,31.5816,28.1859
48.3626,45.5736,26.8704
32.2666,39.0428,30.1822
46.3639,33.1793,28.545
40.5088,47.6128,29.5393
34.0239,31.4351,28.9203
49.9549,40.7116,27.9815
31.204,45.0088,28.9436
42.4084,29.1041,27.2354
45.0889,47.5145,28.3015
33.6567,36.6478,31.5084
49.328,34.8123,26.8782
36.3302,47.3994,29.2849
37.6926,30.4423,28.8281
49.8071,43.8102,27.0043
31.3151,41.2636,28.8999
45.7361,30.6946,27.0481
42.6583,46.7132,29.7131
32.3978,33.2397,29.6003
49.6406,38.1094,27.9839
33.5551,46.1547,29.344
40.6292,29.8529,27.8904
47.0051,46.3091,27.7904
32.7569,38.7411,31.5611
47.6239,32.9627,27.6789
38.3124,47.6257,29.978
35.3432,30.9791,29.0124
49.6087,41.7695,28.4585
31.8517,43.3008,29.7103
43.8936,29.5639,27.4505
44.2928,48.4755,28.4409
32.8536,34.795,31.171
50.178,36.0642,27.7724
36.0236,45.6547,30.3379
39.105,31.9398,28.8948
48.6933,45.1316,27.7958
31.3747,39.4109,29.7456
46.1102,32.052,28.552
40.5805,46.8328,30.5062
33.1821,32.1593,29.0094
49.7395,39.834,28.5433
31.7827,46.0299,28.99
41.6435,29.4325,27.8992
46.146,47.5309,28.3956
32.544,36.8187,31.5367
49.1668,33.7751,27.2825
36.9123,48.3302,29.2535
36.8175,30.7898,29.3081
50.4629,43.1267,27.5651
31.2347,42.2723,29.7478
45.6063,29.6987,27.3658
42.6697,48.2962,29.4237
32.5781,33.785,30.5241
49.6711,37.4035,28.8689
34.3087,46.1692,30.0354
40.5499,30.6068,28.6346
48.0283,45.9668,27.7717
31.9318,39.2436,31.1454
47.3216,32.7867,28.7379
39.5796,48.4935,29.7911
34.7487,31.7882,29.6321
49.6439,41.0752,29.3068
31.0616,44.3574,29.8836
43.0839,28.9853,28.2424
45.2878,48.5614,28.271
33.1841,35.7951,31.8667
49.6244,35.0017,28.2353
36.1814,47.0007,30.2154
38.2535,31.1407,29.4887
49.7448,44.8963,27.327
31.0375,40.4737,29.8644
46.536,31.077,28.3247
41.4525,47.542,30.1467
32.0029,32.3084,29.1479
50.4469,39.0266,27.9817
32.6074,46.4474,29.7654
40.8014,28.7799,28.1142
46.9958,46.8955,28.7912
32.4615,37.7332,32.0508
48.7084,32.856,27.4252
38.2062,48.7547,29.7064
35.9257,30.5368,29.7921
50.56,42.2691,28.2379
31.7102,42.6172,30.5991
44.764,29.145,27.7864
43.6377,48.9486,29.1917
33.2261,33.8232,31.4945
50.493,36.6668,28.8382
34.9593,45.4465,30.8496
39.853,31.2349,29.2444
49.2243,46.2155,27.3339
30.9879,39.7026,30.7572
46.6788,32.4291,29.5107
40.0212,47.8093,30.6177
33.7079,31.8187,29.8021
50.581,40.1641,29.1684
30.5824,45.5276,29.6261
41.9803,28.3436,28.1545
45.7248,47.8583,29.313
33.3622,36.4325,32.6845
50.1799,34.2597,27.5603
36.0967,48.3112,29.999
37.7124,30.3081,30.0434
50.7095,44.2399,27.4398
30.3979,41.6124,29.6472
46.3611,30.0127,28.0227
42.6426,47.6585,30.2839
31.999,32.4743,30.3328
50.6662,37.7244,28.2495
33.2005,45.747,30.283
40.6483,29.5958,28.9661
47.9055,46.924,28.2754
31.663,38.3899,31.8558
48.3213,32.6197,28.4436
38.9808,48.2183,30.6815
34.9316,30.8522,30.2879
50.4657,41.3536,28.756
31.691,43.7712,30.6978
43.9925,28.2696,27.7733
44.5938,49.5302,29.1454
33.0597,34.6378,32.2657
50.1713,35.6861,28.934
35.6181,46.4066,31.1138
39.0838,31.7473,29.9754
49.6365,45.4716,28.2147
30.1005,39.7431,29.896
46.0339,31.5042,29.5983
40.9965,47.7927,31.0424
32.4524,31.4169,29.6782
50.3252,39.0413,29.0806
31.6078,45.6238,29.9774
41.4787,28.9049,28.939
46.8525,48.0029,29.124
32.3712,36.8037,32.7251
50.0181,33.2946,27.9371
37.1908,48.9067,30.2816
36.6961,30.0646,30.4312
51.6956,42.8024,28.1776
30.8086,41.9142,30.8142
45.7374,28.8939,28.0775
43.3791,48.4394,30.177
32.3419,33.0403,31.2794
50.7838,37.5087,29.3937
34.12,46.1539,31.0981
40.1212,30.2571,29.6743
48.9166,46.4752,28.3361
30.8396,39.0337,31.4402
47.6286,31.6933,29.0604
39.8998,48.8546,30.7694
34.4664,31.711,30.737
50.3317,41.0929,30.1185
31.646,44.8952,30.7356
42.9822,27.8094,28.1557
45.7599,49.2167,28.9887
32.3309,35.382,32.6627
50.7202,34.9611,28.2541
35.6246,47.6203,30.8562
38.6033,30.9489,30.5144
50.345,44.5517,28.4708
30.0397,40.8005,30.2063
46.562,30.2314,29.0506
41.8928,48.337,30.821
31.5068,31.5738,30.2338
51.3067,38.4635,28.4874
32.4333,45.6628,30.9447
40.4351,28.656,29.215
47.8618,47.536,29.3152
31.5995,37.543,32.7627
49.2843,32.9449,28.7366
38.0926,48.8493,30.9094
35.7855,30.4428,30.8252
51.5057,41.6648,28.5103
30.5753,43.1805,30.4535
44.8895,27.9159,28.3032
44.1213,49.3269,30.0802
32.9127,33.6264,32.6305
50.638,36.0333,29.8979
34.7872,47.0612,31.1506
39.7048,30.9728,30.4049
50.0166,46.5482,28.4981
29.9472,39.1609,30.7992
47.3055,31.5384,30.0019
40.2889,48.3565,31.6081
33.2544,31.0367,30.3437
50.4082,39.6739,30.1233
30.2647,45.6562,31.0233
42.4857,28.4771,29.1178
46.2357,48.6714,29.9788
32.1199,36.1214,33.5203
50.4177,33.9966,28.582
36.1439,48.7129,30.9992
37.4568,30.4375,31.0845
50.8549,43.5593,28.6098
29.7601,42.0617,30.4342
45.9431,29.2634,29.0546
43.0082,48.495,31.1717
31.7209,32.1098,31.3585
51.6981,37.4739,28.5058
33.0161,46.559,31.1085
40.6505,29.4349,30.0303
48.8029,47.0615,29.4949
30.5606,38.0787,32.2029
48.3264,32.3588,29.5898
38.9208,49.6069,30.9574
34.9407,31.1114,31.4029
51.4338,41.2627,29.4948
30.2913,44.1605,31.0194
44.0067,27.6262,28.6572
45.2288,49.2051,29.863
31.9694,34.253,32.2177
51.2505,35.4015,29.1798
35.6705,47.1353,31.8298
39.1786,31.8055,31.1815
50.6192,45.6335,28.8164
29.3237,40.118,30.798
46.1284,30.4936,30.0297
41.3883,48.0962,32.2319
32.0652,30.6855,30.4195
51.2034,38.8448,29.632
31.2969,46.1695,31.0192
41.4605,28.1704,29.6943
47.7633,48.7883,29.4835
31.7458,37.0472,33.8445
50.6401,32.9255,28.6821
37.0274,49.2645,31.2504
36.611,30.2727,31.8078
51.6265,42.786,29.1946
30.1117,42.6852,31.3762
45.6826,27.949,29.0943
44.0266,48.8098,31.0627
32.4735,32.6651,32.3943
51.6321,36.6343,29.3418
33.8216,47.0602,31.6081
40.0613,30.1095,30.9427
49.7692,46.6965,29.5888
29.6865,38.3353,31.3875
48.3207,31.2761,29.7008
39.5735,49.1456,31.7981
33.9163,31.0678,31.3667
51.2306,40.4568,30.1684
31.0185,44.6405,31.5598
42.8654,27.2261,29.09
45.9844,49.9928,30.1259
31.2376,35.4957,33.0322
50.3761,34.7855,29.3834
35.7045,48.1862,31.8248
38.3316,31.2229,31.527
51.1161,44.4939,29.345
29.6014,41.1814,31.1858
46.558,29.5168,29.9216
42.3469,48.8304,31.9089
31.4349,31.0807,31.1517
52.1097,38.1515,29.376
32.1433,46.6268,31.6846
40.3191,28.2932,30.243
48.7726,48.1856,29.5598
30.7142,37.6637,33.307
49.6608,31.958,29.1939
37.9645,49.8394,31.5625
35.2375,30.3725,32.1755
51.9801,42.1032,29.9398
29.8679,43.6194,32.0237
44.8969,27.2617,29.1822
44.9653,49.9508,30.5845
31.6722,33.4279,32.7537
51.6674,35.6433,30.1534
34.7292,47.3384,32.3382
39.4097,30.7633,31.4557
50.5859,46.1061,29.7739
28.9292,39.0842,31.443
47.3557,30.5395,30.1008
40.4731,48.9406,32.564
32.6831,30.8607,31.5682
51.2635,39.3998,30.6932
31.1558,45.6772,32.1204
42.4102,27.4915,30.082
47.1655,49.5817,30.2982
31.4183,35.9975,34.2668
50.764,33.7436,29.5529
36.1237,49.3653,31.9295
37.2218,31.0388,31.9788
50.9164,43.5008,29.848
29.0468,42.0975,31.3323
45.5746,29.0269,29.9625
43.3093,49.5338,31.6308
31.8395,31.4988,32.3553
52.4605,37.2119,29.415
32.8324,47.0117,32.368
40.4742,29.0313,31.1131
49.4857,47.4906,30.2666
29.7815,37.5501,32.6939
49.0286,31.8389,30.2796
38.8601,49.8647,32.1206
34.3529,31.8525,32.2155
51.4029,41.4788,30.635
30.0095,44.6975,31.9349
43.9655,27.0493,29.5483
45.5085,49.1675,31.0775
30.8702,34.2406,33.0958
51.5154,34.5804,29.7967
35.5993,47.6238,32.85
39.2029,31.6956,32.1996
51.4953,45.5479,29.9794
28.7581,40.1649,31.8604
46.9656,30.6658,31.1226
41.5173,49.2774,32.455
31.8337,30.1798,31.8099
52.0273,38.5664,30.358
31.088,46.7994,31.84
41.0073,27.1715,30.3701
48.298,49.1327,30.3083
30.6824,36.815,34.1327
50.5434,32.7953,30.0144
37.2298,49.635,32.2602
36.2956,31.027,32.4984
52.1467,43.0727,30.1123
29.6619,42.5879,32.4853
45.022,27.9428,30.1112
44.4277,49.9892,31.5633
31.4269,32.3962,32.9728
52.4052,36.3337,30.4015
33.7026,47.6132,32.6394
40.1247,29.687,31.9169
50.048,46.5362,30.6554
28.8464,38.1048,32.31
48.059,31.0955,30.7697
39.468,49.3086,32.8887
33.5369,31.126,32.3363
51.2288,40.4396,31.448
30.5903,45.1817,32.9556
42.776,26.4267,30.0462
46.6101,50.1044,31.0904
30.9131,34.9099,33.9415
50.6001,34.4616,30.4153
36.0809,48.803,32.832
38.0866,31.4334,32.5519
50.8198,44.4524,30.3271
29.2061,41.1269,32.3342
45.9514,29.555,31.0084
42.6773,49.9564,32.4888
31.0491,30.8623,32.2042
52.9474,38.1331,30.0795
31.6824,46.7223,32.7901
40.517,28.0193,31.3023
48.7107,47.9823,30.7411
29.7162,37.1301,33.639
50.1062,31.891,30.4254
38.081,49.9893,32.8719
35.3078,31.3808,32.6104
51.9582,42.138,31.1879
29.9908,43.6231,33.1752
44.6315,26.8375,30.3888
45.5216,49.9334,31.7481
31.1049,33.231,33.7746
52.5558,35.0582,30.2262
34.5825,47.5195,33.4056
39.7673,30.7214,32.4523
51.3148,46.4496,30.5814
28.9496,39.2612,32.451
47.9107,29.9753,30.9202
40.5005,49.9998,32.7372
32.6483,30.427,32.554
51.9177,39.3712,31.5584
30.4016,46.277,32.5105
41.7496,26.5047,30.7829
47.4796,49.3791,31.3335
30.5209,35.7787,34.8386
50.7171,33.4462,30.8238
36.278,49.9279,33.0337
37.0403,31.8786,32.9239
51.4326,43.726,30.9127
28.6601,42.0039,32.6762
45.4898,28.466,30.9225
43.5317,50.5114,32.1884
31.4235,31.186,33.3655
53.2476,37.0045,30.3936
32.6664,47.8494,33.1234
41.0446,28.9743,32.1931
49.3837,47.472,31.3129
28.9562,37.808,33.3883
49.2581,30.8953,30.9102
38.8576,50.0665,33.6238
34.2875,30.7194,32.8567
51.6474,41.284,32.042
29.5488,44.92,32.9723
43.7457,26.2335,30.6095
46.4141,49.5465,32.1062
30.2766,34.0207,34.084
51.8028,34.467,30.9143
35.434,48.405,33.5995
39.1268,31.4815,33.4164
50.7888,45.4355,31.0398
29.1125,40.1823,33.0679
46.7495,29.6381,31.8643
41.6143,50.3353,32.9851
31.6822,30.1404,32.8311
52.9286,38.8065,31.1856
30.9314,47.6048,32.9253
41.1056,27.26,31.6305
48.3398,48.9613,31.7811
29.7752,36.9389,34.8065
50.6993,32.4304,31.1598
37.2065,49.8152,33.5119
35.9751,31.5205,33.3853
52.2694,43.2892,31.43
28.9977,43.1755,33.2707
44.6666,27.8298,31.0879
44.7315,50.3698,32.4983
31.2661,32.1059,34.0244
53.3888,35.92,30.7392
33.5359,47.8265,33.706
40.5492,30.051,32.7755
50.4416,47.4562,31.1169
28.2126,38.7705,33.0385
48.5014,30.6009,31.6224
39.7951,50.6179,33.3037
33.3777,30.6975,33.337
52.1523,40.2713,32.1388
29.7273,45.8906,33.4143
42.5733,25.9111,31.033
47.2622,50.2276,31.9431
30.0853,34.8119,34.7417
50.9143,34.3145,31.4734
36.1283,49.2314,33.9155
37.927,31.3691,33.7328
51.51,44.7214,31.5441
28.7688,41.3343,33.4762
46.5038,28.6257,31.5659
42.7384,51.1385,32.7996
30.521,30.4377,33.2868
52.7292,37.7642,31.0848
31.7791,47.5924,33.7166
40.7826,27.941,32.4292
49.2689,48.5281,31.7878
28.9226,37.4005,34.3253
50.0669,31.4575,31.4464
37.8789,50.7599,33.6406
35.0734,30.9649,33.644
51.8395,42.297,32.2889
29.2196,44.2094,33.7306
44.013,26.9773,31.3072
45.6332,49.6914,33.0981
30.1846,32.7316,33.9856
52.7121,35.1268,31.2845
34.4401,48.3721,34.2919
39.7838,30.6854,33.8645
50.6709,46.5006,31.6153
28.217,39.8531,33.4604
48.0369,29.6938,32.0088
40.8092,50.8319,33.6461
32.4504,30.1962,33.6314
52.9409,39.5719,31.9262
30.6108,46.59,33.5964
42.1191,26.6201,31.8896
48.3944,49.9639,32.1618
29.2767,35.6281,35.5549
50.7078,33.284,31.886
36.533,50.347,34.2201
36.792,30.9131,33.6783
51.2763,43.6709,32.0265
29.5485,42.1291,33.6386
45.696,27.9448,31.9001
43.8777,50.357,33.2596
30.9834,30.8437,34.3295
53.5795,36.8331,31.4437
32.603,48.4059,34.0831
40.7607,28.9338,33.2104
49.9144,47.6755,32.1973
28.6782,38.4985,34.4962
49.6856,30.3635,31.7706
38.9955,51.4225,33.6133
34.1715,30.5255,34.1061
52.4294,41.3851,32.7119
29.8901,44.9963,34.0115
43.6517,25.8124,31.6698
46.6355,50.3875,32.7772
29.4396,33.4348,34.3963
51.8772,34.7477,31.9529
35.3023,49.0669,34.5609
38.7173,30.5741,34.3439
51.4333,45.7143,31.9013
28.7,40.5305,34.1754
46.9907,28.8839,32.6766
41.9137,51.2385,33.6157
31.4108,29.8615,33.7951
52.7411,38.5861,32.3744
30.6207,47.5856,33.9684
41.998,27.4013,32.5479
49.3844,49.4831,32.3896
28.7208,36.3673,35.0276
50.234,32.3399,32.1325
37.4899,50.195,34.5749
35.8766,30.6023,34.1451
52.2244,43.2823,32.6176
29.661,43.1554,34.1735
45.1031,26.9086,31.7787
44.9384,50.5063,33.79
30.198,31.7494,34.4339
53.4266,35.6588,32.0288
33.5178,48.1142,34.8665
40.6769,29.8263,33.8361
51.0684,47.3308,32.2316
27.908,39.1696,34.1065
48.8244,29.8038,32.7014
40.007,51.4925,33.9664
33.2132,30.0483,34.3727
53.1701,40.5216,32.6855
30.5845,45.7394,34.3832
42.7352,25.7544,32.0741
47.6183,49.9497,33.0402
29.2501,34.2738,35.1051
50.8111,34.3931,32.646
36.214,49.5667,34.9221
37.899,30.0194,33.8564
50.8598,44.4781,32.6191
29.6546,41.1014,34.2604
46.6635,27.8629,32.4227
43.1306,51.2023,33.8125
30.3001,29.9355,34.2827
53.3933,37.4243,32.2984
31.4688,48.3318,34.4808
41.041,27.6846,33.4936
49.1812,48.2321,32.8201
27.8779,37.295,34.5013
50.2847,30.8429,32.4581
38.4746,50.8622,34.5748
35.0649,30.1112,34.7355
52.4141,42.3546,33.3143
29.3654,44.2868,34.7366
44.1011,26.5059,32.4587
46.0944,50.532,33.6848
29.3014,32.393,34.7148
52.8334,34.8843,32.4037
34.3444,48.7316,35.3386
39.6567,29.7174,34.5602
51.4393,46.3372,32.7318
28.8708,39.6249,34.7062
48.1478,28.993,32.9665
40.9766,51.5887,34.3609
32.21,29.4586,34.4283
53.1992,39.3725,32.9637
30.5364,46.7697,34.8046
42.2034,26.4266,32.9252
48.7129,50.3422,33.2818
28.5261,35.3042,34.8432
50.2454,33.1677,33.2408
37.1195,49.8674,35.4858
36.6927,29.839,34.1995
50.9412,43.4285,33.0459
30.1215,42.2338,34.6168
46.0674,26.9348,32.3741
43.9608,50.7469,34.3137
29.7518,30.7064,34.8913
53.9461,36.433,32.5408
32.6602,48.7739,35.0906
40.4888,28.3422,34.1662
50.3677,48.2451,33.0463
27.5579,38.2548,34.8825
50.0072,29.9821,32.9893
39.2499,51.5852,34.7996
34.0254,29.4134,34.179
52.5649,41.0139,33.7266
30.4685,44.4512,34.7127
44.0953,25.28,32.5336
47.0645,50.9137,34.0781
28.5834,33.2116,35.0465
51.8064,34.537,33.0448
35.1403,49.7141,35.4499
38.6904,29.1904,34.1967
50.74,45.5666,32.8007
28.9456,40.6088,35.2399
47.8009,27.8939,32.572
42.2587,51.7019,34.64
31.1819,29.0624,34.5595
52.9887,37.9867,33.2095
30.6268,47.8901,35.1299
41.429,26.6433,33.7272
48.6466,49.2272,33.2816
27.7223,36.0599,34.831
50.4188,31.7502,32.9922
37.8673,50.7485,35.5554
35.8245,29.2843,34.5266
51.3628,42.4331,33.2767
29.6372,43.0208,35.2359
45.0497,26.8905,33.0344
45.2892,51.3347,34.5668
29.3297,31.7902,35.6158
53.9361,35.0265,32.785
33.3481,48.7126,35.9807
40.7735,29.2016,34.9526
50.7611,46.9783,33.3152
27.9672,39.2225,35.314
49.3452,29.1704,33.4007
40.3361,51.9846,35.1408
33.1574,29.0243,34.7635
52.5325,39.8488,33.7619
30.4265,45.839,35.4826
42.7919,25.6811,33.2976
47.7697,49.8705,34.1995
28.1836,34.2874,35.5633
51.2056,33.6125,33.4396
36.2073,49.8094,36.0417
37.767,29.5879,34.8429
50.0647,44.2693,33.3698
29.4551,41.5778,35.2653
47.1149,27.2617,33.2916
43.0624,50.7893,34.8872
30.7018,30.1249,35.3743
53.2181,36.9064,33.3444
31.5555,48.328,35.7828
41.0618,27.4441,34.5732
49.71,48.6494,33.7874
27.7283,37.4155,35.5571
49.5928,30.9131,33.321
38.2854,51.8433,35.1113
35.0823,29.2025,35.2829
52.013,41.6754,34.3011
29.7958,44.0179,35.7732
44.8789,25.7444,33.1164
46.1748,50.7311,34.8178
29.6859,32.8496,35.6344
53.0914,34.4975,33.4188
34.4609,49.2832,36.3625
39.666,28.6784,34.8099
51.0734,46.0023,33.8111
28.7764,39.6777,35.8481
48.6558,28.4755,33.8214
41.285,51.6805,35.3663
32.0442,28.5359,34.8832
52.5237,38.7122,33.7823
30.2022,47.1236,35.876
42.1877,25.878,34.3216
48.842,49.9521,34.2874
27.8805,35.2741,35.7459
51.193,32.5073,33.6453
36.8533,50.6954,36.1589
36.6874,29.4344,35.261
50.1662,42.81,33.409
30.2702,42.1771,35.7134
46.0478,26.902,33.4735
44.17,51.0346,35.2805
30.2792,30.9811,35.8505
53.2115,35.7356,33.4317
32.2898,49.1336,36.0128
41.2372,28.2581,35.1916
50.1904,47.7334,33.9751
27.5467,38.3565,36.1474
50.0139,29.8795,34.0802
39.4523,51.133,35.6807
34.044,28.6515,35.3344
52.0092,40.5498,34.5395
30.1339,45.1453,36.2911
43.7573,25.167,33.5038
47.3832,50.1903,35.1568
28.8803,33.6941,36.0578
52.2792,33.664,33.4709
35.1528,50.1521,36.5698
38.3826,28.8612,35.2466
50.9083,44.9924,33.7626
29.4473,40.5963,36.2237
47.6221,28.1236,33.8343
42.2283,51.0284,35.5207
31.4934,29.2994,35.5186
52.4393,37.5471,34.0319
30.6109,48.2276,36.1497
42.0913,26.6786,34.953
49.3558,49.2032,34.764
27.861,36.3684,36.0885
50.3801,31.7393,34.0531
37.5509,51.7176,35.938
35.9912,28.7488,35.7025
50.6358,41.927,33.9435
30.4489,43.1624,36.0167
45.6186,26.1564,34.2201
45.3248,51.2594,35.6825
30.2866,32.2037,36.3186
53.9979,34.7606,33.9247
33.436,49.6702,36.3745
40.4451,28.6067,35.8712
50.868,46.9465,34.3543
28.2992,39.0137,36.4696
49.1385,29.1943,34.4806
40.5665,51.2841,36.1972
32.9997,28.6318,35.7275
51.5753,39.2065,34.2337
30.5445,46.1674,36.5498
43.4174,25.7087,34.4669
48.3122,50.6081,35.1196
28.3085,34.6927,36.5381
51.3785,33.0744,34.5626
36.098,50.4001,37.0493
37.6601,29.3967,35.8197
50.6954,43.7193,34.2393
29.5069,41.8313,36.359
46.6747,27.6913,34.15
43.3366,51.2609,35.8092
30.9097,30.1021,36.4585
52.6009,36.3695,34.2759
31.2418,49.0589,36.6079
41.7657,27.6099,35.9062
50.1973,48.5703,34.7632
27.6681,37.39,36.647
49.8003,30.9677,34.4389
39.0522,52.0242,36.3395
35.0314,28.2746,35.9505
51.0541,41.1203,34.4222
30.8397,44.2481,36.2198
44.7162,25.348,34.0967
46.5634,51.2191,35.6556
29.6567,33.049,36.6861
53.0213,33.8937,34.2511
34.1789,50.1056,37.0491
39.4027,28.9051,35.8261
50.5885,45.7538,34.7131
28.6469,40.2831,36.8173
48.1576,28.9019,34.7146
41.6689,51.2633,36.3225
31.895,28.2503,36.0203
51.6391,38.146,34.4283
30.9799,47.2014,36.9411
42.9368,26.0971,35.308
48.9807,49.7882,35.6569
27.6453,35.4526,36.9342
51.0132,32.1362,34.7535
36.9188,51.1325,37.1869
36.8848,28.9428,36.3986
50.1351,42.719,34.6936
30.7169,42.4004,36.7823
46.749,26.3601,34.1054
44.466,51.3204,36.2571
30.4258,31.0185,36.9049
53.4209,35.6962,34.5159
32.2507,49.7395,36.953
40.6477,27.3358,35.7121
50.2204,47.4313,35.0026
28.448,38.1472,37.0363
49.7091,30.037,35.0792
39.5616,51.1527,36.8253
33.9518,28.0355,36.2131
51.1235,40.0337,34.7463
31.1876,45.1706,36.6912
43.9217,24.5237,34.3536
47.6413,50.9962,35.8766
28.3787,33.6069,37.0504
52.4964,33.0333,34.6754
34.9866,50.7585,37.662
38.595,29.3386,36.3816
50.5316,44.7171,34.8913
29.2355,41.0441,37.2255
47.5267,28.1077,34.9508
42.6002,50.8729,36.6826
31.0835,29.028,36.4997
52.4241,37.3974,35.1624
31.0711,48.2631,37.6946
42.2995,25.9461,36.0891
50.1439,49.3883,35.5504
27.149,36.4331,37.0232
50.0132,32.2635,35.1599
38.0889,52.0219,37.1221
36.1343,28.1154,36.5652
50.2903,41.7385,35.2684
31.3678,43.2193,36.7067
45.6753,25.1138,34.5467
45.8241,51.2997,36.7897
29.4889,31.7704,37.0678
53.5358,34.7184,34.9904
33.0443,50.4156,37.2644
39.8027,27.8686,36.2621
51.4419,46.714,35.1989
28.4131,39.4808,37.4992
48.9015,29.3915,35.497
40.9311,51.2327,37.1928
32.9147,27.9385,36.506
51.1332,39.0743,35.1697
31.4184,46.1651,37.0047
43.0612,25.0316,35.4231
48.8512,50.7333,36.3708
27.7535,34.4926,37.3915
51.886,32.3116,35.2832
35.9514,51.6025,37.5759
37.6569,29.1102,36.9595
50.3618,43.7297,35.2765
29.756,42.4974,37.3802
47.2469,26.9823,35.0887
43.8598,50.7102,37.0256
30.2467,29.645,37.2473
52.9993,36.488,35.1967
31.6636,49.0803,37.6078
41.2082,26.4499,36.3774
50.0684,48.1648,35.8353
27.7104,37.5831,37.7166
49.229,31.3635,35.2485
39.2124,51.9471,37.4332
34.6988,28.309,37.0851
49.793,40.7697,35.1215
31.8233,44.3621,36.9149
44.7831,24.1557,34.9727
46.8802,51.616,36.761
29.1001,32.719,37.6769
53.2527,33.426,35.4941
33.9811,51.1978,37.4386
39.2642,28.6672,36.8594
50.8263,45.6042,35.7333
28.2415,40.8941,37.5793
48.241,28.3739,35.6761
41.9145,50.7299,37.4874
31.9814,28.5865,37.214
51.9823,38.2863,35.532
31.1618,47.1179,38.2726
42.0493,24.7646,35.512
49.7202,49.9903,36.4489
27.1593,35.4438,37.8392
51.1862,31.4789,35.5612
37.0991,52.0516,37.7379
36.9165,28.3581,37.3423
49.4384,42.449,35.781
30.9623,42.6822,37.7643
46.3463,26.1331,35.2096
44.8131,51.213,37.2487
30.0606,30.8021,37.8969
54.0582,35.5251,35.4718
32.3259,49.9763,37.9827
40.52,27.1923,36.8354
51.1596,47.5619,35.6316
28.013,38.5742,37.8843
49.1463,30.2007,36.1495
39.9575,50.9171,37.9123
33.6918,27.6906,37.2463
50.972,39.9052,35.7972
31.5458,45.4252,37.757
43.8015,23.9931,35.449
48.0492,51.4337,36.8874
27.9414,33.354,38.0431
53.1356,32.4073,35.4034
34.6657,52.0136,37.9032
38.7299,29.0281,37.7398
50.6502,44.5921,35.9719
28.8576,41.8169,37.9426
48.0779,27.2967,35.7604
42.9337,50.6674,37.6764
31.1196,29.1211,37.6896
52.2416,36.693,36.0206
31.8945,48.1718,38.4392
41.3193,25.3705,36.2533
50.0115,48.9981,36.5477
27.1219,36.7165,38.048
50.1812,31.982,36.2813
38.1395,52.1322,38.2836
35.575,27.8882,37.4173
49.0701,41.5329,35.5524
31.9071,43.2223,37.7094
45.3724,24.915,35.6611
46.2271,51.2292,37.8268
29.3133,31.625,38.1154
54.2954,33.8454,35.0771
32.8478,51.1141,38.0954
40.5029,28.3816,37.0227
51.0981,46.5247,36.1418
27.436,40.0693,37.6709
49.0547,28.8061,36.4511
40.6273,50.1623,37.5383
32.733,28.0909,37.8564
51.8385,39.2113,36.0638
30.5457,46.2947,37.8252
42.787,23.4966,35.391
49.7552,51.3309,36.3339
26.8345,34.3724,37.8327
52.4698,31.473,35.6339
35.9893,52.5518,38.0695
37.5197,28.8297,38.0986
49.8571,43.3075,36.233
29.972,41.5257,38.3314
48.0721,26.2531,35.2961
43.8064,51.8332,37.38
30.7543,29.9397,38.3941
53.0811,35.8469,36.0783
32.0229,49.2667,38.6832
40.7743,26.2233,37.3161
51.0434,48.4154,36.4099
28.439,37.6627,38.5249
49.1628,31.2154,36.307
39.0882,51.3953,38.3886
34.674,27.2815,37.5058
50.1623,40.4571,36.0879
32.1537,44.4775,37.9195
44.4153,25.1124,35.9456
47.3928,51.5152,37.8741
28.6604,32.7926,38.7107
54.1381,32.7498,35.159
34.2683,50.9842,38.4308
39.2969,29.9324,37.304
51.5876,44.4735,35.5785
28.9453,40.8113,38.3317
47.2154,27.8133,36.1062
42.5081,49.7198,37.5004
31.0058,28.1824,37.1194
52.3798,37.7617,36.3483
30.4447,47.9278,38.5315
42.1446,24.8918,36.6168
50.7711,49.9039,36.6541
26.1567,36.0536,38.0117
51.0726,32.5273,35.9618
37.5851,52.9998,38.0476
35.9803,28.8836,37.6718
49.8728,41.4467,36.3315
32.2826,42.0649,37.5408
46.3653,25.1488,35.7805
45.4093,51.3747,38.5044
29.1332,30.3298,37.7361
54.349,34.4466,36.023
31.7282,50.9486,38.0587
39.7128,27.8178,37.4124
52.307,46.9208,35.8965
28.0702,39.5378,38.5359
48.1626,29.517,36.3205
41.0819,51.025,38.2789
33.13,26.7509,36.8799
50.7866,38.8108,36.128
31.7299,46.1907,38.5226
42.9914,24.1796,36.1919
49.0975,51.5476,37.1322
27.4696,34.2359,38.6472
52.6839,32.5875,36.4225
35.4092,51.5325,38.5334
37.822,29.8496,37.7254
50.8773,43.6292,36.4617
29.6721,42.5448,38.5532
47.3473,26.571,36.0633
43.9731,50.7908,38.0378
30.0065,28.9835,38.0554
53.2639,37.1725,36.0869
31.0452,48.9071,38.538
40.0427,25.575,36.6711
50.2276,48.0012,37.0475
27.5703,37.1047,38.8374
48.8358,32.5005,36.1572
39.0449,52.5866,38.2587
34.8384,28.1962,38.1996
49.0362,40.595,35.9738
32.8237,43.7762,37.4293
45.0215,23.916,36.0452
46.6408,52.3541,37.6641
28.1969,32.0144,38.1812
54.1572,33.3113,36.0104
33.4814,51.7945,38.7332
39.8011,29.1609,37.8288
51.7604,45.4337,36.26
27.672,40.7618,38.4453
48.0994,28.3835,36.7713
41.5902,49.7051,38.1216
31.8238,27.5966,37.5656
51.7194,38.3981,36.8593
30.121,46.8908,38.7247
41.9087,23.8576,36.3092
50.393,50.6628,37.2355
25.9206,34.9556,38.3924
51.5642,31.6811,36.5644
37.0954,52.4572,38.9232
36.7526,29.8697,37.5116
50.031,42.4854,36.8413
31.4613,41.8537,38.2189
47.3538,25.4648,35.4904
44.5835,51.8959,38.242
29.5214,30.0789,38.6435
53.9558,35.2215,36.7124
32.1046,50.2983,38.9846
40.3117,26.9917,37.9577
51.8254,47.6567,36.5607
27.632,38.2838,38.7909
48.0971,30.7868,36.5826
40.1995,51.1073,38.9858
33.7716,26.651,37.8766
50.522,39.665,36.7801
32.5011,45.4384,38.2403
43.9261,24.4931,36.6138
48.335,51.8156,37.8023
28.1804,33.4603,39.3384
53.8165,31.9326,36.1555
34.6434,52.0703,39.0438
38.7941,30.1002,38.2383
51.5298,44.4411,36.7121
29.1923,41.6014,39.1168
47.9485,27.1659,36.8512
43.4476,49.7267,38.3309
30.8497,28.2473,38.4024
52.8119,36.5738,36.8435
31.1966,47.5155,39.2253
40.7371,24.4414,36.7859
50.5627,49.1439,37.4693
26.521,37.0257,39.038
49.9724,33.1373,36.091
38.37,53.4078,38.7183
34.8357,29.2357,37.8045
48.7138,41.4881,36.5741
33.0779,42.7885,38.0603
46.0754,24.2144,36.1785
46.3854,51.6861,38.8333
28.278,30.9135,38.0223
55.2145,33.7044,36.1231
32.2596,51.7325,38.8616
40.4789,28.3343,38.0695
52.0438,46.2907,36.7306
26.9143,40.0176,38.8875
48.7683,29.4388,37.2522
40.6674,49.7759,38.622
32.2922,26.5988,37.5282
51.6765,39.4091,37.1701
30.6252,45.9448,38.953
42.642,23.0948,36.5789
50.0627,51.7834,37.565
26.324,33.9781,38.8399
52.6001,31.5218,36.8385
35.9748,52.2106,39.0705
37.0352,29.788,38.538
50.1362,43.9151,37.2183
30.7909,42.222,38.9494
48.3281,25.8541,36.3174
43.5231,51.9019,38.4964
29.9933,29.4514,39.5013
54.2038,36.3452,36.475
30.9957,49.6097,39.2911
39.4568,26.0404,37.594
51.2594,48.1776,37.459
27.6945,37.4912,39.8147
48.3068,31.9254,36.769
39.7362,52.0892,38.9087
34.0381,27.5528,38.4355
49.4474,39.7946,36.6955
33.1949,44.577,38.335
45.0703,24.5805,36.9134
47.6619,52.3278,38.5568
27.6968,32.543,39.2649
55.0542,32.5069,36.4548
34.2144,51.2176,39.5609
39.8235,29.7904,38.7611
52.5125,44.3887,36.2486
28.0568,41.4739,39.0711
47.1663,27.9635,37.291
42.5447,49.2225,38.5635
30.8773,27.2284,37.5637
52.0606,37.343,37.2801
30.1461,47.5509,39.5734
41.587,24.2783,37.5588
50.9866,50.0097,37.9489
26.2531,35.8408,39.0137
50.9907,33.3589,36.7022
37.2451,53.5714,38.9165
35.8327,29.3535,38.6188
49.9659,41.6201,37.4476
32.5898,41.9225,38.6151
47.1137,24.5619,36.5377
45.3539,52.4787,38.8116
28.2705,29.7914,38.2489
54.7798,34.487,37.0779
31.2984,51.0415,39.2299
39.4336,27.6072,38.5282
52.8295,46.9956,36.8423
27.6587,39.1772,39.5405
47.784,30.2436,37.4097
41.3217,50.6217,39.3967
33.2409,25.8267,37.5385
50.7618,38.719,37.203
31.6996,45.2864,39.0118
43.2474,23.8124,37.1856
49.2995,51.3724,38.2408
27.0742,33.4252,39.5831
53.2043,32.1255,37.3331
35.4559,51.5331,39.7541
37.9875,30.8076,38.5894
51.2433,43.9324,37.5593
29.8794,42.3269,39.7123
48.9038,26.724,36.7729
43.5392,50.9557,39.0534
29.9109,28.2634,38.8256
54.0752,37.2299,37.0401
30.6892,48.5303,39.5962
39.8113,24.7909,37.4571
50.4531,48.2657,38.141
26.6304,37.3285,39.9858
49.1693,32.7649,37.2315
38.9495,52.5153,39.3701
34.1122,28.5467,38.9783
49.2055,40.678,37.3665
33.651,43.5257,38.4918
45.5304,23.5666,36.9509
46.8391,52.7015,39.2427
27.6853,31.4513,39.1499
54.627,33.2078,37.1372
33.0018,51.5826,39.7181
39.8089,28.6011,38.8174
52.8591,45.3502,36.6901
27.9544,40.4598,39.482
47.7162,28.8109,37.6937
41.437,49.0122,39.0892
31.7621,26.9223,38.4727
52.5891,38.6827,37.7444
29.8969,46.3802,39.6461
41.7366,22.8244,36.902
50.6145,51.0772,38.1584
25.7158,34.6312,39.4589
52.0784,32.3261,37.329
36.4708,53.1204,39.679
36.0893,30.3556,38.5258
49.5522,42.7964,37.7354
31.6447,41.4813,39.2296
47.378,25.5757,36.7716
44.2268,52.6996,38.948
29.1101,29.0661,38.8585
54.9377,35.7049,37.0943
30.3504,50.3983,39.7039
39.6554,26.4049,38.5972
52.1167,47.363,37.5677
27.0018,38.3084,39.9156
47.8346,31.4203,37.5156
40.9948,51.7395,39.4181
34.6297,26.6249,38.5963
49.6731,39.1186,37.6301
32.6982,44.9623,39.2663
44.2547,23.9738,37.5263
48.7643,52.1568,38.8988
27.555,32.7676,40.3525
54.205,31.2079,36.9151
34.6265,51.9914,40.2948
39.1586,30.4134,39.4429
52.3132,43.7522,37.0544
28.7499,42.2026,40.0986
48.3257,27.5958,37.6531
43.3011,49.8336,39.4837
30.0769,27.2538,38.3236
53.2436,37.6008,37.8492
30.8132,47.8094,40.3584
40.6742,24.0847,37.9784
50.7433,49.1879,38.6526
26.2974,36.3246,39.9933
50.1814,33.225,37.3724
37.9591,52.8998,39.6692
34.8083,29.2732,38.8546
48.7556,41.7089,37.7256
33.3877,42.576,39.0416
46.291,24.5504,37.2124
45.7789,52.0696,39.7939
27.5557,30.4169,38.7758
55.5472,33.7712,37.2161
31.9147,51.5244,39.9154
40.7571,27.8342,39.0586
52.6571,46.0912,37.5429
26.7848,39.7289,39.9004
48.2861,29.6229,38.2517
41.051,49.6871,39.8691
32.7628,26.3993,38.5185
51.3117,38.8532,38.0969
30.6939,45.367,39.806
42.481,23.1547,37.6564
50.1605,51.8787,38.7545
26.5708,34.326,39.9288
52.4462,31.3223,37.8469
36.1739,52.2579,40.1587
36.8936,30.8914,39.0825
50.4717,43.3,38.0981
30.7382,41.779,39.8919
48.0237,26.2303,37.3041
43.6922,51.9993,39.5518
29.4171,28.3107,39.8714
54.4029,36.4519,37.708
30.3537,49.4107,40.1076
39.5384,25.2979,38.7621
51.1727,47.3385,38.1031
26.7091,37.9739,40.8687
48.6836,31.8847,37.8275
39.9056,52.573,39.8851
34.7543,27.6061,39.2978
49.2852,40.0612,38.2453
33.1023,43.925,39.359
45.2281,23.8508,38.0291
47.7556,52.1634,39.5807
27.8239,31.7612,40.2229
54.5209,32.1685,37.4344
33.9153,51.15,40.6663
39.4845,29.1607,39.6883
52.7545,44.5577,37.5525
28.3467,41.2269,40.0973
47.3082,27.8325,38.3762
42.167,49.4696,39.7397
30.8849,26.2968,38.7139
52.2784,37.5565,38.3944
29.8708,47.2493,40.5592
41.3174,23.2459,38.0773
50.4317,50.1535,39.1746
25.4094,35.6985,39.6757
51.0626,32.7142,37.8812
37.2778,53.6018,40.0785
35.4379,29.9836,39.3314
49.516,42.1099,38.5166
32.6837,41.9271,39.7021
47.0317,25.2346,37.7228
45.1027,52.97,39.7886
27.6355,29.3901,39.1315
55.438,34.7888,37.8404
31.0338,50.9834,40.3572
39.9109,27.1853,39.3385
52.9598,46.9905,38.1233
27.159,39.1703,40.7896
48.1623,30.7264,38.3521
40.6457,50.8241,40.235
33.8138,25.7439,39.1194
50.3733,38.4298,38.2345
31.9165,45.4209,40.0669
43.2424,23.4497,38.3485
49.287,51.2649,39.3789
26.6171,33.4327,40.5473
53.5722,31.2878,37.7874
35.4899,51.8782,40.9471
37.6469,30.2341,39.4559
51.7601,42.8499,37.9291
29.6756,41.3049,40.0323
48.9354,26.6502,37.9317
44.0616,50.52,39.9479
29.1709,27.0324,39.0605
54.257,37.4834,38.0938
29.7581,48.4676,40.3783
39.8507,24.0116,38.7148
50.7615,48.2526,39.1339
26.0873,36.9602,40.7644
49.6119,32.6466,38.3109
38.6455,52.4851,40.3532
34.8608,28.6849,39.8902
48.4728,40.9456,38.3773
34.2017,43.6996,39.3544
46.357,23.3537,37.8338
46.8753,52.0872,40.1168
27.5334,30.8068,40.0094
55.5676,32.7316,37.5617
32.9629,51.8506,40.828
40.4825,28.5423,39.9058
53.7041,45.2649,37.9748
27.4909,40.3287,40.5189
47.4573,28.8815,38.8007
41.5317,48.8301,40.3393
31.8184,25.672,39.0984
52.1405,38.5278,38.8491
30.7687,46.5726,40.4755
41.972,22.3429,38.3477
50.9697,51.1448,39.5376
26.2026,35.1227,40.4587
51.6132,31.8352,38.3737
36.6522,53.1333,40.8606
36.4381,30.0618,39.6767
50.5477,42.2677,38.6745
31.8277,41.5425,40.2384
48.0358,24.9205,37.6672
44.3795,52.3895,40.3506
28.1455,28.5292,39.6369
55.3249,35.8589,38.2538
30.6861,50.1265,40.8237
39.8112,26.0414,39.6209
52.0679,47.202,38.6516
26.0799,38.9935,41.0244
47.3922,31.8107,38.5367
40.4784,51.895,40.4462
34.0845,26.8035,39.5013
49.5778,39.0753,38.721
32.807,44.4335,40.2635
44.4207,23.5742,38.7834
48.9454,52.1042,40.0544
26.4751,32.3068,40.5618
54.6867,31.1643,37.9226
34.7239,51.2803,41.3864
38.1676,29.3811,39.9862
52.3652,43.7033,38.2236
29.1655,41.8291,41.0205
48.2245,27.1002,38.649
43.4745,49.4596,40.4377
30.0671,26.5896,39.536
53.2847,37.5262,38.9275
30.2528,47.958,41.1771
40.8002,23.6925,38.965
51.4982,49.3341,39.433
25.0974,36.0883,40.6488
50.418,33.3816,38.6651
38.2414,53.6405,40.5713
34.4085,29.6444,39.8702
49.2839,41.1196,38.8898
33.1289,42.9147,39.9841
46.9065,24.1756,38.1676
46.1487,52.8611,40.3994
27.1895,29.8379,40.0416
55.9096,33.9002,38.3537
31.9694,51.5496,41.1221
40.6388,27.479,40.0556
53.2251,46.0613,38.5528
26.5216,40.5444,40.8852
48.0837,29.8475,39.2481
41.7741,50.5418,40.5751
32.6478,26.203,39.5532
50.9115,38.7637,39.2016
31.021,45.4927,40.9202
42.9286,22.562,38.8337
50.0426,51.8109,39.9886
26.8478,34.3841,40.9694
52.7712,32.113,38.5349
35.5462,53.1928,41.3047
37.1304,30.384,40.3734
51.3475,43.5096,38.9219
30.541,40.6852,40.4091
48.5802,25.7431,38.1976
43.5527,51.4014,40.5397
28.3885,27.2235,39.7704
55.1466,36.9239,38.3788
30.1046,49.1514,41.1598
40.1972,24.7724,39.4551
51.0464,47.1689,39.2337
25.6809,38.0098,41.2043
48.4535,32.4235,38.7291
39.5653,52.4822,40.9028
33.9854,28.0612,39.8731
48.7772,39.9088,39.161
33.8969,44.4999,40.2619
45.583,23.4595,38.965
48.0191,52.4721,40.7227
27.1582,31.2953,41.092
55.1354,32.1557,38.3371
33.8498,51.9727,41.4673
38.9494,28.6141,40.4864
53.4372,44.2771,38.4839
28.3516,40.9169,41.1167
47.6327,27.956,39.3725
42.2373,49.3932,40.8403
30.8498,25.5494,39.6584
52.949,38.3414,39.5759
30.3413,46.9285,41.4644
41.7778,23.1019,39.0856
51.3447,50.1797,40.1441
25.7979,35.5142,41.3666
50.8032,32.387,38.8449
37.6518,52.8159,41.1927
35.4846,29.5022,40.214
50.1726,41.5659,39.3878
32.2235,42.5976,40.5079
47.4289,24.9713,38.7266
45.2672,52.7816,41.1163
27.0487,28.6592,40.0355
56.0071,34.9234,38.7357
31.1816,50.8985,41.416
39.8419,26.7755,40.4446
52.6127,46.5408,39.3025
26.8029,39.513,41.6773
47.6378,31.0142,39.2445
41.1437,51.3657,41.1194
33.518,26.1373,40.3337
49.8381,38.3638,39.5899
32.2048,44.988,41.0238
43.9582,22.2917,38.7395
49.2319,51.2538,40.7454
26.0589,33.3944,41.4853
53.7385,31.5769,38.769
35.7108,52.3311,42.0405
38.214,30.3872,40.5965
52.2936,42.7916,38.8345
30.0098,40.9999,41.2881
49.1834,26.7033,38.9222
42.9405,50.3305,40.8655
29.2026,26.5967,40.1107
54.4546,37.3042,39.2093
29.4663,48.4751,41.6878
40.1248,23.6932,39.9056
51.4014,48.2241,40.0345
24.864,37.274,41.2948
49.2705,33.0278,39.2817
38.8347,52.5782,41.692
33.6788,28.8641,40.5156
48.4131,40.7751,39.7258
33.7935,43.5217,40.6354
46.7502,23.025,38.6814
47.0188,52.4039,41.1292
27.2436,30.2206,41.0487
55.5913,33.0151,38.9058
32.6709,52.5106,41.8562
39.7618,27.9191,40.5618
53.3986,45.2125,39.165
27.3234,40.4624,41.5717
47.3455,28.9856,39.9175
41.1883,49.5252,41.121
31.7588,25.8224,40.409
51.8026,38.2811,39.825
31.286,46.3584,41.5604
42.4159,21.8858,39.4347
51.2201,51.19,40.5608
25.9607,34.4989,41.5425
51.9348,31.6226,39.3897
36.7009,52.8151,41.8959
36.2478,29.8756,40.7746
50.8505,42.3471,39.6659
31.7723,41.4004,41.3296
48.6165,24.6574,38.4845
44.5143,51.5998,41.191
27.6462,27.9474,40.6155
55.3164,36.0408,39.3518
30.7572,49.7329,41.9194
40.2219,25.4977,40.601
52.2089,47.2307,40.0212
26.1746,38.6924,42.067
47.6291,32.2123,39.73
40.2059,51.8253,41.5222
33.5669,27.1958,40.4599
49.1617,39.1862,39.9755
33.3246,45.0078,41.127
44.8887,22.689,39.2775
48.9299,52.598,41.4841
26.4657,32.1417,41.6275
54.9027,31.146,38.9454
34.5826,52.3141,42.256
39.1282,29.7285,40.8087
53.191,43.3255,39.0883
29.0529,41.2838,41.9457
48.7558,27.8402,39.2068
43.0865,49.4805,41.5656
29.7946,25.6682,40.344
53.7632,37.6196,39.8863
30.4209,48.1525,42.1872
41.3474,23.4322,40.2744
51.511,49.2315,40.6243
24.9936,36.0692,41.783
50.4731,33.0093,39.8413
38.0829,53.408,42.0006
34.5717,29.4771,40.9085
48.9088,41.7649,40.0716
33.0162,42.8317,41.1794
47.193,23.7464,39.2453
46.2851,52.9693,41.5879
26.3769,29.402,40.6691
55.7407,33.9053,39.4969
32.0706,51.2105,42.2187
40.6927,27.3216,41.1621
52.3296,45.5311,39.1358
26.3162,40.2052,42.42
47.2018,30.3025,39.984
41.4802,50.4886,41.5452
32.7848,25.3663,40.6794
50.6299,37.9114,40.1105
31.7702,45.2203,41.9623
43.5566,22.235,39.7298
50.2527,51.7259,41.1473
26.4028,34.0292,42.4091
52.9031,31.1248,39.2959
35.9292,53.6305,42.1802
37.2783,30.339,41.4576
51.5641,43.2769,39.9989
30.9339,40.955,41.7946
48.6378,25.9198,39.2861
43.446,51.1521,41.554
28.3249,26.6628,40.7321
55.3583,36.991,39.831
29.6338,49.3969,42.1463
40.9222,24.6837,40.3413
51.1374,47.2374,40.5809
25.2043,38.2653,42.149
48.5481,32.636,39.9548
39.9276,52.7675,42.0259
34.4375,27.9948,41.1254
49.3513,40.3889,39.942
34.135,44.2363,41.3012
45.9259,22.4491,39.1841
47.9729,52.9218,41.8953
26.3933,31.0832,41.7166
54.9683,32.1083,39.593
33.5035,52.7598,42.4829
39.8006,28.9349,41.1996
53.8797,44.0758,39.438
27.926,41.1841,42.1774
48.4481,28.7733,39.723
41.4119,48.6441,41.6513
30.7899,25.6473,40.7926
52.7064,37.6399,40.3727
31.157,47.2717,42.1842
42.165,22.5176,40.2647
51.3822,50.1124,41.2547
25.0602,34.9847,42.1962
51.2784,32.176,40.0769
37.1323,53.4836,42.5492
35.4741,29.4091,41.4246
49.909,42.3423,40.2045
32.2217,42.3191,41.7623
48.3223,23.9397,39.2657
45.5766,51.879,41.5067
26.6088,28.2429,41.0383
55.7702,35.003,39.8515
31.0624,50.6872,42.4018
40.2779,26.3128,41.4852
52.1902,46.1171,40.3499
26.8621,39.0372,42.895
47.4394,31.293,40.3732
41.0101,51.2755,42.1587
32.9142,26.4988,41.0602
49.7582,38.5029,40.6195
32.7028,44.4421,41.9274
44.222,23.161,40.0751
49.4763,51.7854,41.9238
26.2723,32.9107,42.738
54.0748,30.759,39.8279
34.8426,53.2609,42.6295
38.2434,29.7984,41.6791
52.6118,43.0211,40.0328
29.9443,40.5901,42.3188
48.3684,26.9298,39.6594
42.6953,50.4454,41.8695
28.9935,26.1865,41.4444
54.6254,37.5832,40.5852
29.496,48.316,42.7253
40.4585,23.5699,40.9495
51.1874,48.3347,41.0005
24.9242,37.1443,42.3905
49.5478,32.9654,40.4479
39.0602,53.0811,42.6014
33.5951,28.6492,41.5635
48.5449,40.8572,40.8741
33.9727,43.2252,41.6235
46.8813,22.77,39.8069
47.0198,52.745,42.3731
26.1992,30.0257,41.5899
55.9005,32.8919,39.9434
32.7927,51.8978,42.7727
39.7157,27.599,41.5693
52.7221,44.6899,39.7773
26.8292,41.23,42.7588
47.9888,29.8037,40.4688
41.8268,49.6083,42.0752
31.7897,25.0988,41.3667
51.5751,37.3067,40.7046
31.8096,46.3122,42.5686
42.959,21.669,40.4582
51.1477,51.1103,41.7124
25.3642,34.1726,42.7905
52.3518,32.1548,40.2501
36.4195,52.8686,42.9725
36.47,29.7195,41.9481
50.9065,42.7531,40.7064
31.0021,42.2457,41.9214
48.929,24.7658,39.557
44.3384,51.4296,42.1968
27.4943,27.2638,41.4318
55.4625,36.0073,40.5514
30.1207,50.1812,42.7115
40.8171,25.2081,41.5471
52.0347,46.8219,41.1353
26.0046,38.4442,43.2209
47.9093,32.1752,40.7397
40.3545,51.9246,42.6868
33.5781,27.0037,41.6844
49.8041,39.6047,40.8181
33.5921,44.9143,42.2722
45.2239,22.5747,40.3594
48.7188,52.1909,42.5755
26.2597,31.544,42.6483
55.1749,30.9905,40.0636
34.1382,52.4022,43.2566
39.2001,29.6892,42.0473
53.6104,43.2787,40.2468
28.6914,40.8068,42.8667
48.6192,27.7948,40.3544
42.5798,48.7867,42.1412
30.0028,26.1366,41.5746
53.6632,36.8324,40.7951
31.3135,48.2533,42.77
41.0887,22.5236,40.8815
50.7604,49.2887,41.3863
24.5155,36.2642,42.9678
50.6585,32.6417,40.8553
38.2828,53.8505,43.0926
34.297,29.5679,41.9952
49.4905,41.7856,41.0537
32.973,43.0706,42.2395
47.774,23.2386,39.9908
46.3827,51.7132,42.1801
26.2629,29.0503,42.1367
56.3204,34.1628,40.3275
31.8587,51.2964,43.3114
40.2937,27.1494,42.3104
51.8493,45.1231,40.2178
26.7513,40.0651,43.4214
47.2445,30.4168,41.2152
40.8355,50.307,42.5472
32.717,25.0709,41.8835
50.7635,38.0813,41.1675
32.649,45.4416,42.615
43.4222,22.5874,40.7444
50.5166,51.8638,42.3629
25.3729,33.293,43.4148
53.1931,31.1201,40.3281
35.478,52.853,43.4154
37.3809,30.099,42.4944
52.1711,42.1264,40.5183
30.3205,41.557,42.5374
49.1138,26.1523,40.1638
43.6309,50.6625,42.4037
28.6905,27.306,41.5834
55.5178,37.0673,40.9853
30.418,49.3076,43.1354
41.467,24.4049,41.2636
51.4272,47.54,41.8118
24.8599,38.1195,43.2363
48.6413,32.7639,41.0962
39.8644,52.9291,43.2488
34.1994,27.961,42.2996
48.7282,39.8959,41.3141
34.2341,44.0359,42.401
46.2412,22.0504,40.3218
47.9696,52.7138,42.9518
26.046,30.5106,42.6057
55.8166,31.9195,40.373
33.0504,52.6542,43.4474
39.655,28.4742,42.2444
53.4248,44.3032,40.5315
27.5989,40.7529,43.3872
48.6264,28.7895,40.8031
41.4595,48.5997,42.7682
30.7438,25.2212,41.7022
52.4147,37.016,41.1942
32.2843,47.416,42.972
42.2107,21.7664,41.2538
51.2601,50.1362,42.2935
24.6276,34.813,43.2845
51.3817,31.6309,40.9295
37.6468,52.6345,43.0593
35.4841,29.7114,42.3942
50.6153,41.6411,40.9877
31.8575,42.6818,42.6542
48.4331,24.2767,40.355
45.2747,51.5417,42.6384
26.8575,27.8858,42.078
55.7298,34.9701,40.8869
30.7065,51.1719,43.5158
40.8443,26.2283,42.4623
51.1453,45.8575,40.7443
25.9178,39.4313,43.5818
48.0093,31.1869,41.2706
40.8797,51.2745,43.4214
32.83,26.3261,42.2338
50.0072,38.8279,41.7687
32.6328,44.4138,42.9943
44.4532,22.7627,41.1044
49.8077,52.4852,42.9149
25.5625,32.2471,43.3805
54.3688,31.3815,40.639
34.5895,53.5551,43.5936
38.3424,29.7423,42.7401
53.2452,42.3341,40.7385
29.6139,41.2271,43.1512
49.5125,27.065,40.4799
42.5483,49.7931,42.8207
29.6323,27.1222,42.0629
54.6478,36.772,41.4673
30.4547,48.258,43.4941
41.5855,23.3364,41.5647
50.5871,48.2658,41.9248
24.369,37.0157,43.8046
49.706,32.4217,41.4628
39.1198,53.666,43.6816
33.9349,28.867,42.7135
49.0075,41.1205,41.7856
34.0724,42.8232,42.6113
47.3694,22.6177,40.7894
47.1731,52.0401,43.3933
26.0872,29.6106,43.0565
56.3881,33.2168,40.8682
32.3124,52.0213,44.007
39.2955,27.411,42.5037
52.4413,44.3028,41.1273
26.7893,41.1325,43.8882
48.1496,29.4559,41.5381
40.6165,49.2142,42.5432
31.4883,24.6703,42.409
51.7241,37.6913,41.6909
32.6593,46.3082,43.6014
43.3051,21.6821,41.4681
51.2351,51.1629,42.8116
25.483,34.3879,43.9146
52.3803,31.185,41.0548
36.4223,53.1099,44.0668
36.4197,29.8054,43.2436
51.6763,42.2705,41.5879
31.2792,41.7513,42.9491
48.9398,25.2002,40.8141
44.6149,50.9903,43.191
28.0158,27.5104,42.3576
56.0307,35.9214,41.4612
30.2821,50.1818,44.0333
41.0495,25.1851,42.5903
51.1512,46.3724,41.7204
25.1042,38.5562,44.3806
48.3282,31.9465,41.9743
39.9063,51.8976,43.6176
33.6106,27.0364,43.0058
49.9796,39.937,41.8681
33.9261,44.598,43.4142
45.3019,21.884,41.2934
48.926,52.5905,43.499
25.484,31.1495,43.3189
55.3383,31.0509,41.1617
33.7256,53.3796,44.4094
39.1689,29.0666,43.0784
53.335,43.5264,41.3242
28.7861,40.9822,43.9138
49.5194,28.1522,41.1371
42.4198,48.7202,43.2367
30.0302,26.1087,42.5914
53.6168,37.1403,41.7765
31.257,47.5893,43.6325
41.4666,22.2919,41.9074
50.5869,49.304,42.5941
24.3224,35.8247,43.9963
50.7064,32.1338,41.8958
38.1948,53.0521,43.9891
34.8588,29.5034,43.3376
50.0914,41.3313,42.014
33.1641,42.1102,42.7826
47.3154,23.8228,41.0462
46.032,52.2607,43.4013
26.2553,28.3407,42.955
56.1601,34.0681,41.5923
31.2973,51.7644,44.3715
40.3259,26.5741,43.2891
51.3811,44.6965,41.1027
25.9968,40.354,44.2231
47.8939,30.4403,42.2064
40.4777,50.2293,43.4628
32.14,25.6727,42.7399
51.021,38.3787,42.2704
33.0203,45.2135,43.6491
43.6649,22.587,41.8985
50.1288,51.3962,43.2936
25.766,32.932,44.2782
53.1423,30.641,41.4418
35.6183,53.8111,44.2346
37.6698,29.9137,43.5395
52.6197,42.7465,41.6929
30.241,42.1656,43.4086
49.4267,26.1702,41.2494
43.5815,50.8049,43.5019
28.9479,27.4358,42.871
55.6832,36.9034,42.0362
29.8489,49.2285,44.351
40.8069,24.0338,42.1135
50.4877,47.2056,42.3737
25.2379,37.5473,44.0953
49.0742,32.6564,42.2098
40.1228,52.9076,44.3349
33.503,28.0917,43.1546
49.0728,40.1591,42.3786
33.977,43.5254,43.3783
46.5002,22.3578,41.4895
47.7882,52.9613,44.0594
25.3109,30.0236,43.7328
55.6148,32.1616,41.4368
32.9774,52.635,44.5589
39.4765,28.0418,43.3283
53.3783,44.6031,41.607
27.7054,40.8738,44.4978
49.2155,29.1941,41.7231
41.6239,49.457,43.4249
30.6894,25.2553,42.8176
52.666,37.2899,42.1996
31.8215,46.712,44.0594
42.5673,22.4539,41.9363
51.6325,49.9377,43.3697
24.7156,34.6457,44.5911
51.6879,31.5967,41.9965
37.3973,53.594,44.7099
35.959,28.8094,43.413
50.6932,42.3261,42.4233
32.1495,41.9282,43.5312
47.9193,24.6927,41.2355
45.2065,51.5389,43.9514
27.4212,28.119,43.024
55.9936,35.0776,42.0725
30.671,50.892,44.6528
40.0466,25.5316,42.9882
50.6849,45.3504,41.7042
26.043,39.1406,44.6535
48.0542,31.4147,42.916
39.9943,50.9258,44.0934
32.5333,26.5811,43.197
50.6317,39.3362,42.5595
33.146,44.1626,44.0114
44.9173,22.8347,42.1197
49.1911,51.5324,43.6953
24.9347,32.0135,44.0998
54.1249,31.0105,41.9276
34.726,53.3806,44.724
38.5911,29.5647,43.9024
53.6606,42.5188,41.9058
29.8263,41.4492,44.2464
49.5588,27.1741,41.6374
43.4469,49.4611,43.2993
29.1801,26.2783,43.1525
54.7713,37.0374,42.5051
30.1656,47.8454,44.458
41.5827,23.3289,42.6052
50.7102,48.2922,42.9653
25.0351,36.5376,44.6216
49.9903,32.1038,42.6843
39.1994,53.3074,44.6919
33.9154,29.0021,43.7271
49.2002,41.1042,43.0689
33.8927,42.5653,43.8012
47.4884,23.0279,41.7999
46.6834,52.6373,44.1529
26.2612,29.1822,44.1827
56.0096,33.0449,41.9596
32.4675,51.84,45.1844
39.3361,26.9489,43.4722
52.5621,45.2918,41.614
26.6044,40.8632,45.0049
48.745,29.8659,42.4554
40.7336,49.1897,44.0569
31.4478,25.0195,43.4369
52.0279,38.2855,42.6155
31.8641,45.5249,43.8876
43.2331,22.2296,42.777
50.6404,50.2515,43.8211
25.2098,33.7997,45.0005
52.5989,31.1923,42.265
36.3916,54.0422,45.1053
36.8346,29.2243,43.9363
51.7316,42.987,42.3489
31.1122,41.7088,44.1174
48.4779,25.7416,41.6527
44.4795,50.6956,44.2512
28.0364,27.4017,43.4565
56.255,36.1341,42.5697
30.7205,49.6002,44.8365
40.264,24.5285,42.9433
50.7655,46.2269,42.6722
26.1441,37.9134,44.6073
48.5708,32.3892,43.1509
40.194,51.8674,44.7219
33.0327,27.3764,43.8354
49.76,39.7983,43.0555
34.5373,44.8222,44.3089
45.9347,22.3263,42.3884
48.3031,51.9201,44.334
25.3714,30.999,44.3979
55.2874,31.3466,42.1333
33.8142,52.7268,45.2466
38.9929,28.5861,44.1281
53.2654,43.9184,42.4241
28.4435,41.8288,44.5637
49.8978,28.3014,42.1867
42.5691,49.2335,44.1834
30.1369,26.2524,43.7449
53.6896,37.1584,42.8155
31.3238,47.3311,44.8186
41.7805,22.289,42.9158
50.9856,49.1318,43.5421
24.5834,35.7806,45.2306
51.3724,32.0931,42.8481
38.1316,52.8534,45.0923
34.997,28.5744,43.8439
50.1095,41.7545,43.2129
33.1463,41.8092,44.1219
47.7542,24.0043,42.0695
45.649,52.2849,44.6033
27.2471,28.9773,43.8701
56.0608,34.1462,42.7034
31.4936,51.2067,45.2955
39.6305,26.042,43.9109
51.6054,45.0718,42.1173
26.9766,39.9867,44.5839
48.5042,30.3701,43.3957
40.5688,50.1093,44.6316
32.033,25.6812,43.9411
51.5839,38.9122,43.3262
32.3613,44.7475,44.4042
44.4193,21.8786,42.9019
49.8625,51.1094,44.3862
25.0038,32.6955,45.0219
53.4707,30.3156,42.3784
35.5535,53.4967,45.4743
37.2653,30.0175,44.5936
52.8685,42.9729,42.6829
30.3399,42.1805,44.7763
49.5314,26.3484,42.3399
43.232,50.2977,44.3185
28.6183,26.9024,44.1577
55.6432,36.9049,43.119
30.3211,48.6923,45.3885
40.6567,23.476,43.0864
51.1871,47.2736,43.2136
26.3501,36.9107,44.428
49.3885,33.0893,43.1652
39.937,52.7416,45.3104
34.053,27.6889,43.9647
48.7898,40.2377,43.7015
34.4546,43.4141,44.2991
46.9629,22.5098,42.5816
47.5949,52.5798,45.1069
26.3807,30.5686,44.0223
55.2894,32.3452,42.4254
33.0299,52.4496,45.9109
38.4024,27.5784,44.1488
53.702,45.0035,42.6091
27.5198,41.0042,45.5994
49.7148,29.2444,42.6741
41.7108,48.559,44.4036
30.5728,25.1346,44.01
52.752,37.5877,43.3331
30.9087,46.4197,44.6052
42.3568,21.3545,43.2497
51.4038,49.7476,44.3939
24.8501,34.5516,45.7714
51.5608,31.1102,42.9368
37.1574,53.3099,45.768
35.832,29.2401,44.3921
51.3248,42.3137,43.2811
32.2088,42.0706,44.624
48.2865,24.912,42.3095
44.7572,51.6482,44.9357
28.2355,28.6134,43.574
56.2168,35.1219,43.2249
30.8195,50.3768,45.619
39.4832,24.9422,43.6176
50.8448,45.223,42.9219
26.9893,38.6233,44.3993
48.8056,31.4823,43.803
40.3223,50.849,45.3123
33.153,26.0235,44.1153
50.4023,39.0047,43.7433
33.5483,44.8464,44.7381
45.338,21.9296,43.3553
49.1181,51.5482,44.9667
25.3871,31.6668,45.1909
54.7304,30.4732,42.9221
34.6038,53.2438,46.0162
38.041,28.9269,44.6227
53.9182,42.9799,42.9488
29.4046,42.0196,45.3394
49.7204,27.4637,42.8729
43.642,49.0092,44.2258
29.6384,27.0008,44.2715
54.3014,36.2972,43.3086
30.8386,47.7082,45.672
40.8647,22.4933,43.6895
51.4065,48.1397,43.965
25.7813,36.196,45.3459
50.214,32.5053,43.6197
38.9734,52.6112,45.8964
34.3456,28.5257,44.7703
49.5361,41.0897,44.133
33.7711,42.6036,44.8623
47.0464,23.5018,42.7488
46.569,52.3538,45.3861
27.0842,29.8572,44.4069
55.6158,33.2981,43.1891
31.9461,51.5996,46.3206
38.8661,26.5315,44.3905
52.6247,45.2726,42.7329
27.1173,40.0125,45.6631
49.5454,30.2245,43.2505
40.9589,49.1009,45.0954
31.4379,24.477,44.4463
51.2719,37.4682,43.0227
31.8662,45.8954,45.038
43.4179,21.5393,43.6998
50.7217,50.4249,44.9973
24.9197,33.3474,45.9547
52.6503,31.0079,43.326
36.356,53.9364,46.2854
36.9859,29.0574,45.0255
52.0728,43.05,43.4871
31.3556,41.939,45.4005
48.6466,25.958,42.796
43.6997,50.8638,45.0355
29.0342,27.8635,43.7916
56.2798,36.0576,43.6884
30.2234,49.6164,46.0836
39.8605,23.8156,43.9173
50.4093,45.984,43.7329
27.2969,37.4518,44.6184
48.9728,32.5701,44.1968
40.7034,52.1149,45.8092
33.9529,26.7186,44.3996
49.109,39.1017,44.12
34.3314,44.0763,45.3174
46.2972,22.4766,43.4325
48.4862,52.0708,45.7027
25.5324,30.4023,45.3955
54.9213,31.5663,43.1472
34.0687,52.3378,46.2844
38.9737,28.4226,45.2015
53.9213,43.9623,43.349
28.575,41.2342,45.526
49.8173,28.3895,43.3863
42.8,48.1844,44.8759
30.1332,25.7636,44.8208
53.2428,36.6148,43.6418
30.251,46.9138,45.3243
42.0926,22.241,44.1226
51.5461,48.7211,44.9462
24.9223,35.6469,46.2384
50.7548,31.392,43.8036
38.1795,53.562,46.0448
35.0785,29.4104,45.1965
50.4416,41.6686,44.2048
33.0606,41.8532,45.2225
47.7998,24.3112,43.0367
45.6134,51.9205,45.5803
28.1872,29.5701,44.0745
56.4856,34.0251,43.6703
31.7602,50.3706,46.2778
38.5198,25.2731,44.4853
51.7276,44.8954,43.496
27.6004,39.1332,45.2582
49.3584,30.5912,44.2357
41.3999,50.243,45.2415
32.7126,24.9911,44.5118
51.0204,38.3587,44.4849
32.5431,44.9082,45.4013
44.3571,21.985,44.1373
49.4049,50.2976,45.0032
24.8068,32.1384,46.153
53.8059,30.7434,43.5632
35.6946,52.95,46.5493
38.0841,29.5085,45.6622
53.2014,42.9543,43.744
30.326,41.6344,45.735
48.9592,27.029,43.3538
44.1812,49.7835,44.8517
28.9116,27.8745,44.9285
55.2,36.2297,43.9444
30.0616,48.5743,46.5284
40.848,23.4977,44.21
50.5096,47.1591,44.048
26.8928,36.8386,45.461
50.0876,33.0797,44.5491
40.1555,52.769,46.3888
34.1707,27.5326,45.1667
49.717,39.965,44.3659
34.2192,42.9987,45.8461
46.3717,23.4898,43.681
47.6074,52.362,46.4867
26.677,30.2547,45.3171
55.7428,32.2997,43.5089
32.9433,51.8637,46.8821
38.8503,27.1286,45.2391
53.2341,44.9081,43.6127
28.2175,40.2385,45.7772
50.4563,29.3554,43.5751
42.1255,48.9791,45.2912
31.1841,25.8635,44.7468
51.9369,37.3544,43.9725
30.8601,46.1833,45.7807
42.5653,21.3493,44.4379
50.545,49.2572,44.8256
25.3021,34.059,46.7606
51.8462,30.6266,43.9148
37.2006,53.4262,46.8465
35.9963,29.4048,45.8203
51.3328,42.6598,44.4623
32.3262,41.1229,45.2813
48.8637,24.7818,43.3181
44.8801,50.7905,45.6315
29.0412,28.8359,44.3677
56.5424,35.1822,44.3112
30.7053,50.2079,46.8633
39.173,24.4708,44.7048
50.7425,45.056,44.0903
28.1623,38.1347,45.0472
48.458,31.4492,44.9773
40.9702,51.1309,46.0719
33.7806,25.5265,44.9066
49.7315,38.3896,44.4945
33.492,44.499,45.8212
45.159,22.7664,43.9899
48.3475,50.9104,45.3636
25.471,31.0507,46.3199
54.5685,31.1693,44.1948
34.8284,52.8344,47.1957
37.98,28.4515,45.7064
54.2516,43.4259,44.218
29.5048,41.1065,46.2639
49.1027,27.8271,44.2697
43.4516,48.9597,45.38
29.3766,26.5302,45.2272
54.285,37.0404,44.2274
30.0844,47.3831,46.5916
41.1487,22.3262,44.6866
51.5748,47.5888,44.8693
25.8086,36.1383,46.465
50.9735,32.1365,44.5069
39.285,53.2453,46.9882
35.2354,28.3289,45.4514
50.6014,40.5354,44.2096
34.2052,41.7067,46.0271
47.5566,23.6754,43.8317
46.466,52.2248,46.5649
27.4561,29.4765,45.393
56.2465,33.0024,44.3906
32.7294,50.7549,47.0082
39.1139,26.0405,45.332
52.3115,45.6454,44.171
27.2014,39.1116,46.2828
49.6181,29.5053,44.352
41.7236,49.6322,46.108
31.9075,25.2237,45.1997
50.9852,36.9792,44.1983
31.7764,45.038,46.1274
43.3415,22.4572,44.361
50.1627,49.9773,45.7621
25.5904,32.976,46.7882
52.8206,30.9927,44.3827
36.2876,53.5405,47.4422
36.8278,30.0675,45.7779
52.4712,42.2914,44.1309
31.2551,40.8642,45.4863
48.6881,26.0649,43.827
44.109,50.1781,46.046
29.8829,28.1932,44.5978
55.6933,35.808,44.7738
30.661,49.2208,47.2494
40.4053,24.5063,44.708
51.0977,46.1563,44.5684
27.942,37.0337,45.4393
49.5413,32.3044,45.2172
40.6772,51.9928,46.8515
34.4294,26.3424,45.4232
49.2036,39.3614,45.1471
34.0484,43.8688,46.5634
46.2935,22.6899,44.558
47.9399,51.2538,46.4312
26.4717,31.2383,45.9334
55.7371,31.2202,44.1359
33.8553,52.2555,47.4461
39.1433,27.6889,46.2064
54.091,44.5395,44.338
28.6847,41.0408,46.9694
50.11,28.0979,44.2416
42.7073,48.5025,46.2281
30.2087,25.9617,45.8475
52.9351,37.2076,44.4758
29.9066,46.2261,46.5831
41.978,21.9414,45.3193
50.6181,48.2387,44.9431
25.8565,35.0625,46.4657
50.6341,30.9,44.728
38.1537,53.0125,47.0372
34.9871,29.1885,46.2354
51.5182,41.5331,44.3354
33.1465,41.1589,46.1615
47.9639,24.6324,44.0593
45.9564,50.9597,46.586
28.5008,29.4569,45.1083
56.6446,34.1438,44.7666
31.7383,50.6321,47.4857
38.6039,25.1803,45.5313
51.8355,44.822,44.7208
28.0248,38.4365,45.9837
48.5961,30.2135,44.9301
40.6799,49.971,46.2438
33.0795,25.2688,45.8048
50.306,37.771,45.0187
32.7884,44.9279,46.5382
44.3398,22.8863,44.8347
48.9053,49.918,45.8821
25.5855,31.9648,47.0624
53.7684,30.4143,44.5526
35.4599,53.0096,48.0648
37.2387,28.7869,46.4456
53.5284,42.8897,44.9093
30.586,40.7241,46.561
49.1697,26.7981,44.4003
44.1123,49.1157,46.1655
29.7275,27.5525,45.5621
54.8903,36.4772,45.0623
30.5485,48.14,47.4847
40.2666,23.3594,45.2651
50.5645,46.9874,45.1313
27.6124,36.0329,45.8773
50.5819,32.4333,45.5854
39.6899,52.3301,47.4228
34.9367,27.179,45.8643
49.6017,40.5052,45.3772
33.6102,42.5911,46.5075
46.1346,24.0948,44.5669
47.112,51.6122,47.3339
27.0251,30.2285,46.4047
55.8977,32.093,44.7234
33.2827,51.4891,48.2219
38.6015,26.6741,46.2238
53.1051,44.9508,44.7445
27.9865,40.1713,47.0692
50.5362,29.3393,44.747
41.6895,48.2469,45.9631
31.2695,26.1373,45.8047
52.0247,36.5351,44.5812
30.7865,45.4689,46.5631
43.3056,22.1557,45.4078
49.7367,48.9515,45.5622
26.3233,33.7491,46.7568
51.841,30.7236,44.9414
37.4044,53.1438,47.8743
35.7804,29.5796,46.8569
52.2401,41.6681,45.0977
31.9612,41.1513,46.27
48.5879,25.4605,44.6778
44.8626,50.7146,46.8097
29.7963,29.2467,45.1574
56.0132,34.8432,45.2646
30.974,49.8993,48.1802
39.898,25.3223,45.5254
50.4433,44.9189,45.2709
28.7964,37.3572,46.0524
49.3039,31.0592,45.4341
40.756,50.7264,47.0239
33.413,26.3298,45.8211
49.7509,38.3651,45.8395
32.8888,43.7857,46.5879
45.018,23.725,44.4951
47.9451,50.1841,46.2003
26.3565,30.8927,47.0145
54.8269,30.5323,45.0648
34.6568,52.1522,48.1388
38.5671,28.6339,46.7881
54.6152,43.5586,45.4256
29.6682,40.3051,46.9512
49.6336,27.6357,45.1965
43.5476,47.8136,46.4196
29.6667,26.8214,46.5155
53.8843,36.956,45.2226
30.1907,47.0242,47.6539
41.304,22.7984,45.7873
51.0651,47.8063,45.7958
26.695,35.6851,46.8919
51.2089,31.5822,45.3121
38.673,51.9984,47.2077
34.8559,28.1041,46.3841
51.1248,40.7554,45.1318
33.7279,41.6259,47.0573
47.2568,24.0156,44.81
46.21,52.0256,47.663
28.1047,30.1174,46.1368
56.4761,32.8372,45.418
32.6457,50.6272,48.0145
38.1229,25.6909,46.3208
52.1768,45.8109,45.3568
28.1441,38.9264,46.9359
49.5957,29.7841,45.3555
41.0934,48.9771,46.6453
31.9778,25.2378,46.2648
51.3214,37.3473,45.1102
31.83,44.3659,46.8719
43.3596,23.3061,44.9148
49.4642,49.482,46.7379
26.8664,32.7387,46.6298
52.9945,30.4724,45.25
36.5392,52.2872,47.6643
36.8293,29.6025,46.9813
53.3315,41.9486,45.2035
31.555,40.1962,46.6353
48.0366,26.4999,44.6388
44.0102,49.7975,47.0763
30.3892,28.4008,45.5547
55.2679,35.5916,45.7234
30.9215,48.712,48.3578
39.8286,24.2089,45.713
50.9218,45.9902,45.6416
27.9134,36.9605,46.5812
49.5976,31.8683,46.1823
40.4823,51.4905,47.7511
34.3117,26.1536,46.5003
49.807,39.4016,46.2893
33.5041,43.4276,47.3631
45.6688,23.4408,45.2873
48.3084,50.8287,47.6379
27.4088,31.3419,46.5955
55.7582,31.1092,45.4818
34.2475,51.199,47.6881
38.2072,27.5675,46.6969
53.7267,44.3663,45.3647
28.7784,40.1559,47.7694
50.5148,28.2514,45.3346
42.4342,47.7665,46.9707
30.6329,26.3975,46.8538
53.0918,36.2431,45.0342
30.8678,46.1806,47.4795
42.4707,22.849,45.6084
49.9728,47.8105,45.9702
27.0975,34.533,46.619
51.3921,30.3152,45.8028
38.096,52.3683,48.0612
35.3678,28.6108,47.1588
51.431,41.8044,45.7389
32.7092,41.7788,47.2002
47.4248,25.425,44.822
45.6095,50.971,47.6113
29.1366,30.0225,45.8446
55.852,33.6675,45.6617
32.0946,49.8237,48.521
38.3195,24.6214,46.5454
51.5706,44.8645,45.7664
28.6298,37.9392,46.9968
48.7378,30.2663,46.0011
40.6382,49.6681,47.2747
32.9165,25.7593,46.7926
50.9832,37.8511,46.0419
33.1296,44.434,47.4934
44.3031,23.7579,45.3255
48.3682,49.2506,46.5624
26.8712,32.1761,47.633
53.9787,31.1414,45.4447
35.8673,51.9808,48.6151
37.7219,28.8666,47.411
53.829,42.5399,45.9584
30.5661,39.6935,47.1075
48.6532,27.2895,45.3549
43.596,48.5459,47.1147
30.2096,27.7435,46.5192
54.2132,36.0569,45.89
30.97,47.5558,48.2397
41.0928,23.8234,46.0627
50.5817,46.806,46.3119
28.1288,35.6462,46.8936
50.6499,31.5376,46.296
39.3039,51.2213,47.6838
34.5774,27.0794,46.9862
50.9365,39.9062,45.8049
33.5502,42.2618,47.7861
46.6502,24.0532,45.6549
47.3744,50.6545,48.0238
28.3303,31.1175,46.1511
55.7088,32.0862,45.8908
33.5278,50.5963,48.8223
37.7682,26.5697,46.9889
53.2248,45.3829,45.9014
29.0127,39.1299,47.5448
50.0829,28.9759,45.9138
41.617,48.4811,47.4241
31.9498,26.6377,46.5113
52.3257,37.1386,45.5757
31.112,45.0162,47.5811
43.3614,23.2341,46.0288
50.0503,48.5826,46.8079
27.1362,33.9863,47.6966
52.5967,31.0989,46.0506
37.2213,52.0799,48.5778
36.3291,29.0438,47.8378
52.4608,42.2108,45.9497
32.3311,40.4553,47.537
48.478,26.0547,45.5557
44.9991,49.9339,47.8957
29.5346,28.8083,46.0845
55.2975,34.4858,46.0729
31.5652,49.1384,49.0895
39.4548,24.9591,46.4007
50.5811,44.6622,46.5029
28.152,37.2714,47.6095
49.0028,31.0136,46.6612
41.2527,50.4554,47.8967
33.4662,26.7144,46.9594
50.3059,38.3054,46.7759
32.4119,43.4891,47.6303
44.9433,24.5781,45.384
47.805,50.0125,47.2199
27.1921,31.1999,47.888
54.9022,31.0449,46.2116
34.8304,51.2415,48.6827
38.4069,28.0921,47.6754
53.8573,43.5974,46.2779
29.8295,39.8733,47.9027
49.9843,27.4152,46.1692
43.2038,47.8046,47.7813
30.2159,27.1943,47.4823
53.1683,36.6632,46.1989
30.8248,46.5864,48.6041
41.8819,23.353,46.5931
50.5809,47.7927,47.0618
27.2319,35.0474,47.5475
51.7129,31.5386,46.4158
38.6463,51.6979,48.7125
35.5017,27.3865,47.2654
51.0634,40.8757,46.3043
33.3314,41.123,48.0992
47.5224,24.907,45.8291
46.1553,50.7392,48.5412
28.7139,29.701,46.8594
55.2183,32.8493,45.2887
33.1713,49.6297,48.2445
38.8304,25.7694,47.1457
51.98,45.6431,46.3932
28.5023,38.3388,48.0093
48.8529,29.1641,46.3355
41.8158,49.523,47.3589
31.9471,25.7415,47.3532
51.0486,36.7001,45.9617
32.252,44.9561,47.7366
43.3099,24.2903,45.3647
49.0342,48.3711,46.6296
27.8267,33.5515,46.9791
53.5079,30.39,46.6476
36.7191,51.187,47.8081
36.7806,28.1453,47.3075
53.3316,41.7355,46.7689
31.2557,40.2872,47.7187
47.6785,26.9151,45.6168
44.8576,48.9603,47.2974
30.4687,28.8043,46.5795
54.211,34.9193,45.8403
31.9661,48.3738,48.4
39.992,24.1246,46.8018
50.0604,45.8437,46.6405
28.9382,36.4255,47.5219
49.9549,30.6978,46.2091
40.1007,50.459,47.9892
34.1765,26.2128,47.6375
50.9378,38.8685,46.2183
33.0731,43.2362,48.4772
45.6564,24.1743,46.0881
48.1477,49.9396,48.3114
28.3302,31.6164,47.0604
54.567,32.0168,46.0439
34.6305,50.2537,48.4111
38.685,26.9123,47.464
52.8976,44.4196,46.2437
29.0342,39.417,48.6753
49.2705,28.1632,46.0417
42.7837,48.9215,47.6214
31.2649,27.1267,47.2321
52.2902,36.0897,45.8378
31.8237,46.0376,48.0858
42.4277,24.0527,45.9577
49.5272,47.476,46.9983
28.2495,34.5056,47.2912
52.493,30.3744,46.8034
37.8485,51.2029,48.1225
35.6047,28.0477,48.1467
52.3873,41.1825,46.5593
32.0537,41.3982,48.1141
47.0993,25.9753,45.7992
46.0764,49.7688,47.7293
29.8496,29.6692,46.6044
54.5628,33.7477,45.8209
32.7592,48.9774,48.9897
39.0164,24.6103,47.3967
51.0629,45.5178,46.995
29.2027,37.5116,47.7522
49.51,29.9377,46.7942
40.9726,49.3154,48.2142
32.8404,26.0578,47.7791
51.298,37.6207,47.0464
32.4952,44.2045,48.4664
44.1133,24.5255,46.1255
48.7382,49.3276,47.6477
27.965,32.7113,47.6602
53.98,31.3656,46.6322
35.9067,50.684,48.7183
37.5504,27.4698,47.8588
53.2037,42.9373,46.8592
30.5753,40.2108,48.6869
48.6956,27.2723,46.441
43.78,49.1092,48.0453
30.6619,28.173,47.4406
53.3184,35.4555,46.1514
32.0521,47.1415,48.3596
41.1391,24.4587,46.8446
50.2144,46.6292,47.2783
28.319,35.6799,47.9234
50.9938,30.8053,46.9603
38.7402,50.6009,48.6169
34.8294,27.1662,48.0079
51.7685,39.9769,46.4649
32.5767,42.2433,48.3417
46.3808,25.0156,46.0851
47.162,49.6482,48.265
29.1793,30.9843,47.1402
55.1331,32.8195,46.5555
33.9713,49.4141,48.9545
38.293,26.1118,48.1696
52.4773,45.0332,47.0906
29.5648,38.5105,48.4526
49.6537,28.7638,46.9767
42.047,48.8096,48.4731
32.174,26.8518,47.711
52.0288,36.8871,46.5892
31.3467,45.2631,48.6564
43.3152,24.1007,46.8016
49.4629,48.264,47.6926
28.3005,33.6134,48.0585
52.9691,31.3337,47.1315
37.0019,51,48.8872
36.606,27.7116,48.371
52.3214,42.0507,47.3147
31.7248,40.5492,48.699
47.9484,26.1682,46.4947
44.8804,49.0184,48.3694
29.7307,28.7172,47.328
54.0098,34.7554,46.873
32.5332,48.055,49.2809
40.1547,24.9879,47.3676
50.1004,45.3131,47.571
28.538,36.5692,48.5224
49.9767,30.924,47.3004
40.1108,49.8553,48.944
33.6896,27.0549,48.197
51.6617,39.0257,46.9942
31.9078,43.2218,48.696
45.2737,25.106,46.3454
47.8257,48.8859,48.1019
28.7428,31.6101,48.1306
54.9585,31.8139,47.0527
35.2183,49.9921,49.3891
38.4661,27.3471,48.4294
52.6875,43.8682,47.2411
30.316,39.0908,48.9116
49.4568,27.7098,47.1494
42.9569,49.4619,48.6434
30.9417,27.4931,48.1768
52.5468,35.8037,46.8259
31.6077,46.1984,49.2492
42.1971,24.3043,47.0236
49.8516,47.297,48.0787
27.8509,34.7173,48.3397
51.8138,31.3119,47.5282
38.0328,50.9392,49.3456
35.7356,27.0806,48.586
51.6442,40.9508,47.2249
32.4957,41.2375,49.2304
47.2131,25.4515,46.6922
45.9074,49.3622,48.7442
29.5125,29.8989,47.609
54.1871,33.5706,46.7894
33.6667,48.4397,49.353
39.4737,25.6146,48.1337
51.2521,44.6932,47.7171
29.228,37.4209,48.819
50.0947,29.5473,47.615
41.142,49.871,49.1438
32.7327,26.8615,48.7026
52.2862,38.029,46.9498
31.6101,44.1464,49.4562
44.1844,24.3174,47.3622
48.7624,48.6084,48.5865
28.3073,32.7822,49.0283
53.8186,30.8891,47.708
36.5439,50.3669,49.7639
37.4602,27.4051,48.8857
52.0763,43.2151,47.8876
31.3827,39.5416,49.0253
48.6212,26.837,47.4383
44.0432,49.6644,49.0323
30.1071,28.336,48.4065
53.2899,35.3045,47.4318
32.135,46.9896,49.7602
41.3858,25.0173,47.7098
50.0622,46.1934,48.3212
27.8256,35.5877,48.947
50.819,31.2058,48.07
39.3921,50.6807,49.467
34.4403,27.6942,48.9613
51.6254,39.7722,47.6783
32.3718,42.3244,49.4788
46.0274,25.2984,47.2345
46.8848,48.9966,49.1868
29.7531,31.567,47.8733
54.5011,32.7809,47.4377
34.7592,48.7012,49.3534
39.0344,26.4699,48.859
52.2288,44.4026,48.2334
29.9773,37.8413,49.5579
49.7502,28.3792,47.9919
42.0896,49.161,49.5209
31.698,26.9422,48.8342
52.9278,37.1436,47.1648
31.4813,45.1721,49.7736
43.1375,24.356,47.8429
49.2873,47.6872,49.1039
28.5334,34.1126,48.9772
52.7395,30.7568,48.0295
37.4508,49.7716,49.5129
36.3682,27.4745,49.3726
51.5223,41.9188,48.2672
31.2822,40.7466,49.6391
47.8582,25.7448,47.4761
44.8044,49.0387,49.4161
29.7516,29.2612,48.674
53.4165,34.2343,47.6849
33.2546,47.3288,49.8498
40.4846,25.1235,48.4043
50.626,45.1318,48.4525
27.9772,36.8199,49.497
50.118,30.4819,48.4974
40.5436,50.3013,49.9846
33.5428,27.2004,49.2816
52.7543,39.1123,47.5358
32.5358,43.3203,49.8294
44.9869,25.1804,47.5458
47.5558,48.2486,48.9924
29.6048,32.6247,48.4195
54.2943,31.8382,47.985
35.8854,49.1753,49.5541
38.3446,26.9387,49.5547
52.7286,43.5475,48.6777
30.6606,38.7256,49.9725
49.1768,27.5493,48.1569
43.1605,49.2996,49.8308
30.8887,27.7421,49.4381
53.3281,36.2882,47.821
32.4848,45.9452,49.7767
42.0934,24.4404,48.1982
49.1111,46.4954,48.7328
28.3916,34.8864,49.6761
51.7278,30.7515,48.5315
38.3732,50.0099,49.9667
35.3091,27.4928,49.5369
52.0047,40.9864,48.272
31.6122,41.7197,50.0885
46.8623,25.8006,47.7785
45.7949,48.4189,49.54
30.0179,30.3717,48.7074
54.0305,33.453,48.1494
34.309,47.7664,49.8419
39.2407,25.0923,49.0367
51.3628,44.4454,48.8479
28.947,37.6647,49.7945
49.396,29.2918,48.3265
41.4432,49.7047,50.4167
32.4554,26.5465,49.6934
53.0528,38.0914,47.9607
32.0818,44.3345,50.4004
43.9168,25.0847,48.0304
48.4316,48.3081,49.5968
29.372,33.4022,49.311
53.5589,31.1298,48.722
36.7531,49.3264,50.3208
37.3024,27.2079,49.9381
52.0925,42.5077,48.8653
30.9867,39.7923,49.9987
48.5537,26.3443,48.3799
44.192,49.7677,50.332
30.6331,28.6802,49.4016
53.4794,35.4676,48.4589
33.0202,46.5244,50.5835
41.5304,24.9471,48.8907
49.904,45.9887,49.3591
27.9938,36.0191,50.2466
50.8583,30.4726,49.2342
39.469,49.7444,50.2104
34.4668,27.2719,50.3122
52.3422,39.9151,48.4297
32.0737,42.6843,50.4794
46.0212,25.2049,48.2754
46.7017,47.9647,50.0507
29.6818,31.7221,48.9492
54.7011,32.7868,48.6756
35.4874,48.2255,50.158
38.5134,25.9029,49.8214
52.3608,44.1878,49.4431
29.7288,38.3727,50.4522
48.787,28.3164,48.8247
42.3779,49.2253,50.6651
31.6971,27.5452,50.0726
52.8109,37.0794,48.2862
32.1277,45.2854,50.781
43.3995,24.4526,48.8767
48.3485,46.9424,49.6488
29.0269,34.0917,50.065
52.9453,30.249,48.9168
37.7558,49.1126,50.3749
36.2828,27.072,50.3792
52.1868,41.4771,49.2485
31.1956,40.926,50.6686
47.475,26.3535,48.5089
45.3642,49.3185,50.4354
30.7904,29.826,49.5448
53.4196,34.3978,48.8579
34.168,46.7967,50.2183
40.3104,25.1566,49.4736
50.1833,44.6021,49.4235
28.5487,36.9242,50.4965
49.9427,29.7592,49.3598
40.521,49.2528,50.7482
33.5489,26.4698,50.1616
52.3085,38.8355,48.63
32.465,43.6346,51.2794
45.0063,25.5414,48.5473
47.5819,48.601,50.1846
30.0249,32.66,49.6539
54.2008,31.8333,49.2118
36.763,48.4025,49.7395
37.9649,26.6102,50.5298
52.1471,43.0692,50.022
30.0902,39.5498,50.5837
49.3148,26.842,49.1244
43.4376,48.9308,50.8859
31.1785,28.4392,50.4566
52.8797,36.2249,48.872
33.3072,45.5607,50.8078
42.3879,24.0476,49.1843
49.0919,46.2848,50.0617
28.3895,34.9305,50.7394
51.8702,29.8547,49.2235
38.5857,49.3898,50.9252
35.351,26.7166,50.6614
52.7597,40.496,49.3217
31.102,42.0518,50.9315
46.3892,25.9033,49.1275
45.8591,48.3037,50.6301
30.7338,30.881,49.2743
53.833,33.5115,49.1668
35.3841,47.1336,50.1703
39.5359,25.5199,50.1915
51.1521,43.8632,49.7463
28.6422,37.9337,50.8565
49.7496,28.4609,49.3484
41.3998,48.9664,51.1662
32.5981,27.3241,50.8775
52.1352,37.7433,48.7344
31.7987,44.4321,51.4636
44.0691,25.444,49.081
47.5244,47.4297,50.5912
29.2558,33.081,50.3628
53.4535,30.923,49.7286
37.1037,48.8854,51.2195
37.1517,26.7724,51.1627
52.7877,42.2609,49.7399
30.3282,40.5101,51.0288
48.2302,26.8235,49.2648
44.2721,48.3377,51.1935
30.896,29.5015,50.6366
53.0694,35.223,49.4901
33.8438,46.4343,51.3713
41.5133,24.6959,50.0418
49.5865,45.2586,50.0828
28.4016,36.0029,51.3619
50.8874,29.3836,49.6081
39.566,49.4325,51.2699
34.4416,26.3848,50.9674
52.0649,39.5324,49.5069
31.6228,42.9475,51.4388
45.4182,26.4745,49.1799
47.0372,48.4225,51.0978
30.2985,31.5754,49.9997
54.4696,32.8342,49.7911
36.5827,47.2196,50.2636
38.8699,25.9082,51.0741
52.2576,44.0076,50.4967
29.6983,38.7478,51.4964
48.9011,27.9181,50.0121
42.7077,49.1127,51.6999
31.7883,27.9677,51.2225
52.1242,36.943,49.4119
32.9513,44.8292,51.51
42.8907,25.0276,49.5843
47.8994,46.1976,50.4569
28.8272,33.8668,51.0657
52.3318,30.8078,49.8085
37.8077,49.3336,51.8062
36.2041,26.0637,51.0489
52.7393,41.1353,50.261
30.5647,41.5049,51.5353
47.1663,26.608,49.587
45.4036,48.8115,51.4996
31.592,30.3854,49.9727
53.2908,34.2358,49.8917
34.9858,46.4733,50.933
40.403,24.7039,50.5892
50.6275,45.1184,50.3716
28.7388,37.1307,51.57
50.1907,28.9059,50.2202
40.996,49.4124,51.9833
33.5472,26.8791,51.1243
51.7078,38.5331,49.5612
31.6503,43.6879,52.1722
44.5686,25.94,49.8368
48.0386,48.1165,51.2266
29.9676,32.3436,50.6792
53.7606,31.7647,50.3043
37.389,47.8389,50.7611
37.9603,26.0622,51.5294
52.9673,42.9762,51.0078
29.6198,39.936,51.6561
48.8585,26.791,50.149
43.6587,48.8099,52.1464
31.8027,29.0989,50.9961
52.4273,36.0801,49.9921
34.1495,45.4611,51.764
42.468,24.0713,50.2034
48.648,45.4867,50.728
28.6677,35.0765,51.8185
51.3366,30.3656,50.167
38.8721,49.2018,52.1292
35.3297,26.4462,51.708
51.822,40.3571,50.1134
31.4855,41.9595,51.9644
46.2184,27.0724,49.8929
46.5717,49.0423,51.9276
31.387,31.4588,49.8839
53.878,33.531,50.3734
36.1264,46.38,50.9077
39.8171,25.1698,51.3866
51.2582,44.1545,50.7497
28.8671,38.1768,51.979
49.4404,28.4384,50.7372
41.8334,48.6598,52.3018
32.5661,27.3979,52.0398
51.1304,37.4422,49.7414
32.2591,44.5888,52.4451
43.6199,25.6304,50.2642
48.4569,46.9644,51.1867
29.7973,33.4578,51.2886
52.81,31.0078,50.7701
38.1778,48.1675,51.5178
37.036,25.5642,51.545
52.4845,41.8412,51.1684
30.3337,40.7757,52.3157
47.9681,26.305,50.3019
44.7035,48.4798,52.2579
31.8328,30.2044,51.0362
52.5555,34.9647,50.3816
34.6103,46.35,52.1554
41.3008,24.0604,50.9646
49.5342,45.4976,51.2058
29.3884,36.2647,51.7469
51.0038,29.3272,50.6633
39.8674,49.2812,52.3854
34.3727,25.8683,51.8862
51.2678,39.3474,50.1645
32.0728,42.7627,52.4274
45.3893,26.4596,50.3392
47.4424,48.4871,52.1343
31.0125,32.2383,50.6623
53.6413,32.5536,50.9061
37.0353,46.9472,51.2625
38.7383,25.7412,52.1699
51.6395,43.0061,51.1318
29.3034,38.9953,52.6103
49.4461,27.2405,50.8949
42.7563,48.463,52.7615
32.3444,28.5174,52.0789
51.5391,36.4955,50.413
33.2782,44.9484,52.6531
42.9061,25.0052,50.7246
47.7909,46.2265,51.5431
29.3616,34.1617,52.0883
51.9473,30.4094,51.1205
38.0366,48.8232,52.7895
36.0983,25.5339,51.9817
52.2118,40.607,51.0812
31.3627,40.8268,51.8814
47.1276,26.9737,50.6522
45.6832,48.9656,52.5741
32.1069,31.1125,50.5545
53.7072,34.4402,50.8771
35.7292,46.1094,51.9416
40.5264,24.3202,51.6436
50.3076,44.4411,51.6052
29.9076,37.1534,51.5582
50.5533,28.6638,51.3332
40.9278,48.7275,52.8987
33.6578,26.6071,52.2351
50.6881,38.4109,50.3284
32.1485,43.6056,53.0678
44.7792,25.6068,50.958
48.1702,47.7137,52.1693
30.4404,32.5976,51.581
53.3391,31.7185,51.422
38.0005,47.1174,51.8994
37.6944,25.2106,52.3082
52.4574,42.6425,52.0479
30.1839,39.5949,52.4863
48.9571,26.3074,51.2733
43.793,48.2384,53.014
32.1082,29.7308,51.967
51.668,35.5397,50.5861
34.2718,45.6129,52.9983
42.2493,24.4044,51.596
48.4502,45.5145,51.797
29.522,35.2908,52.4481
50.8776,30.2694,51.1762
39.0352,49.0056,53.1344
35.1313,25.6871,52.4862
51.1694,40.1585,50.9427
31.9486,41.4255,52.7389
45.9851,27.2094,51.0418
46.4974,48.2011,52.5196
32.0248,32.2984,50.9546
53.8119,33.4648,51.3973
36.7496,45.8994,51.5951
39.3719,24.8871,52.3967
50.6226,43.3532,51.5213
29.8669,37.8344,52.4379
50.033,27.9669,51.8548
42.2222,49.2432,53.3078
33.2035,27.8707,52.8713
50.7387,37.1025,50.6959
32.9853,44.1867,53.2491
43.7693,25.5772,51.3051
48.904,46.6241,52.103
30.2352,33.4208,52.2914
52.5616,31.1449,51.8842
37.4388,47.6676,52.7553
36.7548,25.7074,52.7965
51.8588,41.66,52.0458
31.1553,39.8815,52.3879
47.7642,26.4297,51.3523
44.8103,48.5881,53.4141
32.8315,30.5095,50.9595
52.5929,35.3265,51.4517
35.1828,45.3746,52.4959
41.2923,24.4296,52.3661
49.2543,44.623,52.0254
30.4684,36.2124,51.9423
50.0323,29.6122,51.3714
40.1061,49.213,53.5067
34.3652,26.3388,53.0118
51.0209,38.8909,51.201
32.5163,42.5379,53.529
45.0108,26.5733,51.3597
47.4906,47.9807,53.2123
31.2712,31.8602,51.816
53.085,32.6077,51.8211
37.3098,46.3781,52.3086
38.4827,24.7459,52.8871
51.4056,42.9027,52.498
30.2459,38.726,53.1996
49.1391,27.2941,51.9647
43.1327,48.907,53.7183
33.0537,29.2928,52.3736
50.8798,36.1392,51.2028
33.7512,44.8934,53.6243
42.6989,25.3861,51.9273
47.8354,45.9718,52.5849
29.8854,34.4047,52.9385
51.7203,30.4632,52.1733
38.5404,47.8708,53.0346
35.8235,25.1877,53.2106
51.4919,40.48,51.9865
31.1414,40.7281,53.0636
46.6458,26.4269,51.5832
45.8548,48.4667,53.5501
32.9246,31.6442,50.8367
52.8943,34.0949,51.6072
36.2155,45.0347,52.3836
40.2509,24.3693,52.7321
49.6496,43.5571,52.1235
30.8014,37.0983,52.3172
49.9564,29.0076,52.5168
41.2214,48.7527,53.8765
34.203,27.3979,52.7938
50.3453,38.017,51.1937
32.3582,43.524,54.1176
43.9798,26.4987,51.6687
48.2644,47.1379,53.0752
30.8669,32.6411,52.7894
52.0669,32.1219,51.9038
38.1444,46.758,52.9014
37.543,24.442,53.3096
52.1907,42.0981,53.009
30.8372,39.6194,53.3998
48.304,26.6072,52.2962
44.2398,49.1222,54.2775
32.9454,30.483,52.093
51.5208,35.4088,51.6947
34.7762,44.7001,53.1921
41.7768,25.3508,52.4222
48.1351,44.9397,52.6733
30.4612,35.5281,53.0322
50.4065,30.562,52.0737
39.5722,47.9356,53.5517
35.326,26.2015,53.5198
51.0754,39.4097,52.0612
31.6525,41.6415,53.9534
45.4623,27.3982,51.9337
46.2436,47.3731,53.1358
32.3485,31.6411,51.7524
53.3323,33.537,52.3754
37.4662,45.2834,52.0768
39.3146,24.3996,53.4904
50.4706,42.8674,52.877
30.9096,37.915,53.096
49.2476,28.0456,52.7025
42.2919,48.9192,54.3598
34.0725,28.5587,52.5162
50.1123,36.9037,51.5087
33.2396,44.0301,54.2419
43.5852,25.8221,52.302
48.7022,45.9169,53.2535
30.8107,33.735,53.1619
51.4174,31.4634,52.4241
37.6931,47.3877,53.8094
36.9658,25.1983,53.8056
51.2967,41.235,52.9401
32.0704,40.301,53.3222
47.2913,26.5676,52.4843
44.9708,48.2961,54.4611
33.7939,31.0785,51.5529
51.7626,34.4019,51.8414
35.6538,44.1291,52.3402
40.7228,25.3108,52.9769
48.7558,43.9232,52.688
31.4221,36.0826,52.5603
49.4312,30.017,52.3182
40.37,48.3017,54.2525
35.219,27.1339,53.1689
50.1572,38.8349,51.8315
32.0408,42.511,54.4768
44.4173,27.6063,52.0812
47.2168,46.9572,53.5228
31.8884,32.236,52.7338
52.5969,32.6011,52.7683
37.9886,45.4763,53.0542
38.2702,24.4698,54.1517
51.3853,42.5114,53.5589
31.0857,38.6974,53.8489
48.888,27.0258,53.0407
43.3472,49.1528,54.9087
34.0146,29.8042,52.5119
50.1735,35.9983,52.0186
34.3349,43.8266,53.7387
42.6131,26.2667,52.5171
47.9103,45.35,53.7539
30.6582,34.6376,53.6803
51.0079,30.7054,53.1097
38.8818,47.0931,53.9598
36.3645,26.088,54.0122
51.4664,40.1664,53.0888
31.6429,40.577,54.6979
46.0744,26.669,52.7431
45.2304,47.3711,53.6582
33.3516,32.1723,51.7527
52.2896,34.0062,52.5836
36.8421,44.1438,52.065
40.3492,24.7167,53.8272
49.5343,43.4221,53.2885
31.7858,37.028,53.0563
48.6633,28.9411,53.0662
41.313,48.3135,55.0161
35.0769,28.0303,52.6452
49.6135,37.69,51.9869
33.368,42.8997,54.4519
43.2735,27.4063,52.053
48.1221,46.7439,54.1205
31.5008,32.7183,53.5789
51.4648,32.7174,52.6846
37.3867,46.1623,53.5573
37.9037,25.4316,54.3671
51.7476,41.4247,53.9054
32.1866,39.0888,53.7108
47.9312,26.5499,53.4308
43.9276,48.209,54.9684
34.023,31.018,52.5883
50.7834,35.1262,52.4107
35.5706,43.6631,53.3417
41.763,26.1998,53.5232
48.0647,44.282,53.4782
31.509,35.2908,53.4341
50.0881,30.079,53.111
39.7774,47.2543,54.7179
35.8462,27.0184,53.9324
50.9159,38.8833,53.1086
32.1223,41.5863,54.9442
45.0217,27.4932,52.9727
46.0809,46.9813,54.2103
32.8471,31.758,52.6918
52.7257,33.4327,53.4695
37.7697,44.3529,52.776
39.694,24.191,54.5322
50.3789,41.9463,53.6471
31.2622,37.6638,54.1495
49.361,27.9735,53.7722
42.2112,48.6856,55.4244
35.0267,29.3411,52.4327
50.1366,36.9454,52.583
34.3448,43.458,54.6977
43.7988,26.8349,52.8881
48.8804,45.8752,54.3903
31.4437,33.7882,54.1315
51.0572,31.7755,53.4187
38.1016,46.4439,54.3431
36.8304,25.4644,54.998
50.9037,40.4496,53.9453
32.6136,40.0364,54.2092
46.9489,27.0519,53.4933
44.3456,47.0501,54.4649
34.4114,31.8711,52.0899
51.5999,34.6914,52.9018
36.2994,43.3738,52.7116
41.3901,25.32,53.9762
48.3973,43.075,53.2419
32.2821,36.0044,53.2668
49.1455,29.7445,53.4957
40.5922,47.5581,55.3998
36.0863,27.8679,53.2289
49.8727,38.49,52.835
32.9811,42.3168,55.3434
44.1988,28.3641,52.8039
47.1045,46.5506,54.8086
32.2555,31.8662,53.6899
51.9312,32.4098,53.6179
37.1034,45.076,53.8207
38.813,25.0341,55.2023
51.169,42.4784,54.6129
31.9557,38.5843,54.662
48.6817,27.1118,54.2462
42.7476,47.7941,55.1338
34.9143,30.4055,52.4032
50.3512,35.8418,53.1294
35.2956,43.224,54.2642
42.7454,26.012,53.6988
48.5812,44.6505,54.4771
31.4172,34.9825,54.7428
50.8785,30.5705,54.2244
38.7871,46.9907,55.1698
36.0552,26.7317,54.9285
51.2303,39.3467,54.1926
32.6664,40.6729,55.0217
45.9741,27.8022,53.2847
45.0353,46.3199,54.1121
33.6926,32.3496,52.8616
51.5757,33.8482,53.5183
37.6267,43.1593,52.7737
40.9305,25.0148,54.8429
49.5466,42.5798,54.0679
32.1735,37.1036,54.0949
48.466,28.7402,54.2049
41.5208,47.7803,56.0217
35.6183,28.8628,53.2415
49.2957,37.5183,52.9975
33.9171,42.9118,55.6124
43.2877,27.6625,53.3426
48.0173,45.7543,55.0224
32.2752,32.9884,54.3962
51.0038,32.927,53.8621
37.774,45.463,54.6921
37.8874,25.4594,55.7011
51.2434,41.4557,54.8749
33.0715,38.8181,54.5207
47.5809,26.9468,54.4581
43.6597,47.2941,55.4611
34.9024,31.2539,52.9606
50.6718,34.9473,53.7131
36.3457,43.1348,53.9966
42.1967,25.5583,54.5459
48.1697,43.5932,54.3593
32.3047,35.034,54.0568
49.8793,29.8747,54.1498
39.6968,47.0086,55.7724
36.758,27.6116,54.0862
50.5316,38.3792,54.0632
32.7073,41.4123,55.7443
45.2696,28.554,53.2885
46.0125,46.5246,55.3228
33.2373,31.3429,53.6432
52.0568,33.344,54.3368
37.5758,44.1175,53.9117
40.199,24.7385,55.5837
50.2288,42.4458,55.0923
31.917,37.4078,55.2344
48.914,27.9591,54.9777
42.4791,47.496,56.3861
35.7442,29.9848,52.8804
49.4287,36.4304,53.2465
35.0657,43.1424,55.4365
43.4278,26.8245,53.8938
48.9417,44.7549,55.5844
32.4763,34.0534,54.5967
50.4439,31.7472,54.2026
39.1346,46.0585,54.7862
37.2993,26.6647,55.6099
51.1433,40.0201,55.0168
32.9163,39.591,55.3215
46.8007,27.8019,54.2828
44.0309,46.2968,55.2161
34.9761,32.3663,52.9935
51.7425,35.1131,53.9378
36.9025,42.5494,53.3102
41.2031,26.0527,54.7218
48.305,42.5828,54.4762
32.4199,36.1208,54.3842
48.9741,29.5195,54.5953
40.4636,47.1048,56.4232
36.1799,28.502,54.2524
49.541,37.9174,54.0118
33.5527,42.0852,56.331
44.2318,28.3731,53.9557
47.0252,45.7697,55.6447
33.1439,32.2549,54.3712
51.4866,32.4403,54.8115
37.4176,44.3987,54.9436
38.8567,25.6373,56.2331
51.1322,42.1343,55.7072
32.4797,38.2513,55.5797
47.8781,28.0101,55.1322
42.7003,46.5948,55.4747
35.9814,30.9826,52.8094
49.8288,35.6278,54.0375
36.0205,42.7255,54.9844
42.4251,26.9117,54.4146
48.3761,43.8779,55.4158
32.3994,35.1427,55.1161
49.7966,30.9753,54.5719
38.8459,46.0249,55.8531
37.0287,27.5211,55.1085
50.6945,39.0839,55.0294
32.6249,40.4742,56.2906
45.9319,28.5246,54.2368
45.1088,45.7426,54.9976
34.2178,31.7634,53.5701
51.4246,34.2589,54.5415
37.5802,43.0405,53.9177
40.9894,25.6098,55.8919
49.1585,42.3696,55.0397
32.7747,36.7823,55.1532
48.0445,29.0354,55.1697
41.581,46.9226,56.7107
36.6094,29.4928,53.7666
48.8026,37.114,53.8396
34.518,42.1004,55.2667
43.4544,27.8133,54.5046
47.6728,44.8721,55.4219
33.1622,33.3019,55.017
50.4072,32.554,54.9521
38.8733,44.7361,54.8014
38.295,26.5709,56.0114
50.5643,40.8234,55.4706
33.4886,38.7919,55.7336
46.9675,27.3711,55.3385
43.717,46.6745,56.2944
35.9452,31.987,53.1405
50.6972,35.6241,54.7215
36.6809,41.9993,54.4599
41.6061,26.8441,55.2421
47.5938,42.9913,55.3042
33.3906,35.8695,54.8767
49.6779,30.1368,55.1836
40.0166,46.1236,56.3345
37.4269,28.3186,54.5782
49.9756,38.1937,55.0247
33.6935,40.9739,56.1458
44.8703,28.9236,54.5838
46.0161,45.2488,55.3077
33.6569,31.4079,54.789
51.3615,33.3363,55.3257
38.2645,43.6533,54.5622
39.8978,25.8034,55.9786
49.9814,41.8831,56.1063
32.7285,37.0177,56.2985
48.4191,28.2142,56.0288
42.4691,46.4536,56.8769
36.5563,30.4903,53.693
49.6222,36.5693,54.6531
35.5274,42.3033,55.823
43.2653,26.8191,55.1428
48.2119,44.4453,56.3766
33.1492,33.8866,55.9414
49.8517,31.7458,55.3095
38.6444,44.9547,55.9593
37.8135,27.5305,55.9932
49.8541,40.0282,55.2539
32.9842,39.4903,56.7142
46.1271,27.9167,55.0505
44.8167,46.5265,55.9728
35.2313,31.9229,54.0016
51.0474,34.8113,55.3987
37.6994,41.8805,54.0329
40.4845,26.4756,55.3735
48.1804,41.9076,55.3719
33.8532,36.7412,55.3348
48.4296,30.1668,55.4052
40.856,46.2654,57.046
36.9365,29.5003,54.7791
48.7198,38.1719,54.937
34.723,41.6212,56.3509
44.2195,28.2862,55.1688
46.6707,44.4393,55.7499
33.7167,32.3765,55.7348
50.9465,32.4502,55.9271
38.119,43.9942,55.6355
39.1843,26.3567,55.4182
50.6738,41.1112,56.483
33.5141,37.7664,55.6637
47.3494,28.1472,56.3694
43.2478,45.6037,55.5799
36.8578,31.6285,53.7052
49.179,35.6326,54.8455
36.649,42.0213,55.4655
42.4803,26.6176,55.8634
48.4518,43.3798,56.3919
33.349,34.8037,55.4725
50.2436,30.7876,55.8237
39.6512,45.2361,55.9073
37.4464,28.5629,55.5681
49.3231,39.0316,55.2592
34.0952,40.0177,56.8482
45.8443,28.9727,55.2781
45.2893,45.6009,56.314
34.6778,31.2267,54.5127
50.3831,33.9564,55.1707
38.1968,42.5132,54.806
40.4481,26.5413,56.4404
49.0165,42.2522,56.0582
33.2659,36.1222,56.0614
48.9359,29.2734,56.0167
41.6045,45.8337,56.113
37.7071,29.668,53.9416
49.1451,37.2812,55.3729
35.4224,41.1594,55.4409
43.9999,27.3887,55.6505
47.0995,45.0317,56.6847
34.2824,33.4238,55.0622
49.4954,32.6466,55.9752
39.3065,44.1067,55.5159
38.8337,27.3628,55.4394
50.204,40.1076,56.2809
33.176,38.1021,56.6214
46.9972,28.5787,55.3317
43.9473,45.7081,56.3828
36.0465,31.2667,54.3306
49.8678,34.8275,55.033
37.5715,41.6481,55.0654
41.5,26.8989,56.3992
47.8405,42.5099,56.1542
34.1538,35.5655,55.549
49.2435,30.5306,55.9948
40.6552,45.186,56.286
38.084,29.1729,54.8675
49.1422,38.183,55.9502
34.5658,40.1112,55.8864
45.0517,28.5467,55.7965
45.8709,44.7945,56.4752
34.794,32.4411,55.1686
50.3897,33.3357,56.1664
38.8807,43.081,55.3152
39.86,27.45,55.7556
49.3397,41.055,56.0064
33.821,37.0192,56.4812
47.7912,29.2183,56.1632
42.5645,45.5595,56.3345
37.3456,30.8,54.4959
50.0342,36.3831,55.6139
36.351,41.1103,55.9641
42.9869,27.4656,56.0364
47.2996,43.5994,56.302
34.4197,34.206,55.8603
49.8036,31.5402,56.3956
40.0119,44.2741,56.334
38.485,28.483,55.6075
49.7721,39.075,56.2207
33.9338,39.002,56.6744
46.1482,28.3075,56.154
44.6388,44.7993,55.9766
35.7599,31.8312,55.3739
50.2384,34.6407,56.023
38.506,41.6246,55.4916
40.7963,27.688,56.3244
48.0561,41.4367,56.4422
34.6055,36.2121,56.3411
48.3847,30.0145,56.6684
41.4367,45.2477,57.2096
38.1058,30.1888,54.9885
50.171,37.5972,55.8929
35.5409,40.4379,56.3057
44.0445,28.2379,56.1941
46.5103,44.1865,57.173
34.4768,33.0661,56.1011
50.0446,32.6192,56.9944
39.1121,43.4739,56.314
38.99,27.6467,56.5542
49.1877,40.168,56.7072
34.3385,37.9189,56.4503
46.7106,29.0522,56.6606
43.4624,44.7614,56.1928
36.9364,31.9443,54.9033
49.3821,35.6318,55.916
37.5145,41.3493,56.2489
42.092,27.9448,56.4885
47.7506,42.8233,57.2139
34.269,35.1968,56.6383
49.0085,31.115,56.8661
40.3506,44.9834,57.3157
38.2582,29.6925,55.9342
49.7375,38.2208,56.7913
35.1036,39.4127,56.6735
45.0887,27.9953,56.7111
45.3778,43.9798,56.9021
35.6866,32.9985,55.8185
50.1404,34.0034,57.0405
39.2449,42.0187,56.2122
40.0155,27.7187,56.9559
48.9555,41.0261,57.2378
34.6322,36.895,57.1311
47.7516,29.4297,57.5118
42.4121,44.7148,57.0171
37.9229,31.3204,55.2747
49.8878,36.5547,56.7248
36.5281,41.1589,57.0125
43.0423,28.617,56.7276
46.5823,43.1234,57.1282
34.4289,33.8438,56.8751
48.972,32.2573,57.0804
39.6777,43.7721,57.1335
38.7573,28.8734,56.5879
49.3545,39.2144,57.4267
34.9245,38.5185,57.1814
46.1364,28.32,57.2017
44.2931,44.0797,57.0137
36.9061,32.64,55.7331
49.5481,35.0316,57.0063
38.4448,40.9324,56.3837
41.189,27.8471,57.2821
48.2107,41.8556,57.5856
34.5624,35.838,57.5551
48.2322,30.398,57.6356
41.4953,44.1904,57.1598
38.6656,30.7359,55.8237
49.1342,37.3743,56.9838
36.0893,40.0454,57.0734
44.2042,28.2742,57.2558
45.904,43.7742,58.0866
35.463,33.4786,56.7682
49.2518,33.0891,57.7836
39.7416,42.7212,56.8601
39.2561,28.4306,57.3881
48.2504,40.2625,57.2575
34.395,37.7394,57.7102
46.818,28.8451,57.8613
43.3344,44.3141,57.5722
37.9552,32.3834,55.3587
48.8591,36.09,56.797
37.7305,40.6411,57.0834
42.2314,28.1912,57.5287
47.1229,42.1652,57.8371
35.0139,34.7637,57.4747
48.3646,31.4883,57.7341
40.6628,43.6812,57.8864
38.9425,29.8857,56.7951
48.4081,38.1294,57.2708
35.2397,39.6712,57.7624
45.1633,28.8246,57.4355
44.7824,43.6913,58.1768
36.4897,33.1316,56.6982
48.9618,34.1544,57.341
38.7249,42.3936,57.1985
40.219,28.4547,57.8745
48.699,41.1443,58.294
34.318,36.7597,58.318
47.4573,30.0199,58.5645
42.5597,43.647,57.1939
38.1004,31.6789,56.1959
49.5943,36.5895,57.9757
37.0812,40.1969,57.8745
43.158,28.6465,57.7735
46.5972,42.9204,58.3338
35.1133,33.8003,58.167
48.094,32.8319,57.8593
40.5932,42.65,57.5834
38.4503,29.3237,57.8592
47.7206,39.3164,57.2216
35.0153,38.5771,58.4425
45.8509,28.8838,58.4243
43.7912,43.3317,57.9625
37.5789,33.2534,56.3723
48.6168,35.2899,57.4217
37.7378,41.6908,57.3682
41.43,28.6848,57.9937
47.9257,41.7652,58.6193
34.9568,35.7619,58.5559
47.2409,30.745,57.7647
41.6145,43.1911,57.707
38.206,30.727,56.9209
48.8024,37.4622,58.0748
36.0351,40.2068,58.388
44.2174,29.2531,57.9907
45.6317,43.1654,58.9161
36.0842,33.5492,57.6994
48.5298,33.8361,58.3493
39.9083,41.7309,57.0731
39.326,28.861,58.3713
48.0965,39.9977,58.3957
35.25,37.4721,58.2868
46.3672,29.8534,58.3757
43.3238,42.8488,57.0622
38.708,32.5953,56.2406
48.444,36.2898,57.8205
37.287,41.2049,58.1343
42.1126,29.2988,57.4859
47.0018,42.1776,58.9299
35.5997,34.7673,58.3349
47.3742,31.9603,57.744
40.9041,42.8154,58.6145
38.2906,30.4187,57.9374
48.5529,38.5041,58.3113
36.0826,39.0265,58.2642
45.0516,29.8076,58.2729
44.7591,42.5579,58.2868
37.4017,33.0045,57.4088
47.8515,34.5933,57.5945
38.6257,41.5531,58.1289
40.2219,29.4958,58.1542
47.5582,40.684,58.9747
35.7179,36.408,59.1052
46.7948,30.8891,58.7393
42.6074,42.6213,57.9517
38.6319,31.7118,57.1352
48.81,36.5897,58.7385
36.873,40.4086,59.0845
43.1023,29.7258,57.8961
45.7655,42.1762,58.3508
36.5497,34.6515,57.5126
47.2715,32.9816,58.8158
40.7218,41.3638,57.7832
39.34,29.9999,58.5381
47.3511,39.0337,58.1874
36.2863,37.9577,58.4808
45.3596,29.6566,59.3235
43.6795,42.196,58.3674
38.486,33.4023,56.9344
47.5936,35.6202,57.3424
38.2038,40.4466,58.094
41.2677,29.6915,58.0133
46.6733,41.2107,58.5611
36.2462,35.3087,59.1265
46.8726,32.021,58.977
41.5344,42.1395,58.0176
39.2401,30.7848,57.7716
48.5356,37.4825,59.2491
36.6576,39.1697,59.1865
44.0126,30.2833,58.1105
45.0633,42.188,59.3627
37.0472,33.8807,58.0573
47.442,33.9704,58.386
39.7379,41.0859,58.2191
40.2403,29.3598,59.2037
47.0483,39.7705,59.1074
36.1258,37.4212,59.3494
46.3154,30.5959,59.5724
43.0592,41.6377,57.415
39.2958,32.6992,57.2364
48.0153,35.8545,58.6965
37.8678,40.5681,59.2159
42.2817,29.2733,58.8001
46.184,41.7778,59.6343
36.7217,35.6749,58.2145
46.4734,32.4817,58.0986
41.3417,41.6684,58.9755
39.1103,30.9737,58.961
47.6654,38.0533,58.8186
37.5601,38.6031,58.6945
44.4097,30.0687,59.1247
44.6019,41.5238,58.0882
37.6052,34.0577,57.1789
47.3721,35.0568,58.3951
38.9437,40.8963,59.0028
41.2628,29.6224,59.0779
46.9392,40.8519,59.6978
36.7364,36.7012,58.5665
45.8616,31.6276,58.9413
42.407,41.6576,58.3908
38.8017,31.8454,58.217
47.6635,36.8741,58.9441
37.7969,39.5597,59.2204
43.3449,30.1814,58.8947
45.3725,41.2854,58.8486
37.3219,34.8415,58.4913
46.4256,33.6489,58.1097
40.5486,40.7217,58.8198
40.346,30.6887,58.8234
47.2497,38.7814,59.5489
37.0755,37.6252,58.9701
45.0829,30.9165,59.2727
43.6433,41.1093,58.2264
38.3947,33.1514,58.0021
46.8032,35.9169,58.1939
38.7088,39.8152,58.8364
42.1563,30.3243,58.5616
46.058,40.4232,59.1863
37.2759,35.6794,59.2576
45.8229,32.8986,58.9685
41.6632,40.9171,58.33
39.8279,31.8582,58.2432
47.3667,37.5574,59.7402
37.7097,38.5011,59.7739
44.1382,31.1486,58.7157
44.3506,41.3273,59.1157
38.1014,34.2539,58.1782
46.3386,34.7685,58.2055
39.7945,40.0044,58.34
41.4204,30.6844,59.3702
46.3016,39.5719,59.8363
37.0274,36.7187,59.6559
45.7706,32.0381,59.9265
42.7461,40.6596,57.8514
39.5735,33.0988,58.1971
46.6483,36.9835,59.2437
38.6211,38.8599,59.2041
42.8889,31.2266,59.2062
44.944,40.4131,59.3576
38.3207,35.2412,58.7393
45.9305,33.9401,59.001
40.912,39.8754,58.2837
40.6909,31.8792,59.2367
46.6104,38.5031,60.32
38.1567,37.3903,59.4792
44.8233,31.9786,59.2029
43.1275,40.66,58.9612
39.1535,34.1149,58.424
46.4776,35.948,59.3067
39.6559,39.5372,59.2853
41.9935,31.6862,58.801
45.4048,39.4516,59.1585
38.2689,36.1425,59.327
45.9171,33.2232,60.035
41.9797,39.8414,58.5669
40.1312,32.7967,59.0967
46.4459,37.3208,60.3792
38.723,38.2484,60.0883
43.7789,32.167,59.3951
43.9336,40.1916,59.4953
39.5257,35.1362,58.4715
45.9398,35.0902,59.1409
40.4285,39.0736,58.7557
41.6606,31.9972,59.7645
45.5912,38.7898,60.1772
38.526,36.7597,60.2719
44.6718,32.7119,59.9733
42.3902,40.2167,59.5486
40.2485,33.9741,58.2386
45.5408,36.6812,59.2094
39.8621,38.44,59.4386
42.9898,32.1824,58.4728
44.3923,39.5111,58.7546
39.0239,35.2179,59.6215
45.7803,34.4551,60.0429
41.176,39.8018,59.4482
41.269,32.8179,58.9101
45.8075,37.7659,59.6424
39.3539,37.3103,59.7025
44.2754,33.0738,58.9478
43.3105,39.568,58.8411
39.9233,34.3948,59.279
45.6072,35.709,59.9517
40.354,39.3592,60.0509
42.3997,32.5289,59.2863
44.8603,38.6185,59.4089
39.4119,36.2426,59.5921
44.9688,33.6825,59.639
42.2798,39.1186,59.4415
40.792,33.8596,59.2158
45.2589,36.8774,60.2569
40.0414,37.996,60.4151
43.0122,33.2137,58.8139
43.8982,38.9868,59.5842
40.1912,35.4539,59.3077
44.7224,35.0415,59.5448
41.3837,38.5906,59.8753
41.5465,33.1013,60.0174
44.5359,37.7623,60.1994
39.7929,36.7734,60.4663
43.7028,33.7421,59.8668
43.2357,39.2333,60.5652
40.8109,34.8689,58.4886
44.5449,35.9569,60.2084
40.929,38.3811,60.882
42.137,33.7441,59.1406
43.8692,37.995,59.2356
40.4576,36.4386,59.667
44.1436,34.3118,58.8596
42.2452,38.8506,60.4583
41.651,34.5282,59.5789
44.2766,36.8536,59.5567
40.8043,37.0699,60.436
43.0937,34.3402,59.2765
43.0301,38.195,59.9868
41.1979,35.5957,59.8062
43.773,35.7234,59.2947
41.7967,37.6579,60.2035
42.4605,34.0355,60.1384
43.5306,37.3078,60.1745
40.9343,35.9046,60.7879
43.5757,34.9826,60.0211
42.5958,37.7461,60.8751
41.5657,34.9501,60.5172
43.4845,36.0698,60.2771
41.7227,36.9725,61.1982
42.524,35.07,59.9126
42.4499,36.8298,60.2376
42.0632,35.9355,60.708
31.5,33.5,38.5
41.2343,35.7975,37.5661
38.5,35.5,31.5
45.9317,40.438,52.7055
41.0936,28.1798,53.9805
46.2003,37.3296,34.0257
46.2885,36.6156,34.7521
40.5,28.5,39.5
48.1736,40.8639,48.5906
47.0596,45.8165,41.9795
44.9797,38.5352,39.3828
37.5,32.5,30.5
41.9742,44.8792,40.4437
45.9515,32.7894,49.5088
49.5,44.5,34.5
48.5,34.5,42.5
47.4045,43.6966,47.9123
36.5,36.5,37.5
31.5,31.5,35.5
39.5,37.5,30.5
46.0512,37.9713,33.2455
40.2001,40.6996,43.4877
31.5,34.5,34.5
42.5,32.5,40.5
45.5,35.5,30.5
35.5,42.5,42.5
42.3133,41.3033,46.5894
32.5,31.5,36.5
35.5,47.5,47.5
44.5,45.5,41.5
45.7571,34.6937,53.5253
36.5,46.5,36.5
46.9742,41.5089,30.8264
42.5,33.5,42.5
32.5,40.5,40.5
39.5,37.5,34.5
46.6385,36.0604,38.3397
40.5,41.5,48.5
47.0072,45.0898,42.7107
33.5,35.5,34.5
45.7988,46.9463,38.8459
46.6564,42.9561,44.9411
36.5,37.5,41.5
45.7486,35.1607,41.9474
40.5,41.5,40.5
38.5,41.5,47.5
37.0009,47.8009,48.1203
41.5,43.5,28.5
39.5,48.5,45.5
43.7479,45.0099,42.2776
38.5,44.5,46.5
42.3516,32.548,41.3607
45.8187,37.8035,44.8423
46.5763,35.2309,36.2093
39.5,27.5,37.5
34.5,44.5,33.5
31.5,39.5,36.5
30.5,33.5,35.5
33.5,44.5,34.5
40.7658,30.3616,54.87
46.5,43.5,33.5
42.5,38.5,47.5
41.5,43.5,50.5
35.3849,48.745,40.8966
46.5979,34.5516,37.0459
35.5,42.5,31.5
45.8457,31.9223,56.2479
43.6945,37.2758,45.2099
48.5,35.5,40.5
35.5,34.5,37.5
34.5,36.5,48.5
38.5,42.5,49.5
40.08,45.6639,44.7237
45.9134,36.4759,52.5927
46.5,41.5,37.5
41.3115,33.5635,54.7545
42.5,39.5,39.5
30.5,40.5,42.5
43.5083,37.6056,40.8071
48.5,31.5,40.5
39.5,45.5,38.5
43.9839,42.825,49.2106
48.5,39.5,41.5
38.5,34.5,48.5
43.0172,36.7969,48.1746
40.5,46.5,35.5
44.7086,34.6714,55.5848
44.0724,42.2834,51.207
44.179,46.2373,37.3496
41.7476,34.8702,37.6722
35.5,46.5,32.5
47.7555,44.6422,32.0017
49.4886,46.5791,40.7416
46.5,32.5,45.5
39.5,43.5,40.5
39.5,30.5,36.5
49.5,39.5,37.5
43.1521,33.9491,53.9396
39.5,39.5,39.5
45.1061,39.2388,34.6503
46.4943,38.8591,53.2536
36.5,51.5,40.5
44.5,34.5,31.5
46.5,41.5,38.5
45.1634,45.5616,45.7578
37.5,45.5,46.5
43.5,30.5,39.5
44.3496,41.117,53.9623
46.2262,47.033,36.8004
43.5,47.5,33.5
45.775,34.5412,43.8875
38.5,30.5,34.5
40.5,32.5,46.5
31.5,36.5,48.5
45.2886,42.7318,30.548
40.5,42.5,51.5
41.963,40.1144,48.7694
47.5,37.5,39.5
43.5,29.5,34.5
44.6891,40.0932,36.741
38.5,43.5,34.5
46.231,40.5073,48.1338
37.5,39.5,37.5
32.5,38.5,46.5
42.818,47.2626,42.208
37.5,32.5,34.5
41.5,41.5,33.5
47.0891,34.7323,39.8647
43.5,32.5,42.5
30.5,36.5,44.5
49.5,42.5,40.5
48.5,35.5,39.5
35.5,44.5,43.5
39.979,29.8157,54.5417
46.2689,40.2472,32.9671
36.5,29.5,37.5
46.5,47.5,45.5
34.5,29.5,35.5
27.5,41.5,39.5
44.1081,37.3984,37.6746
48.8763,44.4333,42.4666
46.9039,43.2099,29.4216
43.5,48.5,38.5
37.0474,42.7655,37.1802
40.5,37.5,46.5
32.5,35.5,33.5
29.5,43.5,34.5
47.308,46.4346,41.2292
38.5,31.5,30.5
46.2678,39.9675,40.1188
41.5,33.5,42.5
39.5,45.5,39.5
38.7801,48.6389,36.0104
44.5,42.5,31.5
28.5,40.5,35.5
45.5,43.5,41.5
32.5,48.5,40.5
32.5,49.5,42.5
46.5,44.5,40.5
42.2814,33.7009,54.3989
45.8814,42.3045,49.0102
44.8699,42.1303,29.8416
45.8744,40.9133,51.7693
35.5,43.5,50.5
43.5,44.5,33.5
41.5,42.5,45.5
39.5,42.5,36.5
51.5,41.5,36.5
45.5,31.5,34.5
41.6433,37.8828,35.4657
38.1995,46.1919,48.0442
46.173,32.8242,55.9236
34.5,31.5,43.5
36.5,35.5,40.5
40.5,49.5,33.5
44.4146,41.5258,46.6299
40.5,48.5,40.5
41.5,30.5,31.5
44.5,38.5,37.5
47.5,43.5,35.5
39.5,48.5,46.5
46.1241,44.975,36.1186
30.5,33.5,34.5
41.3471,33.847,39.7516
34.5,37.5,36.5
44.239,38.3986,55.2558
46.0653,32.6438,43.0455
42.5,48.5,36.5
43.6684,43.8642,46.3561
44.5,48.5,43.5
38.5,34.5,40.5
46.2265,44.8463,35.0976
40.5,41.5,42.5
40.5,28.5,40.5
32.5,37.5,40.5
40.5,38.5,49.5
33.5,36.5,30.5
42.1723,45.8283,40.8327
48.1441,40.1881,49.3723
41.5,46.5,38.5
36.5,28.5,38.5
35.5,30.5,38.5
41.8979,37.4713,25.37
41.5,41.5,48.5
41.4859,37.6354,44.8156
37.5,35.5,35.5
38.5,45.5,39.5
43.5,39.5,48.5
42.5,33.5,37.5
46.9316,34.6436,55.3162
29.5,40.5,46.5
48.4674,42.7334,46.1629
40.5,39.5,39.5
43.0238,32.8733,45.5372
34.5,35.5,38.5
46.5,33.5,32.5
40.5,41.5,47.5
45.1876,44.981,32.9109
38.9249,40.3312,37.0761
47.5318,44.2773,31.0446
38.5293,46.3045,34.128
37.5,45.5,39.5
43.5,39.5,28.5
45.8179,38.1025,36.1755
30.5,36.5,33.5
48.6809,43.2967,45.302
46.092,47.3319,31.5297
33.5,41.5,41.5
39.5,45.5,42.5
51.5,41.5,40.5
35.5,47.5,33.5
38.5,33.5,31.5
40.5,37.5,28.5
39.5,40.5,32.5
45.4659,44.6845,47.5669
47.5428,47.0654,40.4269
44.3011,41.6094,53.0652
41.5,36.5,33.5
43.7899,45.1903,41.2662
37.5,48.5,42.5
32.5,44.5,38.5
43.8001,37.9545,36.8765
42.0259,42.2864,46.5408
29.5,40.5,35.5
46.5,41.5,31.5
44.588,31.9097,54.3234
37.5,46.5,38.5
42.2554,31.5605,55.4783
33.5,45.5,41.5
45.5,45.5,42.5
48.5,34.5,45.5
39.5,28.5,42.5
46.4602,35.9277,35.47
46.5,46.5,32.5
39.9308,38.61,37.0885
43.8603,30.8112,39.6773
32.5,34.5,41.5
50.5,41.5,37.5
35.5,38.5,45.5
43.5,51.5,40.5
46.8039,40.3745,51.8735
45.7205,43.083,47.0205
32.5,49.5,38.5
34.5,44.5,39.5
49.5,44.5,37.5
39.8859,46.6357,44.969
44.6617,35.2127,49.1787
36.5,36.5,49.5
33.5,42.5,45.5
39.5,47.5,36.5
38.5,38.5,27.5
43.4007,36.5931,40.87
45.5,43.5,46.5
28.5,42.5,40.5
28.5,43.5,43.5
47.2859,38.6557,33.8709
36.5,32.5,43.5
48.3049,41.567,47.7801
34.5,32.5,39.5
39.8129,42.4227,45.7419
32.5,48.5,39.5
40.9202,43.1621,36.3406
39.3863,44.5698,47.8597
48.0749,43.5372,36.4287
33.5,35.5,45.5
46.5,40.5,38.5
45.5,42.5,43.5
34.5,44.5,38.5
47.7129,36.9651,53.3666
47.4986,42.4504,32.5392
45.6276,44.0495,44.0452
39.5,46.5,46.5
50.5,39.5,44.5
35.5,35.5,45.5
43.5,29.5,39.5
28.5,40.5,34.5
33.5,36.5,38.5
43.9623,47.8831,43.8324
42.5,43.5,36.5
43.8049,44.364,37.9261
29.5,41.5,40.5
47.5477,36.2393,54.1206
45.5,35.5,43.5
46.5,37.5,49.5
47.5,36.5,47.5
45.0391,45.9016,44.7937
48.9156,44.1428,43.4369
37.5,36.5,29.5
45.082,32.6873,50.0849
38.5,50.5,33.5
45.5,45.5,43.5
42.4959,40.5263,34.0279
39.4994,44.2079,32.2173
48.1885,43.7841,37.4311
41.3826,40.253,37.1228
33.5,41.5,43.5
33.5,38.5,35.5
44.5,41.5,40.5
42.5,49.5,44.5
37.5,44.5,50.5
32.5,32.5,45.5
29.5,34.5,37.5
47.4378,43.1227,48.819
42.5,40.5,51.5
44.4687,41.8464,45.6551
36.5751,48.9625,39.2708
38.5,38.5,37.5
33.5,37.5,44.5
48.6821,44.5954,41.4533
38.5,30.5,32.5
36.5,39.5,35.5
41.5,45.5,46.5
35.5,42.5,41.5
41.9437,41.2229,33.4994
31.5,32.5,39.5
40.5,35.5,45.5
43.0885,30.9483,37.8814
42.0339,35.8759,35.61
43.8737,40.3495,33.3859
44.1019,44.582,35.8974
41.5,28.5,39.5
35.5,38.5,38.5
44.5,39.5,46.5
44.3876,46.4213,36.3461
40.9613,39.6345,45.1759
40.6563,35.6544,43.0795
41.1492,44.1431,46.354
40.6723,40.6058,45.4579
36.5,39.5,40.5
45.5,39.5,33.5
40.2734,39.7446,43.2901
43.853,45.3948,40.2386
43.6874,31.8563,39.6307
47.8763,42.9868,34.4936
40.2628,42.7382,43.7756
44.4448,40.6953,36.0021
46.5,48.5,42.5
34.5,42.5,44.5
29.5,36.5,39.5
45.5,37.5,41.5
35.3635,48.8406,37.3779
37.5,41.5,32.5
46.2798,46.9637,35.745
36.5,40.5,49.5
37.5,41.5,42.5
44.5,44.5,34.5
37.1963,48.0055,45.892
35.5,37.5,35.5
39.5,32.5,45.5
44.3892,42.1645,44.6664
45.9989,42.9651,51.2907
37.5,43.5,43.5
43.3332,39.6088,41.0724
48.5,35.5,46.5
40.5,29.5,37.5
44.5034,31.9746,41.9044
46.2772,41.9055,54.2028
41.9268,43.9075,40.2034
39.5,50.5,35.5
39.5,47.5,34.5
40.0425,43.3763,32.4063
47.5,44.5,46.5
44.2566,41.9861,52.1493
28.5,38.5,34.5
28.5,44.5,39.5
33.5,46.5,41.5
42.853,41.5375,41.7082
40.5,33.5,45.5
40.1163,44.9966,33.4526
42.5,44.5,29.5
46.0144,38.0314,51.3451
43.5,31.5,38.5
33.5,35.5,44.5
44.5,38.5,46.5
35.5,45.5,34.5
33.5,35.5,35.5
44.5,38.5,36.5
41.5,41.5,30.5
39.5,43.5,49.5
36.5,36.5,42.5
41.5,47.5,34.5
49.5,38.5,32.5
40.5,37.5,44.5
44.5,32.5,41.5
48.1099,44.0204,38.4333
32.5,31.5,40.5
31.5,35.5,35.5
37.5,49.5,39.5
43.7053,43.6027,47.3532
31.5,46.5,40.5
41.5,29.5,44.5
36.5,30.5,34.5
44.3554,34.9594,50.1551
39.5,42.5,35.5
46.3794,46.8368,34.6855
35.5,45.5,40.5
43.5,35.5,50.5
43.845,32.2528,42.7042
39.3692,43.348,45.8908
30.5,36.5,45.5
46.0777,38.6355,50.5265
36.5,31.5,47.5
46.6059,35.4921,50.2238
41.5,41.5,38.5
47.5,44.5,36.5
41.3407,38.8374,35.3061
44.7564,37.8267,41.3624
37.5,35.5,34.5
41.9999,43.3439,42.1426
44.5,32.5,35.5
30.5,35.5,37.5
42.5,37.5,33.5
45.5,44.5,32.5
38.4817,45.9277,31.7952
47.5,32.5,45.5
46.5,34.5,41.5
34.5,38.5,30.5
37.5,40.5,35.5
46.3909,33.285,38.6205
41.769,40.864,39.9254
42.4963,32.9252,37.9461
49.6227,48.6859,42.9257
29.5,36.5,41.5
39.5,42.5,29.5
41.5,35.5,34.5
37.5,47.5,48.5
40.5,36.5,35.5
46.5,41.5,35.5
46.5,30.5,41.5
44.5,38.5,48.5
37.8267,46.8227,34.7642
50.5,40.5,37.5
45.7134,41.045,32.6369
50.5,42.5,42.5
44.2679,42.8906,42.7278
44.1141,39.8117,51.3245
40.5,42.5,34.5
38.5,46.5,35.5
44.5,39.5,40.5
45.601,37.2967,45.7088
45.5,37.5,49.5
45.5,43.5,49.5
43.0014,39.876,34.6448
45.8896,35.552,53.034
41.9206,38.7445,39.5776
40.5,45.5,46.5
45.913,41.0833,27.3538
41.0695,41.1624,36.7932
48.165,37.1516,35.098
39.5,50.5,42.5
47.5,46.5,42.5
43.3028,37.0214,47.2464
38.5,31.5,48.5
40.5,50.5,40.5
36.5,49.5,44.5
39.5,39.5,50.5
41.5,47.5,31.5
46.5426,42.209,45.65
36.5,49.5,43.5
44.9029,38.1181,40.3699
40.8648,36.7721,37.3672
45.592,44.2409,48.4468
37.5,30.5,36.5
39.2711,45.641,33.7106
42.402,34.7047,44.1343
37.5,50.5,41.5
35.5,33.5,41.5
46.4479,41.0983,47.2995
45.8903,39.5593,28.7361
33.5,30.5,44.5
42.5,34.5,36.5
40.5,36.5,33.5
41.5,36.5,37.5
30.5,32.5,42.5
49.5,42.5,46.5
38.5,28.5,36.5
39.9907,48.1213,42.4515
44.2644,43.2802,41.7458
36.0333,48.3368,36.827
35.5,43.5,49.5
46.0661,38.2553,43.8761
50.5,33.5,40.5
42.5,48.5,37.5
43.5,30.5,45.5
42.5753,36.4158,37.8716
42.5,34.5,38.5
42.2287,45.8704,33.2907
44.2561,40.7712,49.5454
34.5,42.5,48.5
43.5,32.5,33.5
41.8936,38.24,37.449
45.5,46.5,35.5
42.938,32.2593,55.7532
30.5,40.5,40.5
45.5699,35.5806,40.9714
37.5,37.5,42.5
42.5,35.5,37.5
32.5,37.5,36.5
41.5,46.5,45.5
36.5,39.5,36.5
37.5,31.5,45.5
43.7548,44.4445,44.3019
43.985,42.5694,50.234
30.5,46.5,43.5
31.5,41.5,48.5
39.5,40.5,49.5
41.7236,43.7836,33.3057
44.2902,33.7934,55.7104
46.0217,46.9906,37.8382
32.5,37.5,31.5
43.3152,39.3095,27.3543
33.5,40.5,41.5
32.5,47.5,36.5
45.7645,44.9383,41.1636
36.5,42.5,31.5
32.5,43.5,45.5
48.5,46.5,40.5
32.5,40.5,34.5
49.5,44.5,44.5
45.9521,41.9017,49.9006
47.6744,42.7695,33.5032
37.6358,49.2043,37.5411
40.5,39.5,36.5
43.5,40.5,41.5
46.2918,40.4627,39.157
47.5,30.5,38.5
30.5,32.5,40.5
46.2955,44.6441,34.1216
31.5,43.5,34.5
46.9245,46.1128,29.5863
37.5,48.5,44.5
41.1328,45.2322,42.1953
43.5,32.5,41.5
44.2068,41.445,35.3529
46.5,39.5,33.5
41.5,42.5,39.5
47.0973,34.5982,50.5423
48.421,48.7528,38.0038
40.5,29.5,34.5
33.5,39.5,48.5
40.5,38.5,46.5
47.5,39.5,41.5
35.5,45.5,32.5
44.5558,41.4197,29.171
38.5,48.5,34.5
36.5,37.5,43.5
43.1492,40.5669,41.3919
45.5,29.5,41.5
47.5,43.5,42.5
42.5,46.5,36.5
38.5,39.5,35.5
46.5,31.5,38.5
44.0745,39.463,52.3349
40.5,31.5,45.5
35.5,47.5,43.5
45.1276,41.8974,32.3583
38.3092,36.5973,43.1696
34.5,29.5,37.5
38.5,43.5,46.5
31.5,33.5,37.5
34.5,43.5,49.5
36.5,31.5,42.5
44.5,38.5,50.5
37.5,43.5,44.5
41.7458,36.7553,39.683
42.8665,31.9874,37.9317
30.5,42.5,34.5
45.8306,38.6319,32.4993
39.5,39.5,44.5
37.5,38.5,41.5
40.5,43.5,29.5
43.3311,33.7746,39.1461
46.5,32.5,38.5
45.3912,38.9326,28.0726
34.5,41.5,37.5
47.9009,38.267,51.8084
48.2339,39.7541,53.6568
30.5,38.5,47.5
28.5,43.5,36.5
45.0362,40.0101,31.308
47.28,44.1514,47.0319
41.5,39.5,27.5
35.5,43.5,39.5
43.9074,37.4076,44.2049
44.0419,46.0132,38.3387
46.5268,46.636,33.6163
45.5,42.5,46.5
39.5418,39.5533,37.0428
47.5,41.5,36.5
39.5,43.5,36.5
37.5,39.5,28.5
33.5,42.5,49.5
43.6952,32.9504,55.8746
34.6512,48.8588,41.5976
48.0272,39.5736,50.2335
46.0615,37.3292,36.8643
35.5,38.5,36.5
33.5,46.5,46.5
37.5,40.5,44.5
41.5,34.5,42.5
44.5,37.5,42.5
48.5,33.5,44.5
29.5,43.5,40.5
43.3113,42.6722,33.9825
38.5,49.5,43.5
46.0576,43.8824,32.1333
30.5,37.5,41.5
42.5,47.5,40.5
43.6775,44.736,43.2896
41.5,33.5,33.5
33.5,42.5,42.5
43.8805,43.3124,48.3219
37.5,43.5,29.5
33.5,47.5,42.5
29.5,44.5,37.5
41.3915,44.2036,31.0797
35.5,34.5,39.5
30.5,40.5,44.5
42.5,42.5,31.5
38.5,44.5,49.5
37.5,38.5,32.5
32.5,41.5,45.5
40.9043,44.1908,36.0722
39.5,39.5,36.5
40.5,35.5,35.5
39.5,35.5,46.5
47.5,31.5,43.5
44.4082,40.47,55.9835
32.5,45.5,41.5
41.5,37.5,46.5
45.0813,36.7063,50.8043
36.5,36.5,45.5
43.3367,41.0443,32.7611
40.5,47.5,44.5
35.5,29.5,34.5
47.5,31.5,42.5
51.5,42.5,42.5
48.0746,44.2512,39.4568
29.5,42.5,38.5
41.6594,39.2311,37.3345
41.6411,34.0564,52.2046
41.4178,40.888,48.4091
44.2834,38.3269,48.4349
32.5,33.5,47.5
39.5,50.5,44.5
48.0485,40.7916,53.4616
45.4535,36.7473,46.5811
41.5,36.5,31.5
45.5,48.5,45.5
49.5,41.5,41.5
47.7154,37.9676,34.5213
37.7102,42.0119,37.0282
45.6179,33.6364,45.7118
44.8867,38.1566,27.5305
30.5,41.5,38.5
38.5,34.5,29.5
46.004,39.3278,49.8212
39.5,33.5,29.5
42.5,47.5,45.5
44.5026,27.1726,37.0472
38.5,42.5,36.5
37.5,41.5,31.5
32.5,32.5,39.5
38.9552,45.014,32.0244
37.5,40.5,48.5
35.5,30.5,39.5
49.5,45.5,34.5
45.5,39.5,37.5
37.5,34.5,50.5
38.5,39.5,42.5
38.9827,44.2856,45.8785
45.7093,43.3596,31.2611
46.5,35.5,46.5
45.5,40.5,29.5
39.5,44.5,46.5
39.5,48.5,41.5
46.0379,39.9751,48.9797
38.5,27.5,37.5
45.65,37.1333,49.4976
36.5,46.5,49.5
44.7165,32.3075,44.547
48.3621,45.0145,33.9204
40.2982,33.4044,54.908
40.7235,34.6135,43.017
28.5,37.5,44.5
42.0103,34.7425,51.5603
46.1929,40.8621,57.154
47.5,40.5,45.5
49.5,37.5,33.5
47.7148,41.8131,53.3442
29.5,40.5,40.5
41.8761,36.8799,35.626
30.5,37.5,34.5
32.5,42.5,47.5
32.5,43.5,41.5
36.5,43.5,45.5
35.5,40.5,47.5
39.893,43.7104,47.9518
48.1327,48.207,38.7917
36.5,31.5,35.5
41.5,32.5,32.5
46.5502,46.4227,32.5977
34.5,45.5,42.5
40.8446,44.2919,33.3055
45.2943,46.5957,41.8401
42.7226,33.5195,41.174
41.5,32.5,41.5
35.8033,40.9167,38.7822
40.5,48.5,34.5
45.2192,36.1572,47.3792
31.5,31.5,39.5
44.1699,34.6433,51.1357
46.5,37.5,30.5
43.1763,39.5301,47.1869
44.4736,36.8126,38.4649
37.5,39.5,30.5
34.5,40.5,46.5
38.5,33.5,30.5
44.0601,39.1627,53.3768
33.5,46.5,32.5
44.5418,39.8692,33.99
44.9299,46.7451,34.3921
48.5,41.5,38.5
48.5,45.5,46.5
48.5,43.5,47.5
40.6421,45,46.5363
30.5,46.5,35.5
43.1018,32.9639,35.8648
40.1975,45.8501,46.7509
40.3964,43.8036,43.9702
39.5,51.5,39.5
46.5,31.5,40.5
49.5,46.5,38.5
40.5,40.5,49.5
49.0469,45.7669,37.8458
38.5,45.5,32.5
40.2782,41.5283,45.744
49.2629,45.8534,38.8708
37.6431,47.0287,48.1345
40.5,28.5,43.5
46.2463,38.5671,57.4474
45.4555,45.0103,31.8823
42.5,39.5,37.5
41.5,30.5,43.5
33.5,36.5,48.5
43.7475,29.107,37.4077
37.5,39.5,51.5
46.1981,44.262,33.1608
42.077,31.5787,41.413
46.0405,32.7278,39.4434
45.9292,41.4391,50.8215
46.8486,33.5156,41.3777
48.5,33.5,38.5
39.5,39.5,27.5
47.5,39.5,33.5
48.5,33.5,45.5
45.7967,34.1232,44.8506
44.5,49.5,45.5
42.6967,40.3573,46.7984
37.5,48.5,47.5
38.5,46.5,34.5
46.2581,42.1819,53.2078
44.1859,40.2604,50.4185
43.007,45.3161,32.8413
36.2311,43.4752,37.2091
32.5,46.5,40.5
46.3382,36.6523,37.5556
44.5,31.5,40.5
31.5,41.5,46.5
40.5,42.5,41.5
39.5,50.5,41.5
45.7183,43.868,49.388
44.5,41.5,32.5
48.0577,43.2439,35.4683
41.2362,38.6469,44.9771
43.5162,37.1591,46.2422
37.0801,49.1217,38.375
51.5,38.5,38.5
39.5,39.5,43.5
44.5,31.5,45.5
43.5,47.5,42.5
39.3855,48.1111,35.2953
45.4274,36.4323,54.8239
40.5,42.5,36.5
43.4675,32.0139,35.9715
50.5,41.5,42.5
44.5,37.5,37.5
44.5,39.5,47.5
36.5,39.5,47.5
39.5,37.5,45.5
45.5,41.5,48.5
44.0975,36.6367,26.5253
45.5,35.5,46.5
36.5,46.5,42.5
45.5,42.5,36.5
33.5,33.5,42.5
29.5,37.5,35.5
49.5,43.5,43.5
32.5,47.5,38.5
41.5,38.5,45.5
42.8699,41.7697,32.1741
43.3494,47.6013,43.0727
45.5394,38.7497,35.4577
36.5,42.5,48.5
43.5,36.5,35.5
40.4171,42.7635,48.0456
49.5,47.5,39.5
44.5,39.5,48.5
29.5,33.5,37.5
46.5412,33.8948,37.8294
35.5,38.5,34.5
42.6025,43.2413,33.5237
33.5,43.5,46.5
47.8599,47.6278,39.5959
48.3977,44.5152,40.4789
42.4643,42.6556,31.7139
42.5,29.5,37.5
28.5,41.5,43.5
39.5,30.5,41.5
34.5,45.5,30.5
34.5,36.5,38.5
36.5,48.5,35.5
41.5,42.5,28.5
44.3179,37.2479,50.4995
44.5,43.5,48.5
33.5,42.5,44.5
38.5,33.5,39.5
34.5,49.5,43.5
38.5,39.5,46.5
41.9672,43.4462,31.3733
48.3807,42.1299,46.9447
48.5,34.5,40.5
42.1419,37.3056,37.6595
47.5,46.5,34.5
43.9228,28.7794,39.4611
49.5587,49.4213,43.5872
37.7229,47.1185,45.8134
41.5,44.5,48.5
40.5,44.5,33.5
29.5,38.5,41.5
44.6971,46.5879,35.375
35.5,40.5,43.5
44.4864,37.4173,26.9699
46.5,47.5,41.5
30.5,38.5,45.5
32.5,32.5,46.5
42.5,47.5,31.5
37.5,42.5,46.5
43.5,37.5,39.5
46.1926,39.2299,55.5065
44.5,34.5,35.5
38.5,46.5,36.5
42.5,32.5,43.5
36.5,41.5,47.5
42.5,30.5,34.5
33.5,35.5,46.5
40.7522,47.0981,34.164
41.5025,44.2769,42.1947
38.5,27.5,40.5
45.5996,40.4011,26.6495
38.5,47.5,41.5
45.0302,46.2236,43.8529
41.5,38.5,35.5
49.46,46.1398,39.8375
49.6037,47.1311,41.5901
41.8254,42.9459,40.1123
42.5,42.5,33.5
41.5,46.5,46.5
43.9608,45.6894,39.2728
41.6007,35.7533,39.7505
45.5936,43.3936,46.0635
46.5,36.5,30.5
46.9029,32.8355,49.0566
40.5,40.5,29.5
40.5751,40.7054,34.8161
46.1226,42.245,36.5802
40.5,44.5,43.5
46.1615,41.0541,38.2733
44.5,33.5,34.5
49.5,36.5,46.5
36.5,45.5,35.5
47.5,33.5,42.5
47.5,37.5,46.5
45.5,42.5,48.5
44.9538,37.7536,49.0263
42.5,41.5,33.5
31.5,37.5,34.5
44.5,45.5,37.5
32.5,38.5,40.5
47.5,42.5,40.5
48.5,39.5,36.5
37.5,45.5,30.5
48.5,41.5,33.5
32.5,37.5,37.5
47.2986,43.8602,30.1338
35.5,43.5,36.5
44.5,36.5,50.5
50.5,41.5,36.5
39.5,44.5,30.5
40.5,29.5,45.5
46.1659,42.5625,52.2514
45.5,35.5,34.5
46.5,42.5,44.5
48.5,48.5,40.5
41.5,33.5,30.5
44.2361,41.0445,48.5449
29.5,43.5,35.5
45.0734,35.5756,55.2996
46.5,43.5,49.5
31.5,39.5,45.5
45.4299,39.2952,31.8339
38.5,47.5,37.5
39.5,32.5,49.5
41.5,49.5,35.5
31.5,43.5,31.5
45.5,44.5,37.5
45.5,33.5,40.5
49.5,40.5,40.5
40.0301,47.597,34.7137
43.2396,32.9868,43.2838
46.5077,33.069,42.2377
48.5,38.5,31.5
29.5,45.5,39.5
40.9391,39.7521,35.1412
48.5,42.5,44.5
42.5,48.5,42.5
49.5,44.5,39.5
43.5,32.5,31.5
44.5,42.5,49.5
46.6393,39.6019,52.5826
47.5,35.5,46.5
36.5,36.5,31.5
37.2252,47.4084,35.4263
45.5942,43.6805,45.0307
35.5,39.5,50.5
42.5,41.5,40.5
41.5,44.5,41.5
41.5,51.5,43.5
39.5,32.5,36.5
40.9781,42.14,36.5112
40.5,39.5,47.5
42.834,33.8333,43.7134
45.5283,33.719,53.9477
35.5,33.5,36.5
45.7986,42.6773,48.0499
28.5,36.5,41.5
39.5,37.5,37.5
36.5,45.5,49.5
35.5,40.5,40.5
44.5,43.5,40.5
27.5,37.5,39.5
40.5,39.5,31.5
42.5,48.5,46.5
48.5,43.5,39.5
32.5,35.5,41.5
42.779,36.4802,49.122
37.5,41.5,39.5
43.5,40.5,49.5
45.0896,46.4785,42.8807
36.5,36.5,46.5
32.5,41.5,39.5
43.5,34.5,48.5
44.1076,38.7756,54.3363
44.1874,37.6435,43.3003
47.5,41.5,30.5
34.5,42.5,37.5
38.414,41.2085,37.0012
37.8772,46.8559,31.8631
38.5,37.5,30.5
42.4545,42.4509,41.978
41.4985,46.4948,33.7166
45.9079,37.3312,52.0803
47.5,37.5,41.5
32.5,35.5,39.5
46.1795,39.6134,54.5357
46.5,35.5,39.5
33.5,33.5,39.5
34.5,42.5,38.5
37.2566,47.7121,31.9531
44.5,38.5,29.5
38.5,35.5,50.5
35.5,41.5,34.5
43.5,39.5,39.5
34.5,47.5,36.5
37.5,38.5,28.5
30.5,40.5,38.5
46.247,38.907,56.4947
43.7927,44.1599,38.9638
47.801,37.7036,52.6539
44.5,37.5,36.5
42.1359,35.6608,44.5297
47.4433,42.4848,49.6588
45.5,49.5,36.5
31.5,36.5,43.5
45.7852,37.3684,54.4204
46.6882,46.3066,31.6189
42.4901,46.6508,41.4267
48.7622,45.4297,35.8883
41.5,51.5,40.5
44.5,45.5,44.5
46.5,48.5,34.5
32.5,41.5,49.5
42.5833,35.9194,49.9875
44.2925,41.2757,47.564
45.5,31.5,42.5
45.8246,45.0396,40.1439
40.9008,41.8631,48.2027
40.3497,37.655,37.1469
39.5,38.5,31.5
47.3341,41.7442,50.4115
30.5,38.5,33.5
48.0466,38.8963,51.0267
46.3144,41.5524,55.147
45.8279,43.4496,50.3395
43.9422,44.4403,36.8826
30.5,36.5,38.5
35.9814,48.8581,40.0915
42.4347,38.0328,26.0973
36.5,33.5,29.5
37.5,35.5,32.5
32.5,33.5,38.5
42.1739,33.9245,37.9229
44.5,42.5,50.5
50.5,35.5,43.5
44.6569,48.2928,44.4885
31.5,36.5,33.5
46.5,30.5,38.5
41.5,34.5,49.5
47.0044,35.4567,39.129
42.9881,38.5501,26.764
49.5,42.5,32.5
42.5,47.5,30.5
38.5,34.5,44.5
36.5,50.5,38.5
32.5,45.5,34.5
46.2518,39.5314,41.0945
32.5,38.5,43.5
48.8366,45.5904,36.9018
43.9347,29.8054,39.6659
45.5,41.5,30.5
39.5,29.5,41.5
32.5,40.5,42.5
45.1022,32.8377,54.169
38.2135,49.0305,36.7089
46.5,29.5,40.5
45.9091,44.9121,37.0499
43.3452,39.0706,35.2337
30.5,42.5,44.5
39.3721,33.0498,55.1176
31.5,35.5,44.5
43.5,33.5,30.5
32.5,40.5,44.5
48.5,39.5,33.5
44.5,39.5,37.5
39.5,34.5,35.5
36.5,50.5,39.5
33.5,42.5,38.5
37.5,33.5,40.5
47.5,41.5,40.5
46.5,34.5,45.5
40.5,36.5,45.5
44.2363,32.5621,50.6554
36.5,29.5,38.5
36.5,41.5,45.5
31.5,35.5,46.5
44.373,40.7522,54.9876
46.58,42.5152,28.6664
39.5,27.5,40.5
31.5,44.5,39.5
36.5,44.5,45.5
48.5,33.5,35.5
46.0265,39.9475,53.6184
46.7729,39.4602,33.4163
43.9479,32.5544,45.131
31.5,45.5,42.5
44.7586,44.8819,33.9167
40.3257,41.6861,34.5901
34.5,50.5,42.5
45.5,34.5,49.5
31.5,35.5,33.5
43.0083,38.7303,49.8169
48.6124,36.4438,35.5817
40.5,29.5,44.5
47.5,36.5,44.5
31.5,46.5,33.5
44.6576,42.7878,32.2223
41.5,44.5,46.5
40.5,48.5,35.5
43.5,31.5,35.5
47.4553,33.6657,50.8194
40.5,40.5,46.5
44.5,34.5,46.5
46.5,44.5,46.5
35.5,45.5,38.5
41.134,33.2893,52.7691
29.5,39.5,34.5
36.5,50.5,37.5
47.0472,41.1267,51.192
45.1901,35.9786,40.1573
33.5,49.5,35.5
46.5,43.5,39.5
32.5,30.5,37.5
42.4085,39.4436,49.3429
32.5,40.5,38.5
48.5,32.5,38.5
46.2492,41.831,28.0302
43.6049,38.4839,36.0556
44.5,44.5,32.5
43.4517,38.602,40.8996
34.5,33.5,38.5
45.6263,32.2495,40.2349
45.5,40.5,37.5
46.5,32.5,43.5
38.5,44.5,30.5
42.5,50.5,38.5
44.3353,42.5621,43.6874
41.5,37.5,50.5
40.5,50.5,33.5
36.5,41.5,44.5
46.2708,38.6705,42.9571
39.5,42.5,41.5
28.5,43.5,42.5
43.8472,42.0852,34.606
38.0979,46.076,45.7108
46.1881,36.3215,49.9534
32.5,36.5,38.5
34.5,38.5,32.5
38.5,36.5,44.5
44.0907,40.7687,28.5754
30.5,41.5,39.5
45.3228,46.9551,33.4298
41.3711,41.9817,33.078
40.1872,41.6881,43.6323
38.5,48.5,37.5
44.5,44.5,40.5
32.5,41.5,43.5
46.5,41.5,44.5
41.4244,34.8229,39.786
38.5,38.5,44.5
43.408,30.0277,37.6928
33.5,40.5,49.5
32.5,32.5,32.5
47.2539,42.0012,31.6911
42.5,34.5,32.5
44.5,31.5,47.5
45.8847,43.3862,34.9422
40.5,40.5,47.5
43.096,34.6423,38.6954
30.5,44.5,43.5
43.5,42.5,34.5
49.5,34.5,44.5
38.5,33.5,48.5
36.5,35.5,30.5
35.5,38.5,30.5
37.5,49.5,44.5
43.7151,34.1879,53.0856
46.5135,33.7669,55.6273
35.5,35.5,31.5
47.5,43.5,33.5
46.5,34.5,39.5
39.5,40.5,40.5
34.5,33.5,40.5
43.5177,32.838,39.4482
39.5,41.5,32.5
40.5,39.5,45.5
40.7153,42.6923,32.6604
44.5,32.5,33.5
48.7892,43.8181,44.3999
39.5,34.5,32.5
44.5483,37.7493,42.3365
46.2456,41.1805,56.125
40.5,37.5,27.5
43.6734,44.1833,45.3537
37.5,45.5,50.5
41.5838,43.2384,46.4203
44.5,44.5,42.5
40.5,39.5,32.5
35.5,36.5,31.5
38.5,44.5,39.5
36.5,38.5,30.5
38.5,33.5,36.5
35.5,35.5,39.5
43.627,40.0524,27.9922
47.5,38.5,43.5
33.5,42.5,43.5
43.013,34.5204,41.1317
39.5,46.5,35.5
45.5,33.5,32.5
40.5,29.5,36.5
49.5734,47.8071,42.3389
42.5,39.5,42.5
42.2816,35.415,50.8477
29.5,35.5,45.5
48.5,44.5,38.5
43.732,38.9536,47.893
39.5,42.5,48.5
36.5,37.5,32.5
48.1519,44.9052,32.9144
37.5,47.5,41.5
43.6729,37.9446,50.1951
42.5,35.5,40.5
43.173,35.5536,41.09
33.5,37.5,32.5
39.5,47.5,46.5
33.5,40.5,32.5
36.5,50.5,34.5
36.5,47.5,35.5
40.5,45.5,39.5
42.5,34.5,45.5
45.5,33.5,37.5
41.5,39.5,32.5
35.5,44.5,46.5
46.5,40.5,46.5
48.5,43.5,32.5
42.7089,33.9257,35.7848
36.5,34.5,35.5
36.5,35.5,46.5
45.2794,45.1564,46.6778
41.0096,45.1205,35.7877
30.5,43.5,42.5
44.9621,39.5486,37.6318
38.7878,45.3802,47.9056
43.5,45.5,47.5
31.5,30.5,40.5
47.0861,34.0397,40.6233
37.5,34.5,49.5
33.5,46.5,47.5
34.0744,49.8822,38.6232
37.5,40.5,42.5
36.5,40.5,43.5
45.5,49.5,38.5
43.5,40.5,36.5
48.5,31.5,41.5
42.5,47.5,37.5
41.5,43.5,34.5
40.5,42.5,30.5
32.5,34.5,40.5
43.9284,27.7267,39.4153
39.5,38.5,28.5
41.5,35.5,49.5
40.5,39.5,40.5
32.5,41.5,46.5
41.5,35.5,43.5
45.8224,45.0021,38.0586
36.5,42.5,42.5
45.746,44.7228,42.135
38.4897,45.1594,45.7695
48.5,38.5,45.5
46.764,43.638,44.1857
43.5,50.5,42.5
35.5,49.5,43.5
34.5,48.5,37.5
47.5,41.5,46.5
44.1017,28.1408,37.1732
32.5,39.5,30.5
47.5,40.5,36.5
39.5,35.5,44.5
48.5553,45.2744,34.9136
35.5,40.5,42.5
40.491,36.6484,43.0343
43.5,35.5,48.5
47.5,32.5,34.5
41.6583,41.8787,40.0462
45.7821,45.0386,39.0752
35.5,46.5,36.5
38.5,31.5,33.5
35.5,36.5,44.5
41.5,47.5,46.5
39.5,31.5,43.5
40.5,47.5,41.5
40.3303,37.656,43.078
32.5,45.5,38.5
40.5,45.5,33.5
40.5,48.5,48.5
45.5,46.5,46.5
42.5,40.5,39.5
37.5,42.5,51.5
46.0439,41.6922,37.4568
42.9015,35.5203,38.2135
48.5,45.5,45.5
40.5,44.5,30.5
33.5,38.5,38.5
46.296,40.2257,29.3923
44.5,49.5,41.5
45.3404,46.7889,40.8293
42.5,45.5,30.5
35.5,42.5,32.5
47.5,39.5,44.5
31.5,40.5,35.5
46.1992,38.1875,53.9701
42.5,36.5,45.5
44.8132,36.2751,39.3083
41.5,29.5,36.5
38.5,28.5,42.5
45.0374,38.9842,38.4947
46.4572,41.6023,46.4176
41.5319,30.9929,55.1376
41.5,47.5,40.5
32.7987,32.5718,41.5697
45.4925,46.8627,39.8082
43.9879,26.6591,39.41
41.8256,36.6883,44.7225
47.8437,32.7696,51.1677
41.5,35.5,32.5
47.2558,35.5397,54.8691
34.5,39.5,38.5
45.5,48.5,39.5
33.8877,48.8764,42.2537
50.5,42.5,43.5
33.5,30.5,37.5
43.5,34.5,34.5
44.1377,43.6428,40.8648
44.5,43.5,39.5
45.7517,34.8981,42.9085
35.5,30.5,36.5
38.7072,36.4198,44.096
46.9094,44.3462,43.4346
33.5,32.5,43.5
36.5,28.5,42.5
39.5,32.5,33.5
40.5,29.5,35.5
47.5,44.5,39.5
46.5,39.5,49.5
43.6819,44.5314,32.4606
35.5,29.5,41.5
45.076,32.0511,41.0616
40.7122,46.1905,42.1962
35.5,32.5,46.5
37.5,50.5,43.5
42.5,41.5,28.5
37.5,42.5,48.5
45.5058,32.3926,43.8299
44.2201,43.6548,32.282
30.5,32.5,43.5
46.2752,39.0881,41.9676
46.7933,46.1009,30.5872
42.5,43.5,41.5
44.5,44.5,48.5
40.8074,33.6005,42.9975
41.8508,37.7553,39.5221
30.5,44.5,36.5
46.6128,40.9203,30.0686
40.2989,44.7492,44.3662
31.5,42.5,37.5
41.5,36.5,28.5
44.3823,44.6854,34.8843
41.5,37.5,32.5
46.0187,42.8508,35.7959
32.5,42.5,41.5
40.5,39.5,28.5
44.5,41.5,42.5
47.5,39.5,43.5
30.5,37.5,44.5
44.5,32.5,45.5
29.5,46.5,40.5
37.5,47.5,36.5
36.6389,47.8351,36.1279
36.5,34.5,39.5
45.5,46.5,42.5
43.8975,34.438,52.1385
35.5,35.5,38.5
44.9413,35.6306,48.265
40.346,47.1829,42.1981
40.2325,38.7095,43.2057
45.7308,44.407,43.1269
42.2989,34.8427,35.6615
48.5,40.5,39.5
39.5,49.5,42.5
34.7102,49.3908,37.9603
45.5654,45.0552,30.8318
41.8532,39.8184,39.6509
39.9417,42.6283,34.368
37.5,48.5,34.5
47.5,35.5,41.5
45.5,32.5,44.5
34.5,43.5,30.5
43.9475,43.9189,39.9242
31.5,37.5,36.5
42.5,32.5,49.5
45.6649,47.1339,32.485
33.5,32.5,44.5
45.5665,32.7447,55.0628
47.5,48.5,38.5
29.5,39.5,40.5
37.5,42.5,34.5
46.2091,45.8575,34.7774
47.6445,43.0927,45.0848
37.5,43.5,47.5
42.2055,36.5396,38.7898
42.6551,37.6041,40.1553
32.5,42.5,32.5
46.6417,42.3489,50.8542
42.5,33.5,41.5
40.5,36.5,37.5
38.5,49.5,39.5
40.5,35.5,32.5
44.5,41.5,33.5
47.5,30.5,41.5
46.375,45.5838,33.8038
42.5,34.5,44.5
43.2462,37.1986,49.6857
28.5,40.5,42.5
40.5,35.5,48.5
44.5,49.5,34.5
41.5,45.5,35.5
39.9718,46.3997,33.914
36.5,51.5,39.5
39.5,47.5,40.5
44.9237,46.5127,38.5697
44.1907,32.553,55.077
39.5,43.5,38.5
44.8397,37.6769,44.5751
31.5,35.5,36.5
44.8774,42.968,44.8356
40.2598,43.6842,46.2298
34.5,43.5,40.5
41.5,40.5,40.5
33.5,40.5,40.5
39.5,40.5,45.5
37.5,34.5,31.5
34.5,41.5,40.5
34.5,44.5,47.5
48.5184,44.6975,37.1736
31.5,38.5,43.5
46.5,39.5,46.5
40.5,30.5,37.5
39.5,31.5,37.5
40.5,43.5,51.5
47.5,38.5,37.5
33.5,42.5,47.5
44.8789,43.01,48.2084
39.5,31.5,48.5
34.5,42.5,36.5
28.5,41.5,40.5
46.5,42.5,49.5
32.5,35.5,45.5
32.5,44.5,34.5
35.5,35.5,40.5
45.5,46.5,33.5
47.5,37.5,32.5
35.5,43.5,35.5
39.5,38.5,46.5
46.5,29.5,37.5
42.5582,39.7323,40.3784
48.4052,44.428,36.0629
38.5,38.5,29.5
45.0893,46.5946,37.5799
41.4177,42.0709,47.3572
42.5,32.5,36.5
41.6149,35.8484,36.5391
45.7817,36.8861,53.4832
37.5,39.5,33.5
49.5,40.5,38.5
41.5,51.5,42.5
38.5,32.5,32.5
45.2713,32.2929,42.4684
34.5,40.5,29.5
46.0272,35.1189,55.317
38.5,42.5,39.5
35.5,44.5,31.5
43.5,37.5,31.5
39.5,46.5,33.5
36.5,35.5,50.5
41.5,50.5,35.5
28.5,42.5,41.5
45.5667,34.1865,55.7042
43.5,32.5,39.5
46.5,41.5,46.5
44.5413,44.4402,46.4957
47.1391,45.182,30.8264
45.1211,44.8199,35.9447
42.5,37.5,31.5
42.5,33.5,29.5
40.5366,40.6647,44.411
49.5,37.5,40.5
46.687,34.6699,38.511
49.5,36.5,42.5
50.5,35.5,40.5
32.5,44.5,45.5
45.7744,33.2381,44.3143
49.5,44.5,40.5
39.5,45.5,48.5
28.5,42.5,43.5
36.5,35.5,35.5
36.5,43.5,35.5
46.7032,35.8827,53.5994
36.5,30.5,44.5
36.2633,48.036,44.0644
40.5,38.5,36.5
49.5,33.5,38.5
47.4874,40.6323,52.6468
45.454,35.7004,49.6622
42.5286,39.7736,47.9057
28.5,42.5,44.5
41.8701,43.1322,41.1502
47.2455,45.5059,31.8998
44.5,33.5,44.5
46.5,47.5,39.5
35.5,39.5,41.5
37.5,29.5,44.5
33.5,47.5,40.5
43.2009,43.8969,33.0042
36.5,51.5,37.5
41.5,46.5,37.5
44.5,35.5,41.5
34.5,46.5,40.5
47.5,35.5,38.5
44.508,45.8857,41.5742
38.5,46.5,48.5
44.2615,36.5313,47.3751
33.5,41.5,37.5
33.5,31.5,45.5
39.5,27.5,41.5
48.5,44.5,34.5
38.5,40.5,47.5
46.2712,39.8541,56.929
49.5,38.5,46.5
35.5,29.5,40.5
45.0623,41.6795,48.7934
32.5,35.5,35.5
37.5,49.5,42.5
39.5,33.5,47.5
31.5,32.5,37.5
45.4654,38.5857,49.3262
42.7452,36.9419,44.9617
43.5,36.5,28.5
50.5,37.5,44.5
46.5,35.5,42.5
36.5,34.5,34.5
43.0717,32.2819,42.0403
34.5,38.5,47.5
40.4561,39.9011,36.9573
45.2956,41.9337,53.1241
50.5,43.5,39.5
35.5,43.5,29.5
36.5,33.5,43.5
39.5,47.5,41.5
47.5,39.5,48.5
39.5,45.5,45.5
50.5,40.5,35.5
30.5,40.5,41.5
45.5,45.5,41.5
38.5,47.5,33.5
31.5,35.5,31.5
43.5,50.5,36.5
46.2716,40.2459,55.7834
44.36,45.4773,43.577
48.5,31.5,39.5
39.6874,32.1256,55.0206
35.5,50.5,43.5
35.5,43.5,34.5
44.989,41.8619,51.0156
34.5,48.5,43.5
39.5,34.5,43.5
45.6089,40.2836,37.9085
40.5,40.5,36.5
46.8539,37.4527,52.3505
48.5,40.5,43.5
50.5,34.5,36.5
49.5,43.5,41.5
50.5,41.5,40.5
43.373,30.8879,38.785
49.5,46.5,37.5
48.5,45.5,38.5
46.4734,41.5098,32.1292
35.5,44.5,34.5
42.9597,34.5936,51.9183
44.2431,41.3293,32.4703
48.5,37.5,40.5
43.6058,39.4889,50.1071
47.8777,44.2984,43.4538
41.5,48.5,40.5
45.3268,38.2732,42.6663
46.1953,36.5841,36.1484
44.9495,33.9912,43.6821
49.5,41.5,40.5
44.5,40.5,34.5
44.5809,39.5447,28.0537
35.5,35.5,44.5
37.5,42.5,44.5
42.5,49.5,33.5
45.5,48.5,36.5
43.5,49.5,33.5
34.5,34.5,35.5
40.5,31.5,32.5
42.8264,38.1917,37.1419
48.5,35.5,38.5
44.5,45.5,48.5
41.6226,46.4196,41.863
43.5,42.5,43.5
49.5,42.5,42.5
43.5,44.5,49.5
39.5,44.5,49.5
40.5,39.5,46.5
41.5,29.5,41.5
40.5,35.5,29.5
45.5,47.5,45.5
41.5,49.5,42.5
44.8622,43.3389,49.3153
49.5,38.5,33.5
31.5,43.5,46.5
43.5,41.5,43.5
46.2654,34.3276,41.6547
42.9131,43.8551,40.0997
45.5344,38.8443,40.7057
33.5,38.5,33.5
38.9406,46.4214,45.2918
46.6051,41.6974,29.3862
37.9956,48.0344,35.6662
37.5,33.5,47.5
40.5,36.5,42.5
29.5,43.5,37.5
43.5,45.5,46.5
35.5,45.5,35.5
43.7826,42.2664,32.1908
41.5,42.5,36.5
40.5,38.5,41.5
44.5,44.5,36.5
45.1533,40.3254,49.3832
32.5,41.5,36.5
46.091,33.9861,42.6124
46.7241,43.0566,50.0825
41.5,49.5,38.5
46.5,38.5,30.5
30.5,38.5,42.5
28.5,40.5,37.5
43.0823,39.0805,48.6425
36.5,41.5,36.5
34.3354,39.1208,39.6411
45.5,33.5,35.5
45.3646,40.0512,33.4108
39.6257,36.6302,43.5883
46.5,34.5,36.5
37.5,49.5,37.5
44.7493,44.8768,42.2739
35.5,28.5,37.5
45.5,45.5,38.5
34.5,49.5,40.5
46.5,38.5,46.5
43.8896,41.1905,34.035
33.5,45.5,48.5
45.9868,39.3591,34.1102
33.5,32.5,38.5
40.8008,45.7381,33.6121
40.5,44.5,38.5
32.5,42.5,48.5
44.8222,45.2292,40.2494
37.5,47.5,33.5
44.8637,44.6506,38.0272
36.5,33.5,30.5
42.5,45.5,38.5
35.5,36.5,28.5
37.5,40.5,45.5
44.9555,39.9519,52.5167
48.5947,44.8758,38.163
39.5,50.5,37.5
50.5,40.5,43.5
41.6788,40.1352,34.6003
36.5,41.5,29.5
47.8692,45.2336,41.6348
47.181,33.2883,49.8763
38.5,35.5,28.5
39.2635,46.947,34.4021
47.5,35.5,40.5
45.3696,36.4229,48.816
39.5,45.5,29.5
36.5,33.5,40.5
36.7938,47.9459,44.933
46.4933,35.9496,36.8908
38.5,44.5,28.5
29.5,44.5,35.5
43.5,32.5,38.5
44.1634,39.7817,54.6897
47.5,44.5,37.5
45.5,38.5,39.5
40.9715,44.0653,43.0942
36.5,46.5,43.5
30.5,43.5,33.5
39.5,43.5,50.5
46.5,40.5,48.5
33.5,34.5,32.5
28.5,41.5,35.5
40.547,29.0186,54.2817
41.5,44.5,37.5
36.5,40.5,29.5
29.5,35.5,34.5
39.5,42.5,28.5
40.5,41.5,46.5
38.5,40.5,31.5
33.5,42.5,34.5
34.5,32.5,37.5
28.5,39.5,37.5
37.5,46.5,44.5
44.5,45.5,32.5
45.5,39.5,34.5
35.5,36.5,46.5
51.5,40.5,42.5
41.5,38.5,34.5
31.5,31.5,41.5
36.5,39.5,32.5
37.5,29.5,43.5
43.5,46.5,36.5
44.5,48.5,33.5
48.5,46.5,36.5
42.5,32.5,45.5
41.8471,41.1334,47.512
36.5,44.5,31.5
40.6245,41.9397,35.5588
37.5,47.5,39.5
45.0955,42.3042,46.7743
43.5,33.5,39.5
41.5504,34.6775,43.622
40.0151,42.5861,44.7323
43.5,34.5,43.5
31.5,47.5,39.5
31.5,36.5,34.5
47.5,47.5,43.5
40.5,28.5,36.5
51.5,42.5,39.5
48.7231,44.9967,39.1768
36.5,39.5,39.5
42.5,29.5,33.5
40.9391,43.0112,47.198
34.5,44.5,36.5
47.0259,38.8139,50.8341
34.5,36.5,30.5
31.5,44.5,33.5
40.5,35.5,39.5
34.5,37.5,37.5
44.9977,44.2672,41.0464
41.5,45.5,40.5
43.5,38.5,31.5
29.5,35.5,42.5
30.5,32.5,39.5
38.56,47.5184,34.9665
42.5,28.5,43.5
41.1818,33.5302,53.7447
43.5,49.5,39.5
44.767,46.2379,39.5837
28.5,36.5,43.5
34.5,33.5,47.5
44.7067,35.8356,50.4291
36.5,43.5,41.5
44.3192,36.2442,40.5528
47.8579,42.3334,48.3506
37.5,51.5,42.5
49.5,33.5,39.5
36.5,40.5,36.5
44.5,30.5,36.5
45.6032,39.3062,39.7135
48.1092,44.0011,34.2149
45.9448,40.3307,28.0733
47.5,38.5,34.5
31.5,37.5,33.5
38.5,39.5,34.5
42.4134,40.7645,40.7034
47.3761,39.2099,53.5952
28.5,38.5,38.5
42.3571,33.7677,39.4659
32.5,39.5,36.5
45.1334,33.0589,45.1071
47.5,41.5,32.5
50.5,34.5,41.5
48.5,40.5,31.5
47.5,45.5,40.5
34.5,32.5,44.5
38.5,38.5,43.5
45.1112,45.9933,33.1014
45.5,38.5,40.5
47.5574,40.3945,50.688
46.5686,33.3956,40.0194
41.5355,45.0997,33.2551
43.3456,42.8682,41.8089
38.5,31.5,35.5
44.5,50.5,36.5
45.5,39.5,41.5
48.5,43.5,37.5
51.5,42.5,38.5
47.7796,43.7115,44.2678
42.5949,41.9984,33.7587
48.5,43.5,44.5
32.5,40.5,46.5
47.8318,43.3979,46.583
44.5281,45.6674,35.1207
34.5,48.5,33.5
40.6775,43.8088,31.6859
35.2082,48.5362,42.4244
35.5,45.5,49.5
42.4464,35.6344,40.3418
45.5,43.5,30.5
30.5,34.5,42.5
45.5,45.5,44.5
48.5,39.5,47.5
50.5,36.5,39.5
32.5,46.5,44.5
39.5,46.5,32.5
43.5,34.5,46.5
42.044,37.0536,36.6671
45.0527,39.4602,53.4356
36.5,48.5,34.5
46.5,30.5,40.5
35.5,43.5,46.5
37.5,35.5,49.5
39.5,36.5,33.5
32.5,48.5,36.5
48.4992,46.7884,40.6029
44.9327,44.6535,36.9363
38.5,38.5,39.5
44.5,45.5,43.5
42.8701,33.3481,44.6412
42.5796,33.0011,55.1197
39.5,33.5,30.5
47.1878,44.5859,33.0439
36.5,36.5,29.5
30.5,35.5,46.5
35.7287,48.2144,43.2088
40.8662,37.5603,43.9399
44.4959,38.2419,38.0304
31.5,36.5,41.5
48.5,41.5,40.5
30.5,37.5,39.5
44.5,37.5,47.5
28.5,40.5,44.5
43.4425,40.7508,47.3303
46.0859,37.3566,35.4975
45.3299,44.9743,44.4609
38.5,41.5,48.5
45.198,42.3058,52.158
40.5,31.5,35.5
44.6555,33.9641,53.4233
49.5,43.5,33.5
40.5,37.5,40.5
43.9189,39.8927,35.6215
46.3568,36.0769,54.7999
44.1209,33.4756,43.4185
43.9579,28.9659,38.4266
44.3862,31.9744,40.3186
44.7665,44.5832,39.0729
36.1977,49.0242,37.9166
32.5,44.5,39.5
43.7468,33.8602,54.7749
40.5,40.5,41.5
31.5,47.5,43.5
43.1826,32.019,36.9206
38.5,39.5,41.5
44.052,43.5064,44.0257
31.5,43.5,37.5
33.5,38.5,32.5
41.5,39.5,47.5
37.5,43.5,45.5
50.5,44.5,39.5
47.5,44.5,47.5
44.6056,44.1121,47.438
42.5,39.5,29.5
40.5,38.5,50.5
46.4689,43.6628,30.6526
45.7257,36.1026,38.7915
32.5,41.5,33.5
42.3643,44.578,33.1406
36.5,49.5,46.5
38.5,49.5,42.5
46.5,36.5,35.5
46.5075,43.9207,48.1745
40.5,32.5,35.5
48.5,38.5,34.5
42.1038,34.8362,36.6594
36.5,48.5,32.5
44.5,43.5,32.5
43.2328,33.1046,40.3813
48.5,42.5,45.5
37.5,32.5,46.5
42.6234,38.6581,40.2771
49.5,32.5,41.5
41.5,42.5,40.5
47.2344,40.6785,48.3522
47.5,42.5,39.5
46.5,38.5,36.5
45.4852,42.1197,45.7046
39.5,31.5,40.5
38.5,40.5,49.5
41.5,41.5,44.5
48.5,47.5,37.5
45.5,43.5,36.5
48.8655,45.3908,40.2095
32.5,44.5,41.5
46.2615,40.5924,54.7877
43.5,43.5,43.5
43.5,39.5,43.5
45.1016,37.9418,43.6024
51.5,39.5,36.5
49.5,33.5,42.5
49.5,40.5,45.5
38.3261,39.8735,36.404
47.4413,41.801,46.6628
32.5,33.5,41.5
43.5,37.5,40.5
40.6791,38.6674,44.1024
39.187,44.4146,46.8551
42.2802,41.7799,40.8961
37.5,37.5,51.5
42.5,32.5,35.5
43.6732,37.5434,48.3452
42.1943,34.7715,39.1581
44.5,49.5,44.5
37.3656,48.4745,36.4071
44.9513,42.1655,49.9915
32.5,35.5,47.5
47.0275,43.0327,35.6684
40.5,50.5,35.5
44.4061,44.8997,45.5094
41.3956,35.7249,43.7904
36.5,30.5,39.5
42.5,49.5,35.5
47.2392,38.8855,52.1826
40.8493,40.9152,35.7652
45.5,44.5,45.5
45.548,38.4122,41.6707
45.3015,41.4997,54.1209
44.193,33.5916,50.8507
38.5,30.5,35.5
41.5,39.5,51.5
46.5,46.5,45.5
33.5,46.5,37.5
51.5,40.5,40.5
41.5,38.5,40.5
43.3034,43.2534,31.9709
39.3486,45.553,46.2572
47.9522,44.8342,42.5769
33.5,48.5,41.5
35.5,41.5,45.5
43.6964,36.1165,38.3667
31.5,48.5,36.5
32.5,36.5,44.5
33.5,44.5,39.5
51.5,38.5,36.5
46.9769,37.5645,53.6873
34.5,34.5,33.5
35.5,46.5,40.5
40.9694,37.749,36.2919
36.5,42.5,36.5
32.5,42.5,46.5
31.5,39.5,48.5
40.2049,31.238,54.9059
32.5,32.5,36.5
49.5,36.5,39.5
46.5,33.5,34.5
45.5,31.5,39.5
39.5,31.5,41.5
38.5,36.5,46.5
40.5,32.5,42.5
46.5,47.5,33.5
48.5,44.5,45.5
46.0358,43.0978,29.9243
43.5,30.5,32.5
28.5,38.5,43.5
44.4911,36.9583,46.428
27.5,38.5,37.5
37.5,46.5,43.5
37.5,37.5,38.5
45.0396,43.5836,42.9111
32.5,33.5,35.5
32.5,42.5,33.5
39.5,37.5,49.5
42.5,29.5,45.5
41.5874,39.0633,36.3305
44.6051,38.6264,35.8104
45.513,41.5349,28.6778
47.5,42.5,43.5
39.5,44.5,36.5
46.3853,35.1389,40.4893
46.3327,46.5578,40.9773
43.5,45.5,43.5
43.6502,40.6546,34.9996
44.1452,47.0014,42.9328
44.5,43.5,46.5
32.5,33.5,33.5
44.5,46.5,44.5
47.5,35.5,35.5
45.063,40.3049,51.499
36.5,32.5,31.5
