38.0866,39.1343,26.3408
38.3041,37.6693,25.8036
39.4101,38.8411,25.9858
37.7174,38.5469,25.3072
39.2335,37.8147,25.3019
38.7199,39.9038,26.1109
37.8561,37.5752,24.7962
40.1797,38.2977,25.3417
37.8425,39.5995,25.2134
38.8729,36.7672,25.6513
39.6573,39.789,25.5654
37.0384,37.9946,24.4246
39.8851,37.5609,24.2524
37.7172,40.4235,26.1603
37.7919,36.6095,25.3014
39.9353,39.1326,24.7283
36.8301,39.0439,24.7667
38.9939,37.0164,24.5847
38.4572,40.5438,25.2947
37.0289,37.3876,25.4663
40.5493,38.5433,24.137
36.9358,40.1308,25.3171
38.3611,36.1863,24.3994
39.6444,40.2176,24.5091
36.5383,38.3846,25.5024
40.1655,36.958,25.1384
38.5168,41.1628,26.3673
36.9686,36.394,24.5882
41.0253,39.1701,25.1767
36.2958,39.9021,24.5198
39.313,35.9832,24.9803
39.5198,40.9766,25.3755
36.0501,37.4853,24.9299
40.858,37.647,24.6821
37.2723,41.225,25.6617
37.4166,35.4578,24.8876
40.5877,40.1642,24.8605
35.6839,39.0007,24.8835
40.1002,36.2444,24.0619
38.7789,41.7222,25.5021
36.3412,36.3595,25.4805
41.5422,38.4764,24.5473
36.3561,41.0004,25.1055
38.467,35.2799,25.0718
40.1819,41.1084,24.3995
35.4489,38.1574,25.5237
41.2378,36.6617,24.7631
37.8828,42.2817,25.8387
36.6125,35.357,25.6447
41.6718,40.0122,24.5028
35.2374,40.0124,24.8642
40.0441,35.1523,24.4141
39.3044,41.9382,24.3055
35.3011,36.9966,25.4991
41.9719,37.4715,24.4141
36.5617,42.2779,25.5679
37.7123,34.8109,25.7936
41.271,41.2469,24.6544
34.7709,38.9249,25.4257
40.4991,35.9086,25.1347
38.6237,42.3399,26.6286
36.1493,35.4242,24.6769
42.1924,39.2421,25.0008
35.3936,41.1848,24.6645
39.4296,34.8249,25.2839
40.3865,41.819,25.1809
34.6308,37.671,26.0529
41.6954,37.7889,25.4799
37.0122,41.9356,26.4778
37.4353,34.4199,24.805
41.6134,40.7443,25.4776
34.3288,39.5984,24.6104
41.0255,35.4243,24.1943
38.8919,42.8348,25.2511
35.2392,35.9768,25.1834
42.6974,38.4174,24.5801
35.5971,41.2422,25.856
38.5378,34.2604,25.0613
41.3972,42.4097,24.5783
34.3766,37.8851,24.9688
41.5641,36.3723,25.7541
37.7241,42.6663,27.0023
36.3013,34.3552,24.7739
42.5429,40.3757,25.0609
34.3385,40.7775,24.8611
40.4883,34.4677,25.3242
40.0751,42.9319,25.3574
34.596,36.5083,26.0704
42.8573,37.6079,25.2349
35.957,41.89,26.5731
37.5363,33.7155,25.7832
41.905,41.8197,25.4643
33.7614,38.857,25.1386
41.8288,35.549,24.9866
37.9779,43.2794,26.063
35.0753,34.7876,25.0385
43.1894,39.4282,25.5077
34.3947,41.908,25.2643
39.4595,33.7128,25.6689
41.0963,42.8285,25.4474
33.8826,36.9098,25.3387
42.3766,37.0823,26.1153
36.5062,42.8255,26.88
36.6479,33.3369,24.9602
42.5539,41.0636,25.8767
33.7183,40.1359,25.541
41.455,34.5406,24.8685
39.3265,43.6865,25.9798
34.3447,35.418,25.7077
43.695,38.3508,25.7031
34.8744,42.069,26.3184
38.4588,33.1059,25.2123
42.1925,43.0835,25.3045
33.5843,37.9656,25.7339
42.6356,35.9057,25.7549
37.2444,43.6129,26.9236
35.7523,33.9544,25.633
43.282,40.2867,26.164
34.1162,41.101,26.1864
40.616,33.2423,25.0819
40.3587,43.7496,25.9536
33.6268,35.9914,26.1139
43.5203,37.3087,26.1518
35.5105,42.9701,26.287
37.4572,32.7188,25.1948
42.7635,42.2479,25.9332
33.0537,39.0792,26.0136
42.3957,34.8032,25.6858
38.6309,44.2341,26.6575
34.8183,34.3773,26.0977
44.0987,39.4042,26.3194
33.6518,42.0776,26.3741
39.4078,32.7373,24.6394
41.5016,43.6037,26.1193
33.0093,36.8596,26.4566
43.5328,36.244,26.341
36.0389,43.826,26.8326
36.3047,32.7076,26.009
43.4701,41.4567,25.46
33.2986,40.3276,26.6359
41.4751,33.7452,25.6497
39.6668,44.4218,26.8479
33.6554,35.2408,26.9464
43.7482,38.3841,26.713
34.399,42.6386,27.1396
38.3385,32.376,24.4346
42.6435,43.3386,26.5274
32.7911,38.1114,26.467
43.559,35.2825,25.7383
37.7667,44.3311,25.9782
34.8342,33.627,25.234
44.1477,39.9519,25.33
33.1932,41.2594,25.5866
39.8116,32.6928,25.653
41.1542,44.438,25.5879
32.9195,36.336,25.3571
43.1772,37.0452,27.1209
35.3021,43.6189,27.502
36.4862,32.3647,24.5879
43.2111,42.3548,25.0026
32.6314,40.0609,25.8108
42.3136,33.7978,24.8969
39.1412,44.7708,25.812
33.7872,34.0982,26.6577
44.7385,38.4774,26.0378
33.7418,43.0477,25.8477
38.7383,32.045,25.3341
42.6934,44.0142,25.6303
32.643,37.5099,25.5987
42.8534,35.165,26.616
36.9224,44.5677,26.6213
35.3543,32.7316,25.2907
44.5174,41.0433,25.7889
32.9578,41.4726,26.9112
41.1171,32.7148,25.8983
40.6604,44.7722,26.7244
32.5629,35.8852,26.5689
44.3502,37.3265,27.1705
34.6909,43.6931,26.4216
37.4822,31.7386,24.7618
43.5031,42.6391,26.9484
32.2282,39.1096,26.7773
43.387,34.12,25.4931
38.2635,45.3269,26.4418
34.3075,33.3238,26.125
44.9872,39.6213,25.9458
32.9235,42.2849,25.4446
39.7924,31.727,25.0549
41.9187,44.6208,26.279
31.8821,36.5939,25.9803
43.3955,35.9663,27.3608
35.8881,44.6253,27.4946
35.6174,31.6522,24.823
44.452,41.9488,25.0541
32.2598,40.7102,26.6981
42.1703,32.8048,25.2716
39.8762,45.4566,26.2944
32.9427,34.6754,26.2074
44.7786,38.2613,27.4229
33.6587,43.4778,26.9563
38.2908,31.1266,25.1479
43.568,43.8494,26.253
31.6867,38.0691,26.4417
44.0949,34.5368,26.328
37.2575,45.2963,25.8732
34.3875,32.696,24.9176
45.3161,40.4069,25.2989
32.2468,42.2272,26.4397
40.8166,31.8577,25.2723
41.3607,45.5192,25.8619
32.1859,35.5632,25.5032
44.3411,36.3843,27.7111
34.8546,44.7389,27.4676
36.5265,31.4708,25.3759
44.1516,42.853,25.8095
31.5926,39.7362,26.1067
42.7716,33.2856,25.8955
38.9541,45.9342,25.9873
33.2545,33.8626,25.64
45.2515,39.2043,27.0223
32.656,43.4033,26.1263
39.0369,31.2898,26.0456
42.9703,44.8253,26.3639
31.4979,37.4739,25.4977
43.6918,35.0046,27.2637
36.1544,45.2628,26.338
34.7496,31.8158,25.4369
45.3873,41.574,25.3437
31.6754,41.5113,27.1073
41.6867,31.4208,25.6696
40.6856,45.7902,26.9263
31.9187,34.5164,26.5232
45.389,37.3879,27.4577
34.0109,44.5476,26.4044
37.5158,31.2309,25.9184
44.5135,43.7358,26.7677
30.8487,38.8957,25.9718
43.6135,33.4504,26.5031
37.8106,46.214,26.0279
33.5772,32.8987,25.5117
45.8369,40.2513,26.519
31.5165,43.2383,25.9758
40.0894,31.7382,26.0812
42.1089,45.5228,26.7366
31.3522,36.2181,25.1518
44.7938,35.5545,27.0942
35.4468,45.8189,27.073
35.6249,31.3112,25.8867
45.1513,42.4844,25.8687
31.1786,40.5748,26.6819
42.6765,31.8912,25.947
39.778,46.5318,26.4199
32.1274,33.9428,25.7171
45.9044,38.2466,26.9182
33.2566,44.4231,27.0673
38.3197,30.5273,26.2577
43.9163,44.8478,26.8383
30.5497,37.8658,26.0999
44.0929,33.9572,27.2767
36.6496,46.2586,26.0313
33.7042,31.7783,25.6999
46.2819,41.0089,25.7185
31.26,42.5467,26.9862
40.7597,30.9456,26.2579
41.5985,46.5967,26.2669
31.1904,34.9915,25.6438
45.6018,36.3233,27.135
34.4793,45.5171,26.5952
36.4827,30.8374,26.1987
45.1266,43.6183,25.8594
30.3072,40.0237,26.1143
43.0029,32.668,26.8456
38.6827,46.7514,26.5488
32.4914,32.9789,25.9744
46.342,39.3123,26.5728
31.8282,44.2163,26.7533
39.4491,30.2679,26.1993
43.5668,45.7146,26.415
30.5935,36.8907,25.5167
44.6846,34.6907,27.8652
35.5004,46.4496,26.1808
34.5633,30.8457,26.1149
46.1854,42.0077,26.1978
30.6339,41.709,27.1015
42.0471,31.1068,26.6467
40.7502,47.0658,26.743
31.1009,33.869,26.0819
46.2941,37.1522,26.7586
32.9078,45.3505,26.4735
37.3097,30.1417,26.0771
45.1335,44.72,26.4078
29.8136,38.7016,26.3305
43.5442,33.2806,27.9263
37.6626,46.8115,26.959
33.1643,32.2351,26.5015
46.9686,40.1944,26.0112
30.9084,43.6349,26.826
39.8686,30.9324,26.8835
42.9515,46.421,26.8165
30.4151,35.798,25.826
45.6553,35.5559,27.8931
34.4508,46.5322,26.3312
35.4279,30.409,26.5104
46.0333,43.1632,26.1338
29.7705,41.1215,26.2225
42.8684,31.5909,27.2895
39.5581,46.9608,27.3078
31.5145,32.8622,26.7621
47.0051,37.9879,26.4736
32.3306,44.8712,27.4603
38.4174,29.5558,26.6791
44.6608,45.7427,26.5629
29.4539,37.8152,25.9687
44.845,33.7251,28.3064
36.6011,47.182,26.7254
33.482,30.8255,26.4096
47.1029,41.4847,26.4452
30.1336,42.9186,26.9305
40.8204,31.0144,27.3624
41.7372,47.1566,27.1705
30.4683,34.7004,26.4949
46.5332,36.4434,27.7818
33.764,45.8987,27.3157
36.3567,30.0174,26.8248
46.0521,44.1819,26.6406
29.2426,39.7236,26.0374
43.7236,32.2628,27.6984
38.5631,47.3862,27.3716
32.4275,32.4919,27.3091
47.3506,39.3706,26.6959
31.692,43.8549,27.7023
38.9839,30.1163,27.3926
43.8752,46.1144,27.2789
29.6535,36.5238,26.2847
45.7864,34.4702,27.8849
35.417,47.155,27.0588
34.5156,30.7835,27.174
46.9973,42.5682,26.4517
29.6245,41.8392,26.9427
41.9433,30.9555,27.7109
40.8653,47.3863,27.725
30.7445,33.7146,27.1692
47.3436,37.088,27.3267
33.5546,45.0953,28.1247
37.2844,29.4684,26.9504
45.7311,45.2935,26.9742
28.7688,38.7609,26.3703
44.6293,32.6891,28.2346
37.4123,47.8389,27.1618
32.4849,31.3976,27.1824
47.1956,40.5974,27.0678
30.7447,43.0025,27.9561
40.0741,30.171,27.6028
42.5481,47.0428,27.8633
29.7491,35.6183,26.8504
46.676,35.2833,27.811
34.4727,46.7276,27.3724
35.2939,29.5914,27.3052
46.7196,43.5318,27.2189
29.4368,40.6275,27.0876
43.2248,31.2844,28.2097
39.6628,47.984,27.3647
31.7763,33.1744,27.7177
47.6221,38.3436,27.2406
32.4614,44.2047,28.5129
38.039,29.7091,27.6998
44.8077,46.6984,27.0455
28.7864,37.1119,26.5996
45.8102,33.3962,28.3979
36.1748,48.2118,26.9079
33.5403,30.6954,27.5332
47.4042,41.6298,27.5061
29.7601,42.4418,27.8342
41.3989,29.9816,27.7956
41.6244,46.9376,28.4097
30.6424,34.6051,27.7606
47.7771,36.0252,27.2835
34.2723,46.1355,28.4185
36.2635,29.0044,27.0977
47.1296,44.5205,26.9202
29.2951,39.2745,27.1782
43.8608,32.1539,28.7912
38.4714,48.5623,27.318
31.941,31.9059,27.9752
48.0189,39.6111,27.5163
31.5711,43.5207,28.7565
39.1922,29.9114,28.4458
43.812,47.1454,27.1272
28.7112,35.9857,26.5433
46.9407,34.2257,27.5269
34.3333,47.8287,27.0368
34.3613,29.9093,27.8908
47.0052,42.6229,27.9874
28.6257,41.3202,26.9403
42.9844,30.4889,27.5466
39.993,47.9735,28.3948
30.9795,32.4586,28.0128
48.2861,37.5615,26.8874
32.5965,45.3954,28.5231
38.0588,28.606,27.3429
45.9839,46.3403,26.9795
29.3205,37.9117,26.9996
45.088,33.1236,29.1861
37.1647,48.8397,27.0476
32.6018,30.2922,27.303
47.1932,40.884,28.2049
29.6316,43.5508,27.718
40.8485,30.7621,28.5391
42.166,47.8433,28.4639
29.7407,34.4045,27.2962
47.6748,35.9445,28.4092
33.5006,46.9913,27.7693
36.3569,29.6974,27.9772
46.2556,44.4949,27.668
28.4501,39.981,27.0562
44.4813,31.5863,28.0744
38.8641,48.2393,28.208
32.7239,32.5807,28.3866
48.5814,39.2885,26.6116
31.5807,44.6591,29.0257
38.9541,28.9568,27.7905
44.4011,46.8449,28.0103
29.262,36.4491,27.4523
46.625,34.0487,28.4988
35.3949,48.3722,27.527
34.2537,30.9122,28.36
47.8516,42.6402,27.3452
28.7934,42.8317,27.3804
42.293,30.2907,28.4279
40.9964,47.7802,28.9091
30.0757,33.261,27.8912
48.3269,36.7372,27.8009
33.4865,45.8024,29.0654
37.0081,28.1304,27.2122
47.0173,45.8786,26.879
28.5336,38.615,27.4522
44.4153,32.2605,29.7171
37.6111,48.4862,28.005
31.8172,30.9158,27.8721
48.3162,40.8865,27.6697
30.4447,44.0162,28.436
39.8656,30.3315,29.1912
43.2746,48.1332,28.098
28.7846,35.0175,27.283
47.7546,34.6884,28.3355
34.2597,47.555,28.133
35.338,30.1324,28.4769
47.2906,43.7981,28.1665
28.754,40.6375,27.952
44.0114,30.6124,27.9728
40.2716,48.8837,27.7375
31.7218,33.0806,29.0419
48.4758,38.6793,27.7453
32.5435,44.6548,29.6838
37.8078,28.899,28.4738
45.3286,46.1542,27.9769
28.5072,37.2108,27.6407
46.2071,33.6074,29.4098
36.0728,49.153,27.3254
33.3108,30.0869,28.3288
47.8721,41.7902,28.4465
29.1889,43.1035,28.5828
41.3671,29.7906,28.9349
41.9918,47.2923,29.3746
29.6496,34.0163,28.4561
48.7361,35.7509,27.9071
33.3386,46.8382,28.8431
36.2129,28.563,28.0585
46.8742,45.3821,27.7923
28.643,39.5399,27.9727
44.533,31.31,29.2772
38.5969,49.2906,28.0707
32.6302,31.4031,28.6373
49.0679,39.9498,27.3443
30.8444,44.0311,29.4535
40.0428,29.3422,28.6981
44.3289,47.919,27.5521
28.0612,35.816,27.3611
47.8585,33.6022,28.091
34.4445,48.5725,28.0128
34.5281,30.4252,29.538
48.0742,43.0038,28.4752
28.4112,41.869,27.8847
43.2284,29.7804,28.3374
41.028,48.8994,28.5142
30.5814,33.3404,28.8739
49.0156,37.5057,27.6826
32.6046,45.6953,29.6184
37.7965,27.8204,27.9405
46.3251,46.7413,27.9936
29.2659,38.1377,28.0355
45.4609,32.6247,30.195
36.8965,49.2474,28.0085
32.2231,29.9347,28.2098
48.2782,40.8781,28.9067
29.1285,44.1911,28.4759
40.8766,30.2489,29.7669
42.9678,47.4533,28.9969
28.4506,34.0844,27.7525
48.4328,35.3955,28.936
33.3815,47.9522,28.6374
36.067,29.4518,28.9874
47.3973,44.8701,28.7312
27.6894,40.1232,27.9442
44.9105,30.5448,28.4993
39.6278,49.3264,28.413
32.2534,32.0883,29.5121
49.5036,38.9611,27.7102
31.4886,44.8756,30.009
38.9343,28.6573,28.8009
45.288,47.3207,28.4476
28.4698,36.4476,28.4927
47.3039,33.0767,28.902
35.1573,49.3887,27.9832
33.5614,30.5586,29.2681
48.7199,42.4163,27.9276
27.808,42.8837,27.8409
42.2548,29.1867,28.9721
41.2226,48.4011,29.8112
29.7094,32.7285,28.6741
49.4607,36.5981,28.03
33.0537,46.6528,29.8642
36.6635,27.6157,28.3738
47.4751,46.5217,27.6245
28.4081,38.4947,28.6473
45.3223,31.6139,30.0631
37.7962,49.3409,28.7153
31.612,30.6574,28.8855
48.8307,40.0012,28.4812
29.7023,44.1999,29.4044
39.4882,29.4014,29.6507
43.9754,47.7818,28.752
27.7388,35.2045,28.2113
48.7512,34.0114,28.3517
34.392,48.2507,29.1143
34.9975,29.4902,29.2868
48.2569,44.1684,28.5082
28.222,41.096,28.6883
44.211,29.7658,28.8334
40.5888,49.8604,28.2419
31.167,32.0926,29.3812
49.3871,38.1296,28.4596
31.8865,45.8389,30.3986
38.7587,27.628,28.3928
45.912,47.6395,27.6039
28.942,37.3352,28.6799
46.6728,32.744,29.9896
35.9787,49.2484,28.7026
32.6972,29.9713,29.2333
48.8719,41.6763,28.8813
28.12,43.833,28.5848
41.4091,29.0964,29.693
42.3543,48.3054,29.5949
28.7215,33.2271,28.3896
49.3604,35.995,28.8361
32.5855,47.6749,29.3878
36.4997,28.5213,29.2769
47.4164,45.9373,28.5474
28.2531,39.7167,28.9488
45.422,30.6195,29.3885
38.8789,49.5648,29.1931
32.335,31.1293,29.9636
49.9263,39.8566,28.47
30.3843,44.8741,30.0006
40.0393,28.4994,29.4527
44.6679,48.4751,28.3722
28.8822,35.5789,28.8163
48.2443,33.5739,29.215
34.1726,49.4239,28.5769
33.8968,29.5162,29.7952
49.033,43.3721,28.5929
27.583,41.9529,28.5985
43.1705,29.1714,29.365
41.0602,49.5307,29.3438
30.2393,32.6557,29.5747
49.4496,37.1521,28.9725
31.6507,46.7628,29.6991
37.6729,26.9274,28.5029
47.1204,47.4989,28.1987
29.2921,38.2266,29.2691
46.2551,31.6613,30.5195
36.8899,49.9277,28.7899
31.654,29.638,29.1367
49.2554,40.7122,29.3705
28.6625,44.0352,29.5093
40.5371,29.2743,30.2193
43.4478,48.4894,29.4518
27.7145,33.9735,28.6694
49.3195,34.8225,28.695
33.26,48.5248,29.5028
35.4314,28.7251,29.7971
48.2722,45.201,28.1394
27.5443,40.4197,29.2318
45.1662,29.5491,29.2886
39.6292,50.2897,28.9333
31.4842,31.802,30.5257
50.3123,38.7718,28.5388
30.9407,45.3226,30.7727
39.4859,27.5757,29.4462
45.7399,48.519,28.4249
28.9428,36.4389,29.3902
47.7329,33.4547,30.1615
35.1159,49.6163,29.1525
33.0157,28.8643,29.4105
49.7603,42.6035,28.9633
27.4022,43.0106,28.9296
42.2515,28.6251,30.2211
42.0419,49.3332,29.6201
29.1617,33.0361,29.5146
50.3001,36.4037,28.8512
32.452,47.3289,30.5102
37.0601,27.2739,29.2728
47.9459,46.872,28.6486
28.4209,38.7466,29.686
45.9495,30.6761,30.2673
38.0869,50.4039,29.2995
30.9566,30.3558,29.8037
49.798,39.8533,29.498
28.9879,45.0277,29.8823
39.821,28.2764,30.4504
44.7246,48.2211,29.4901
27.9367,35.0002,29.2873
49.3914,33.8356,29.2492
34.1002,49.0985,29.8303
34.7103,29.1803,30.4128
49.3899,44.5901,28.2527
27.6891,41.5107,29.562
44.2708,29.1804,29.7451
40.6342,50.4364,29.5362
30.4573,31.697,30.0126
49.7973,38.2894,29.5132
30.7491,46.4343,30.2281
38.4589,27.1646,29.5668
46.3633,47.765,29.0993
28.6028,37.4324,29.7911
47.614,32.2247,29.9963
36.0014,50.0575,29.6037
31.8511,28.6579,29.3617
50.124,41.658,28.6658
27.5854,44.0807,29.6517
41.5763,29.3048,30.834
43.0477,49.238,30.2934
28.2723,33.5988,29.4159
50.3084,35.1148,29.0224
32.4998,48.355,30.2162
36.0421,27.8552,30.0117
48.2196,45.7341,29.2365
27.7346,39.6302,29.9297
46.1196,29.4818,29.8565
39.0271,50.4029,29.8412
31.4296,30.5943,30.758
50.812,39.7073,29.227
29.8805,45.7273,30.359
40.5366,27.2786,30.305
45.1913,49.2992,29.2782
28.6221,35.2734,30.0869
48.7552,33.2621,30.0658
33.9863,50.0934,29.395
33.755,28.5017,30.1499
50.0129,43.7256,29.0097
28.5079,42.2697,29.5248
43.4445,28.5644,30.1134
41.532,50.0931,30.177
29.4917,32.3825,30.3769
50.491,37.4186,29.3255
31.6063,46.7937,30.8007
37.8133,26.2673,29.5423
47.2995,47.3812,29.45
28.7608,38.2543,30.5311
47.2296,31.2404,30.4065
37.1229,49.9145,30.1808
31.5924,29.3366,30.125
50.4354,40.7855,29.2342
28.2685,44.5186,30.4907
40.9859,28.3451,30.7496
44.1936,49.5081,29.8395
27.42,34.1695,29.8635
50.0723,34.6396,29.9805
33.6083,48.7465,30.7393
35.0541,28.1756,30.6827
49.2534,45.0995,29.251
27.2601,40.671,30.2614
45.2267,28.8038,30.1204
39.8652,49.8625,30.2363
30.5813,31.2953,31.0022
50.9271,38.6986,29.5805
30.2281,46.1733,31.3529
39.4985,26.662,30.2585
46.0802,48.8027,29.6096
28.191,36.493,30.41
48.3649,32.5564,30.7471
34.9609,50.6627,29.6631
32.4086,28.5066,30.266
50.7596,42.6816,29.4533
27.6583,43.0655,29.9902
42.8613,29.0347,31.0341
42.7508,50.5452,30.3317
28.4968,32.6475,30.206
50.5757,35.9284,29.9865
31.3601,47.7836,30.8005
36.4284,26.8028,30.2521
48.2249,46.7258,29.8603
28.1917,39.1792,30.8024
46.7739,30.0007,30.5533
38.0544,50.5677,30.3607
30.5465,29.572,30.3833
50.5094,40.2132,30.228
29.2899,44.9622,30.8833
40.2737,27.8583,31.4167
45.1082,48.9649,30.4469
27.4022,35.1923,30.1776
49.8517,33.6346,30.3655
33.5525,49.8208,30.5035
33.9727,27.8489,30.9556
50.2999,44.7842,29.448
27.9018,41.7614,30.5894
44.3209,27.9075,30.4803
40.6232,50.8923,30.519
29.5383,31.1493,30.6953
50.4892,37.9444,30.2124
30.4884,47.1705,31.0084
38.3901,26.6095,30.5608
46.3076,47.6125,30.3243
28.7436,37.2993,30.9716
48.1485,31.5736,30.7738
36.0942,50.5734,30.7898
31.3779,28.1284,30.1178
50.6341,41.5188,30.164
27.3076,44.0637,30.7172
41.9726,28.4977,31.507
43.6865,50.2029,30.7489
28.0779,33.6617,30.5387
51.306,35.1451,30.0852
32.2855,48.7647,31.1168
35.8489,27.2025,31.0411
48.6198,45.5908,30.232
27.3703,39.93,30.9392
46.5382,28.9293,30.7408
38.9449,49.836,30.8703
30.3673,30.1926,31.512
50.1121,39.0448,30.3667
28.8431,45.9609,31.4131
40.2093,26.7874,31.2527
45.9807,49.7226,30.4362
28.0398,35.5576,30.9414
49.5713,32.6045,30.4817
34.3248,50.7621,30.6477
33.0398,27.5656,30.3651
50.3016,43.5966,30.0105
28.7681,42.6134,30.5677
43.6419,28.1645,31.3535
41.7258,50.8751,30.8928
28.502,31.734,30.7291
50.7036,36.8847,30.489
31.1443,47.234,31.7802
37.3743,26.2867,30.633
47.4456,47.1969,30.4655
27.9342,38.1708,31.1852
47.8519,30.2752,30.5244
37.1701,50.7108,30.9165
30.4495,28.4236,30.456
49.6273,40.9254,30.3743
28.0132,45.3058,31.3413
41.4818,27.562,31.4527
44.3802,49.5029,31.1308
27.4638,34.3865,30.9558
50.9414,34.0833,30.1142
33.0188,49.4353,31.4934
34.6961,26.852,30.8194
49.3216,44.7016,30.2705
28.167,40.8679,31.0846
45.5543,28.6191,31.0654
39.9034,50.6003,31.244
29.4223,30.6702,31.6424
51.3311,38.4699,30.5751
29.4353,46.7854,31.5955
39.1514,26.3338,31.2318
46.5921,48.8183,30.7811
28.1748,36.5594,31.6575
49.1219,31.6265,31.1117
35.2484,51.2585,30.7158
32.0418,27.4416,30.6545
50.8424,42.4776,30.5992
28.0982,43.2483,30.9319
42.899,28.5011,32.0557
42.6994,51.0913,31.3114
28.2015,32.6455,31.272
51.2105,35.9564,30.8836
32.0547,47.8771,31.7023
36.3603,26.2442,31.2004
47.8887,46.2168,30.7516
27.691,39.1511,31.7987
47.2658,29.4309,31.2827
38.166,50.3982,31.4499
30.2186,29.1321,31.4174
49.7495,39.9783,30.9976
28.8986,44.8132,31.8689
40.3141,27.4313,32.3389
45.4063,49.8161,31.3397
27.1394,35.5345,31.4849
50.7131,33.0996,30.4077
33.5761,50.4849,31.6214
33.6437,26.7943,30.7207
50.426,44.4346,30.6898
28.3933,42.014,31.4275
44.6507,27.9134,31.7464
40.7256,51.1826,31.4985
28.3634,30.8918,31.4056
51.0215,37.7656,31.3638
30.1041,47.6143,31.952
38.1641,26.0976,31.4153
47.0958,47.9736,31.0762
28.3128,37.545,31.9551
48.7497,30.6581,31.2379
36.4783,51.7217,31.2307
31.044,27.488,30.9904
49.9643,41.9429,31.1347
27.9906,44.0069,31.8962
42.3672,27.3971,31.9608
43.6507,49.93,31.8331
27.415,33.455,31.5559
50.9246,34.7296,31.005
32.4327,48.7644,32.1281
35.3406,26.4095,31.5803
49.1788,45.7765,31.1979
27.9077,40.1981,31.8996
46.4958,28.9253,31.8434
39.1613,50.2878,31.8947
29.1916,29.6119,31.6025
50.8695,39.4043,31.2158
29.5741,45.8553,32.2316
39.682,26.6371,32.2204
46.3697,49.4404,31.6394
28.2259,35.5961,32.083
50.6188,31.9677,30.5247
34.6798,50.5417,31.6249
32.8576,27.0282,31.3561
51.3076,43.7409,30.9309
29.0613,42.874,31.9077
43.7515,27.8797,32.3692
42.047,50.89,32.1895
27.6814,31.6724,31.5394
51.4601,36.72,31.5742
31.1509,48.2945,32.3651
37.1858,26.0623,31.9313
47.3723,46.9472,31.4904
27.8148,38.2349,32.6206
48.3876,29.5884,31.312
37.1321,50.5503,32.0306
30.135,27.8886,31.3848
49.7905,41.0953,31.6936
27.8518,44.9365,32.4038
41.5359,27.0816,32.5686
44.687,49.5763,32.1427
27.2787,34.5111,32.3164
51.4651,33.7829,31.2855
33.2198,49.4464,32.5269
34.3309,26.0865,31.8142
49.562,44.7025,31.3463
27.8142,41.1572,32.5376
45.5683,28.4877,32.1826
40.0253,51.1992,32.2421
28.2972,29.9797,32.0227
51.5328,38.6812,31.7622
29.3198,47.0604,32.677
38.8456,25.3743,32.0635
46.6563,48.3745,31.9594
28.9954,36.4806,32.4117
50.0301,30.8805,31.4446
35.615,51.2012,31.7436
32.0527,27.5997,31.8016
50.6288,42.7635,31.6097
27.806,42.9473,32.0404
42.8949,27.8516,32.9856
43.1187,50.8977,32.3117
27.6741,32.4953,32.3048
51.684,35.6858,31.9668
31.9945,48.1537,33.1924
36.0894,26.0213,32.2546
48.074,45.642,31.6348
28.566,39.2261,32.4623
47.8242,28.8703,31.9447
38.2023,50.3715,32.5687
29.4401,28.5269,32.0058
50.2641,40.1222,31.9727
28.5845,45.7132,32.8056
40.7344,26.3123,32.5256
45.6573,49.9432,32.5491
26.9974,35.4656,32.6509
50.7954,33.0103,31.5746
34.1283,49.9966,32.6816
33.8618,27.0229,31.8276
50.3002,43.8143,31.7452
28.9647,41.902,32.425
44.8853,28.2271,32.884
41.0552,51.0639,32.5262
27.5645,30.6712,32.1975
51.7493,37.6073,32.1007
30.2193,47.9455,33.0288
38.0047,25.7427,32.612
47.2713,47.6279,32.3477
29.0903,37.5213,32.8301
49.3332,30.0394,31.991
36.6307,51.8113,32.3056
30.9565,27.8059,32.0247
49.9655,42.2558,32.2994
28.1691,44.0544,33.0588
42.415,26.7268,33.0549
43.7304,49.9437,32.8569
27.2025,33.4309,32.6348
51.2271,34.7351,32.0583
32.774,48.9656,33.4521
35.112,25.6029,32.5803
48.9201,45.0687,32.086
28.209,40.1591,33.1003
46.3909,29.2486,33.0473
39.1029,51.1917,32.7883
28.423,28.9914,32.6966
50.6098,38.9046,32.1483
29.3348,46.1652,33.3207
39.976,25.5876,32.778
46.4329,49.1648,32.9637
27.7939,36.3093,32.8512
50.5103,31.9233,31.8958
34.4667,51.0059,32.6223
32.8717,27.4104,32.4112
51.3612,43.6683,31.9833
28.2234,42.5069,32.9601
44.0859,27.6572,33.4165
42.074,51.2579,33.4059
27.9748,31.563,32.7096
51.6913,36.659,32.6837
30.8316,48.8136,33.5864
37.0627,25.63,32.9133
47.6838,46.3637,32.3711
28.4912,38.515,33.4173
48.0176,29.8125,32.3931
37.3928,51.1662,32.9453
30.0524,27.8649,32.6213
50.1113,40.9187,32.877
27.9143,44.9925,33.4298
41.4957,26.5843,33.6012
44.926,50.1673,33.3308
26.6579,34.458,33.204
51.4353,33.7422,32.4511
33.421,49.8037,33.5274
34.7439,26.5944,32.7282
49.512,44.2433,32.3181
28.8907,41.0861,33.2391
45.7351,28.3986,33.4043
40.1429,50.6998,33.2893
27.5908,29.695,33.0265
51.4802,38.5355,32.8816
29.7843,47.1354,33.6733
38.9032,25.4071,33.1738
46.8071,48.1091,33.2503
28.9511,36.3559,33.5006
49.6664,31.0761,32.4353
35.5045,51.4856,32.8836
31.9414,28.1031,32.8194
50.7124,42.9614,32.9701
27.4292,43.2677,33.061
43.5311,26.6678,33.1802
42.9456,50.6621,33.5739
27.7412,32.5882,33.3205
51.1348,35.786,32.9954
31.8224,49.1215,33.821
36.0848,25.5528,33.2951
48.0999,45.4156,32.8297
29.3722,39.2022,33.1812
47.4063,29.0522,33.1115
38.3715,51.1413,33.5228
29.2914,28.4869,33.044
51.0242,40.052,32.6749
28.5884,45.6583,33.9767
40.557,25.9425,33.8349
45.2958,49.039,33.2595
27.5513,35.3176,33.5512
50.7829,32.8251,32.5794
33.799,50.9098,33.369
34.1285,27.6323,32.7372
50.5794,44.2286,32.6918
28.1334,41.8367,33.7602
45.1711,27.3087,33.2703
41.24,50.6699,33.6872
27.8364,30.7659,33.4935
50.9365,37.5083,32.7306
30.452,47.7936,34.1331
37.9376,25.2142,33.63
46.8859,46.8627,33.0139
28.4793,37.3686,33.8501
48.7061,30.3373,33.0188
36.4913,51.4752,33.4674
30.9454,27.9253,33.2668
50.6329,41.844,33.2264
27.3316,44.1455,33.8018
42.6117,26.4047,34.0271
43.9558,50.6271,33.811
27.5247,33.8947,33.7725
50.5771,34.7548,32.8451
32.5016,49.8722,34.3296
35.0064,25.9988,33.6767
48.9544,44.4511,33.1843
29.1035,40.0789,33.837
46.2402,28.8671,34.2202
39.2104,50.4822,33.8412
28.656,29.4219,33.6199
50.749,39.2055,33.3141
28.9971,46.6119,34.2699
39.9746,25.0351,33.8346
45.8966,48.3462,34.1066
28.042,36.2358,33.951
49.8852,32.1137,32.9191
34.6604,51.5912,33.5529
32.9707,28.1367,33.2778
51.5609,43.6798,33.2394
27.206,42.0988,33.3137
44.4995,26.5669,33.8181
42.0622,50.3864,34.2701
27.9799,31.7101,34.0115
50.9335,36.7571,33.5444
31.1231,48.9169,34.6651
36.8202,25.9145,33.9517
47.6678,46.1419,33.4362
29.5374,38.1332,33.6738
47.9038,29.7924,33.6321
37.5042,51.8274,33.8024
29.8921,28.1549,33.8303
50.8866,40.8152,33.6377
28.2976,44.524,34.4435
41.5679,26.0005,34.5151
44.441,49.4913,34.0528
27.0293,34.6953,34.2618
50.4612,33.6934,33.1505
33.5456,50.3468,34.3899
34.3608,26.9548,33.7846
49.9314,44.0095,33.7374
28.0807,41.1253,34.4811
45.8189,27.8432,34.2843
39.9997,50.7727,34.4173
27.8476,29.8894,34.1302
50.8394,38.0901,33.7079
30.0631,46.7545,34.9051
38.9427,25.2559,34.2149
46.2952,47.0794,33.9567
28.9109,36.4156,34.5264
49.0287,31.3413,33.3797
35.483,51.2364,34.1615
31.9052,27.9543,33.9542
51.6306,42.7335,33.7483
27.9783,43.1805,34.2171
43.6189,25.9956,34.1501
43.0965,49.801,34.1502
27.1669,32.5061,34.231
50.3538,35.4656,33.7901
32.2898,48.9909,34.8269
35.7375,25.417,34.3745
48.5854,45.4409,33.825
29.108,39.0604,34.2544
47.2187,29.0319,34.1472
38.4962,51.7905,34.3629
28.9351,28.2074,34.225
51.6668,39.8525,33.5048
28.8176,45.737,35.0137
40.952,25.0473,34.4291
44.7796,48.273,34.1847
27.1204,35.875,34.4508
50.5134,32.76,33.7046
34.0971,51.3406,34.4844
33.8042,28.0315,34.0597
51.054,44.2697,34.0086
27.0807,41.2021,34.0955
44.9284,27.1901,34.5546
41.0699,50.7802,34.8824
27.788,30.8293,34.6646
50.2129,37.3239,34.1938
30.8584,47.9308,35.2742
37.8603,25.6199,34.5812
46.6044,46.058,33.9922
29.0001,37.9556,34.566
48.4313,30.6549,34.0795
36.6358,51.4415,34.577
30.9127,28.0894,34.3807
51.7391,41.5925,34.0044
27.4895,44.279,35.048
42.5467,25.5483,34.6622
43.9544,49.9856,34.8899
26.9759,33.6172,34.7199
50.0694,34.4606,33.8665
32.7714,49.8403,35.4249
35.2569,26.4679,34.7561
49.0345,44.4321,34.2248
28.3676,39.5758,34.7807
46.5063,27.977,35.0488
39.3425,51.4232,34.9275
28.0615,28.8218,34.5937
51.1964,38.8798,34.3075
28.8422,46.7846,35.3335
39.9537,25.1252,34.9645
45.3142,47.3496,34.3726
27.7354,36.7135,34.8643
49.7351,32.0417,34.1621
34.9089,51.3561,35.1537
32.8983,28.3569,34.3868
52.1792,43.5262,34.1381
27.1145,42.4809,34.4776
43.8972,26.9358,34.677
42.2696,51.166,34.944
27.8712,31.915,35.2552
50.4103,36.3189,34.5775
31.3633,48.7636,35.8263
36.5763,25.5638,35.0531
47.6316,45.6778,34.5979
30,38.4793,34.692
47.6559,30.0326,34.5451
37.6993,51.7122,35.1064
29.8674,28.2647,34.9995
51.5825,40.356,34.4855
28.2354,44.9742,35.5859
41.9921,24.8863,35.2555
44.5461,49.1673,35.1557
26.7363,34.7204,35.3798
50.7129,33.6948,34.2265
33.1588,51.0656,35.0329
34.7124,27.652,34.5387
49.9333,44.0518,34.835
27.2067,40.3301,34.7167
45.5421,27.716,35.4035
40.264,51.1175,35.4539
27.412,29.7278,35.191
50.5346,38.119,34.9106
29.8459,47.319,35.7657
38.7366,25.2458,35.2384
45.8005,46.2543,34.6432
28.6624,37.1675,35.2726
49.2678,30.9634,34.6187
35.6838,52.0083,34.8671
31.8195,28.2431,34.9055
52.4162,42.4481,34.4811
27.5563,43.2583,35.3294
43.3241,26.2014,35.161
42.5334,49.9336,35.1399
26.9947,32.522,35.5457
50.3483,35.2665,34.8321
31.7274,49.6977,35.2533
35.583,25.9926,35.6536
48.6043,45.3023,34.9666
29.4914,39.5256,35.1804
47.1964,28.9044,35.2004
38.7114,52.1438,35.3489
28.7688,28.3484,35.3373
50.7644,39.801,34.1708
27.9337,46.1094,35.6369
40.8467,25.2844,35.632
44.8914,47.8487,35.3256
27.2633,35.647,35.5994
49.8856,32.8,34.9046
33.6012,52.1288,34.9887
33.7222,28.0944,35.0849
51.1017,43.7314,34.9439
26.992,41.6157,35.2198
44.454,27.4684,35.527
41.447,51.4673,35.6722
27.241,30.7193,35.6363
50.1513,37.1068,35.2825
30.2786,48.409,35.9807
37.487,25.4855,35.5612
46.6721,45.9133,35.1377
29.514,37.7478,35.7102
48.6424,30.128,35.0805
36.5195,52.0872,35.5785
30.7905,28.101,35.4445
52.1487,41.1335,34.9375
27.5057,44.3315,36.118
42.8909,25.2416,35.6287
43.2653,49.2362,35.2219
26.5437,33.6804,35.8364
51.1828,34.1951,35.0188
32.1416,50.6955,35.5458
35.6118,27.3636,35.3498
49.3767,44.7846,35.7155
28.5554,40.5109,35.2853
46.0959,29.0323,35.5444
40.0339,52.3314,35.5792
28.0919,28.9613,35.8945
50.106,39.1984,34.8473
29.0467,47.0112,36.5396
39.6976,25.1961,36.109
44.7819,46.4829,35.0955
27.7838,36.7212,35.9575
49.7407,31.751,35.2582
34.7136,52.6584,34.8804
32.8528,28.6221,35.5202
52.0533,43.3556,35.221
26.5781,42.5403,35.5622
43.694,26.9141,35.9484
42.0085,50.4819,35.9247
26.894,31.612,36.3189
49.5569,36.0054,35.1059
30.6323,49.6441,35.7496
36.4855,25.7052,36.1119
47.9145,46.0055,35.541
29.9322,38.7132,35.8903
47.6996,29.8327,35.6117
37.8694,52.9278,35.4813
29.9934,28.3642,36.149
50.9449,40.4846,35.2602
27.2972,45.317,36.085
41.672,25.5017,36.3034
43.9256,48.2187,35.2612
27.4962,34.8092,36.2004
50.9412,33.2818,35.3844
32.7665,51.8648,35.5776
34.6598,27.9562,35.5703
50.7169,44.7041,35.3427
27.4388,40.7548,35.7477
45.0424,28.4263,36.0659
40.6496,51.758,36.3974
27.4824,29.7095,36.3563
49.3486,38.3724,35.3403
29.069,48.1233,36.136
38.5009,25.2955,36.3313
45.9763,46.2368,35.9758
29.2122,36.8903,36.1345
49.4815,30.5192,35.7044
35.9487,52.9178,35.2958
32.0192,28.0481,35.9535
52.099,42.2197,35.5901
26.5123,43.6449,36.0323
43.561,25.896,36.1928
42.9887,49.784,36.2277
27.0895,33.0132,36.5521
50.1454,34.8928,35.8433
31.1482,50.5559,35.7291
36.1243,26.7302,36.1851
49.0377,46.1891,35.4015
28.8872,39.3208,36.1859
46.6117,30.0591,35.3553
38.8742,52.9486,36.0139
29.0737,28.8718,36.5787
49.8041,40.1686,35.0873
28.2796,46.3338,36.7723
40.6412,24.9703,36.61
43.9071,47.1243,35.5708
27.4478,35.7552,36.6249
50.8797,32.161,35.6819
33.8534,52.7805,35.8826
33.884,28.3042,36.2245
52.2012,44.3563,35.6294
25.9146,41.7341,35.4134
44.7505,27.3878,36.563
41.3724,50.9927,36.6383
27.4924,30.7997,36.6898
49.1341,36.9227,35.4771
29.5772,49.2012,35.7526
37.478,25.7102,36.6255
47.0393,46.7482,35.7382
29.5094,37.6918,36.8635
48.3754,30.7324,36.0239
36.9442,53.15,35.8392
31.0008,28.16,36.5939
51.1528,41.532,35.4014
26.7542,44.4225,36.8771
42.7071,25.0057,36.8716
43.4207,48.7383,36.2134
26.8986,34.057,36.7818
50.8226,34.0294,36.1973
31.3719,51.4835,35.3691
35.4773,27.6327,36.4203
50.1877,45.6437,35.4061
27.9525,39.8544,36.0666
45.5543,29.2588,36.4668
40.0056,52.5339,36.6424
28.1726,28.8969,37.0835
49.8988,39.3048,35.8742
28.0771,47.5385,36.3477
39.3804,25.0834,37.262
45.08,46.8266,36.1509
28.4308,35.9957,36.2702
50.3756,31.2148,36.101
34.9605,53.2523,35.7559
33.0344,27.6653,35.9909
52.3497,43.0485,36.2935
25.5302,42.739,35.9022
44.3603,26.6556,37.1657
42.7253,50.9779,36.4635
27.4911,32.0727,37.021
49.5079,36.0114,36.2216
30.9996,50.1251,36.6865
37.125,26.6349,36.0619
48.1214,46.9699,35.8823
29.3724,38.7007,36.8344
47.1998,30.8256,35.9607
38.051,53.8243,36.211
30.1577,28.4414,37.2611
50.1099,41.173,35.4344
27.746,45.3416,37.0851
41.667,24.4401,36.8953
43.1508,47.7187,35.9545
27.4451,34.8946,37.2948
50.2917,33.1353,36.4263
32.7725,52.8541,35.2411
34.4165,29.0161,35.7602
51.3328,44.6223,36.2173
26.2895,40.8058,35.7164
43.9733,28.3171,36.154
41.7664,52.0792,36.5301
26.4757,29.9414,36.737
49.4486,37.4596,36.3763
28.9462,49.0549,36.6291
37.0237,24.7472,36.5336
46.9302,45.7228,36.4102
30.3305,37.1024,36.1504
48.8027,29.6883,36.1927
36.0333,52.5665,36.6372
31.2422,27.2605,35.8332
52.1677,41.0872,35.9762
25.759,44.2396,36.5075
43.7634,24.9284,36.5861
44.0601,49.7072,36.1805
26.0993,33.3013,36.821
51.2276,35.2945,35.6617
31.7417,51.3447,36.3301
36.5578,27.6652,35.8046
49.2609,45.9556,36.399
28.6922,40.4851,36.4761
45.5499,29.9294,35.6645
39.8474,53.4578,36.0536
28.5005,27.9132,36.7125
48.9237,39.8707,35.9044
28.1318,47.3901,37.4141
39.7129,24.2127,36.7093
44.1484,46.3388,36.1853
28.1902,37.0327,37.0275
49.8366,32.2342,36.1524
34.2138,53.5905,35.0093
32.989,28.7065,36.7265
53.0318,43.5825,35.5936
26.1501,42.2416,36.6089
43.2787,26.9957,37.0835
42.2378,50.1808,37.0356
26.6802,31.214,37.5545
48.5498,36.1183,35.853
30.013,49.8301,36.6545
36.781,26.3925,37.0965
47.9423,46.3751,36.6877
30.4864,38.261,36.6047
47.377,30.119,36.8296
38.0268,52.8697,36.6428
30.0913,27.379,36.8438
50.8136,41.1372,36.3843
26.605,45.5186,37.0269
41.9169,25.2375,37.6167
44.3686,48.1147,36.3248
26.4729,35.0087,36.6713
51.8951,33.5953,36.0328
31.8192,52.5171,35.8209
35.4029,28.6485,35.9029
50.319,45.2211,36.5011
26.6684,41.3017,36.6045
44.532,29.0683,36.8062
41.0054,52.7723,36.2194
26.9742,28.9245,37.0494
49.2397,38.679,36.4769
27.9529,48.5854,36.2506
38.1603,24.3441,36.6478
45.9387,45.3599,36.4905
29.5262,36.4522,37.0903
49.8149,30.3832,36.7609
35.8727,53.6996,35.9949
32.2227,27.2005,36.5293
52.9531,41.8621,36.2525
25.0119,43.4845,36.6841
43.8565,25.7104,37.2171
43.7608,50.7846,36.3635
26.7031,32.7702,37.57
50.5238,35.8091,36.3461
30.6726,51.2699,36.7585
36.7071,27.4399,36.8522
49.1364,47.1208,36.1884
29.5064,39.8333,36.8157
46.2871,30.0619,36.4433
39.1624,54.1527,35.9508
29.0908,28.3213,37.6181
49.0551,41.0452,35.9513
27.086,46.5879,36.829
40.8715,23.9467,37.3021
43.6485,47.1243,36.8206
27.5602,36.493,37.6978
50.8766,31.9583,36.9667
33.2209,53.7774,35.5057
33.9682,29.1585,36.9195
52.4199,44.2667,36.6693
25.3434,41.1025,36.2937
43.971,27.882,37.1273
42.2862,51.5712,37.3733
27.2562,30.0353,37.5413
48.0126,37.1206,36.1908
28.7951,50.1377,36.6543
37.0446,25.0411,37.6007
46.6543,46.72,36.7464
30.6674,37.4578,37.2373
48.3948,30.4332,37.0858
36.9554,52.8628,37.1853
30.9587,26.7825,36.7334
51.7943,41.9504,36.6022
25.6925,44.9777,37.5322
43.2406,24.0287,37.076
44.7476,49.1231,36.8996
26.0688,34.2951,37.3857
51.9936,34.7224,36.2192
30.8057,52.1737,36.1764
36.1171,28.4553,36.7782
50.3361,46.2761,36.7009
27.7466,40.6259,37.0574
44.6226,30.0014,36.3287
40.3783,53.4021,37.1146
27.5126,28.022,37.1818
49.2808,39.6839,36.8984
27.3579,48.0767,36.9725
38.9645,23.8523,37.3739
44.8385,45.969,36.8878
28.4613,36.0996,37.3695
49.551,31.5415,36.8631
34.8667,54.3459,35.7146
33.3235,27.3056,36.9592
53.5949,42.9394,36.3844
25.1934,42.4691,36.9381
43.0657,26.4126,37.9207
43.2444,50.629,37.3797
27.3895,32.0981,38.1931
49.8443,35.6635,37.1732
29.9131,50.6823,37.2428
37.8032,26.8541,36.8453
48.3017,47.4691,36.8869
30.3765,39.2639,37.0979
46.6909,30.8551,37.101
38.8522,53.6914,36.9064
29.8326,27.601,37.8519
49.8716,41.9748,36.6399
26.9178,46.2102,37.7641
41.4972,24.4211,38.0811
43.2015,48.2034,37.1175
26.9738,35.6228,37.9213
51.6674,32.807,36.8886
32.2314,53.5166,35.8223
35.0201,28.5114,36.9078
51.9526,45.2193,36.8285
26.1134,40.3441,36.7883
43.4725,29.0958,36.9441
41.2559,51.8501,37.4627
26.2055,29.3897,37.6699
48.3998,38.0121,37.0177
27.8208,49.8863,36.2947
38.0791,24.798,37.5909
46.5464,45.7676,37.5231
30.6349,36.3648,37.121
49.152,29.4445,37.3437
36.0916,53.4886,37.3969
31.8033,25.9929,36.6968
52.4929,41.1252,37.0905
25.6464,43.8574,37.6664
43.7587,24.6801,37.7052
44.6013,50.1726,37.0328
25.8429,33.4359,38.0618
51.476,35.6979,36.7529
31.3215,52.0411,37.1603
37.2786,28.4655,36.3035
49.2067,46.476,37.3675
28.7163,39.9029,37.4517
45.4677,30.8491,36.6784
40.0388,54.3111,36.7669
28.4213,27.2918,37.6573
48.2829,40.4257,36.6898
26.9995,47.4516,37.8265
39.8519,23.3569,37.5991
43.7534,46.1434,37.2035
28.5822,36.658,38.3095
50.0771,31.9695,37.6916
33.8783,54.2404,36.1362
33.4639,28.4415,37.6639
53.6835,44.1261,36.819
25.6268,41.1549,37.3373
43.8647,27.2735,38.1088
42.3996,50.5888,38.0494
27.3196,30.6577,38.4521
48.8988,36.5594,36.8956
29.3459,49.6248,37.5901
37.4323,26.7884,37.8603
47.8878,46.7478,37.7556
31.2849,38.4312,37.4235
47.5509,30.8626,37.7338
38.013,53.5216,37.4302
30.3437,26.6893,37.6375
50.8184,41.6646,37.2656
26.4161,45.3599,38.2317
42.4878,24.0415,37.9074
44.4385,48.4192,37.6573
25.8201,35.4637,37.9887
52.1875,33.8069,37.0601
31.0561,53.2401,36.2399
35.5398,29.3821,36.6872
50.9849,45.5651,37.3243
26.954,40.6497,37.6229
44.164,29.9195,37.2798
41.3404,52.9057,37.4696
26.9969,28.5053,38.13
48.8515,38.8686,37.553
27.1875,49.2481,36.8645
37.9598,23.6878,37.9054
45.5578,45.271,37.5
29.9152,35.6049,37.5669
49.2882,30.5276,37.6906
35.2131,53.9103,36.8252
32.6487,26.4823,37.1933
53.5024,42.1496,37.2754
24.8801,43.202,37.7016
43.8941,25.6534,38.4274
44.2371,51.1245,37.4348
26.3006,32.5084,38.5613
50.8142,36.3017,37.2485
30.8485,50.7253,37.6921
37.9074,27.9533,37.1138
49.3186,47.6274,37.0921
29.6757,39.8692,37.859
45.9461,30.3584,37.6565
39.1825,55.0113,36.8731
29.0008,27.4937,38.6778
49.1924,41.4831,37.3048
26.096,47.0687,37.3428
40.4399,23.9344,38.2606
43.7456,46.9217,37.8836
27.8685,35.7803,38.4403
50.7143,33.0339,37.5413
32.8778,54.4179,36.4486
34.3676,29.2238,37.8555
52.9448,45.096,37.258
25.0458,40.1522,37.4598
43.2468,28.3778,37.7778
41.6813,51.6322,38.3973
26.7415,29.72,38.5823
47.7811,37.1332,37.272
28.2523,50.1318,37.6316
38.0057,25.7,38.2885
46.8472,46.7011,37.8795
31.3992,37.0841,37.9895
48.2813,30.0342,38.064
37.0889,53.5614,38.0312
30.9874,25.8812,37.3523
51.9257,42.1016,37.6187
25.5562,44.6597,38.5703
43.6438,23.8431,38.4802
45.1131,49.2661,37.9213
25.1837,34.2764,38.474
51.5109,34.6084,37.2605
30.474,52.6464,37.1125
36.6422,29.4528,36.807
50.0319,45.7973,37.9196
27.9656,40.6855,38.2068
44.6089,30.8995,37.4538
41.0061,54.3644,37.319
26.7659,27.1919,38.3545
48.2274,39.8461,37.5616
26.3472,48.3586,37.4455
38.8612,23.0328,38.2726
44.4515,45.5278,38.0691
29.0175,35.7045,38.2705
50.3655,31.0063,37.5498
34.5243,54.8792,36.6605
33.5181,27.1433,38.085
53.8321,43.2197,37.4736
24.9733,42.0096,37.8829
43.7535,26.5357,38.8894
43.5297,51.0822,38.5607
26.6552,31.5348,38.7305
49.7942,36.5445,37.7814
29.85,50.4407,38.2787
38.4146,27.3143,37.721
48.0445,47.7919,37.889
30.6525,39.393,38.1223
46.6565,31.2624,38.1682
38.6043,54.5186,37.596
29.3121,26.6626,37.8365
49.9884,41.8552,37.9035
25.8103,46.2709,38.0709
41.7679,23.4819,38.477
43.2789,47.9116,38.2334
26.4751,35.675,38.8497
51.8127,33.1198,37.9327
31.8649,54.1785,36.8955
35.0356,28.4274,38.0929
52.023,45.2266,37.8789
26.0565,39.7433,37.8251
43.2173,29.469,37.8934
41.0692,52.6968,38.5583
25.7598,29.061,38.5632
48.2674,37.6633,38.0605
27.3588,50.3721,37.0945
37.6506,24.5307,38.7178
45.562,46.191,38.2277
30.506,36.4761,38.1372
49.3384,29.6557,38.4944
36.1511,53.8023,38.4361
32.0622,25.7938,37.8419
52.8933,41.8119,38.2559
25.3846,43.2137,38.6453
43.2732,24.8435,38.6695
44.7504,50.4269,38.1406
24.9506,33.1035,38.589
50.9676,35.3247,37.7711
30.5207,51.9144,37.9901
37.082,28.6414,37.4755
50.0777,47.0641,37.7009
28.8679,40.2054,38.5593
45.4339,31.5371,37.7683
40.1986,55.3739,37.2718
27.8106,27.5631,38.6993
48.5267,40.7493,37.8705
26.0982,47.2445,38.4229
39.892,23.1469,38.6344
43.3125,45.8749,38.4311
28.5351,36.0305,39.2457
51.0118,32.182,38.227
33.5518,55.4748,36.6551
33.2225,28.0137,38.6126
53.3522,44.1488,37.8258
25.0363,40.9847,38.366
42.8222,27.4076,38.4852
42.674,51.3941,39.1141
26.6111,30.5525,39.2702
48.661,36.6101,38.0714
28.8944,50.9939,38.0247
37.873,26.6612,38.785
47.236,47.2785,38.6989
31.3346,38.4039,38.5792
47.5082,30.4312,38.7003
37.4767,54.5316,37.5487
30.189,25.778,38.0931
51.0146,42.3646,38.171
24.7975,45.2568,38.1544
42.6892,24.1575,39.234
44.0246,49.1186,38.4618
25.5955,35.0416,39.1171
51.5721,34.1455,38.291
30.971,53.4773,37.4819
35.8531,29.1232,37.7913
51.4303,46.0274,38.2903
27.1741,39.9211,38.4563
43.845,30.2526,38.2118
40.8483,53.6957,38.1703
26.4237,28.2834,39.0503
47.9328,38.8968,38.0047
26.9137,49.1756,37.9325
38.6173,24.0377,38.7962
45.1696,45.1998,38.6729
29.9137,35.912,38.8808
50.1172,30.4857,38.6199
35.3684,54.9637,37.5323
32.7912,26.3501,38.326
54.0722,42.253,38.2093
24.4209,42.6904,38.5757
42.8113,25.7621,39.1073
44.5287,51.2617,38.7271
25.5404,32.2404,39.2763
50.6245,36.1051,38.6448
30.5594,51.2687,38.8696
38.3739,28.1646,38.3524
49.1766,47.6029,38.123
29.8744,39.9724,39.2655
45.9989,30.6795,38.7461
39.4331,54.9313,38.043
28.4359,26.5719,38.6707
49.3005,41.3202,38.4539
25.0519,47.4832,37.9603
40.9944,23.1198,39.0938
43.624,46.8369,38.936
27.4358,35.7042,39.4153
51.4273,33.0004,38.9242
32.4634,55.2945,37.1942
34.1712,28.725,38.9047
52.9341,45.003,38.395
25.0807,39.93,38.5755
42.7573,28.7686,38.9532
42.1804,52.3258,39.1402
25.8222,29.6113,39.3947
47.3513,37.0698,38.2843
27.7299,51.0449,37.9797
37.6744,25.5785,39.4159
46.7876,46.2042,38.8397
30.5682,37.6758,38.6705
48.0374,29.7826,39.3946
36.6191,54.6678,38.2216
31.2172,25.7667,38.5743
52.0741,42.5604,38.5907
24.4925,44.2539,38.7018
43.7447,24.0366,39.5678
44.8863,49.6708,38.9133
25.4171,34.0181,39.5254
51.5927,35.2749,38.7097
30.2051,52.9053,38.1626
36.9011,29.5451,37.9999
50.7695,47.2391,38.499
27.9767,39.9375,39.1985
44.5912,30.9503,38.5055
40.7377,54.7325,38.279
27.2396,27.9178,39.7025
48.5551,39.8047,38.5965
26.3526,48.372,38.4863
39.1924,22.9159,39.364
44.1482,45.8327,39.0975
29.3974,35.3251,39.7812
50.6536,31.3599,38.8302
34.4155,55.5202,37.4842
32.9863,27.1457,39.1685
53.8253,43.391,38.6354
24.0886,41.5998,38.6516
42.8108,26.8575,39.4462
43.8571,51.3936,39.5699
26.1275,31.564,39.781
49.3853,36.021,38.7514
29.5382,51.546,38.8017
38.8586,27.2783,38.7834
48.2145,47.7527,38.9682
30.4426,38.7528,39.4992
47.0046,31.3944,39.3138
38.4886,55.1204,38.6465
29.5216,26.463,38.9489
50.4971,41.4316,38.7857
24.8202,46.4299,38.1611
42.0526,23.2607,39.6016
44.0673,47.7945,39.1364
26.201,35.505,39.9101
52.5371,33.6305,38.5253
31.5631,54.6032,37.9185
35.2221,29.3593,38.5877
52.5112,45.945,38.5031
26.1123,40.0729,38.8798
43.9782,28.8837,38.7253
41.9797,53.3834,38.5698
25.5475,28.6001,39.5884
47.2687,38.2299,38.566
27.6013,49.8907,38.4461
37.8835,24.6068,39.7608
46.0983,45.2874,39.411
30.4794,36.7896,39.2143
49.1523,30.1029,39.4483
35.592,54.8285,38.5521
32.3679,25.3079,38.9834
53.0412,42.62,39.2499
24.728,43.5199,39.5591
43.1763,25.1706,39.8961
45.2198,50.6385,39.222
24.8976,33.0934,39.8473
50.4749,34.882,38.864
30.3823,52.3064,39.0397
37.2445,28.5913,38.8395
49.7517,46.6871,38.7894
28.914,39.9807,39.6803
45.2515,31.5662,39.1066
40.2592,55.8572,38.2464
27.6587,26.5906,39.5183
48.2621,40.8924,38.9412
25.3594,47.8824,38.8909
40.2914,22.578,39.8024
43.168,46.1376,39.472
28.3353,35.0779,39.9902
51.7351,31.9909,39.2302
33.4478,55.0763,37.6966
33.7363,27.8763,39.5931
53.9805,44.4312,38.8884
24.099,40.5609,38.8901
43.1935,27.8027,39.6822
43.2088,52.6587,39.2468
25.7377,30.5346,40.3511
48.4901,36.4906,39.1792
28.3812,51.1068,39.0042
38.5511,26.2757,39.4862
47.9347,46.639,39.092
31.395,38.3114,39.851
47.4641,30.6902,39.9527
37.3707,55.3291,38.4043
30.2311,25.4906,39.2471
51.1375,42.2922,39.2546
24.0992,45.2636,39.1535
43.1178,23.2196,39.7516
44.257,48.8935,39.4659
25.3544,34.8067,40.2219
52.3247,34.5354,38.9902
30.4474,54.1341,38.3828
36.1869,29.1205,39.0809
51.6888,46.8449,39.182
26.932,40.1851,39.6239
44.2328,30.2143,39.1781
41.5881,54.4378,38.8381
26.2135,27.5475,39.7952
47.7925,39.2625,39.0422
26.4637,49.196,39.1168
38.5696,23.487,40.2024
45.1221,45.8438,39.6935
29.6933,36.3403,39.8374
50.4321,30.1888,39.8085
35.3245,55.8669,38.3077
33.2258,26.0632,39.4094
54.1371,42.6102,39.3236
24.0523,42.5682,39.6413
42.7011,26.0821,40.1984
44.9871,51.6336,39.5718
25.3303,32.0057,40.2734
50.2159,35.7314,39.6607
30.1105,51.4093,39.8484
37.926,27.7848,39.3241
49.2985,48.0059,39.0956
29.5217,39.1697,40.004
46.0558,31.8078,39.8208
39.2578,55.8836,38.7632
28.7512,26.8042,39.7974
49.4997,41.6289,39.4237
24.7809,47.0831,39.1856
41.5797,22.3343,40.2249
43.2801,47.2041,39.9612
27.146,34.9937,40.3864
52.4369,32.8972,39.4551
32.6333,54.321,38.1144
35.1025,28.517,39.4589
53.1895,45.5148,39.3004
25.3158,40.5047,39.4683
43.6583,28.9151,39.8062
42.3587,52.9915,40.0039
25.6993,29.4113,40.4623
47.9146,37.3356,39.2058
27.2882,50.9198,38.9524
38.7102,25.3337,40.0427
46.8232,45.9248,40.0353
31.1499,37.233,40.0591
48.4095,30.3831,40.2522
36.5967,55.3108,39.2139
31.4514,25.6705,39.6545
51.9623,42.7825,39.7404
24.3389,44.4124,39.8597
43.0588,24.1404,40.4984
44.7923,49.6564,40.1531
24.8668,33.9598,40.815
51.236,34.9935,39.7633
30.7579,53.2909,39.0605
37.105,29.5485,39.3629
50.7412,46.3928,39.5013
27.8672,40.2169,40.2028
45.2597,30.495,39.5357
40.9255,55.4476,39.1295
26.7323,26.5629,40.3358
48.3482,39.9794,39.6509
25.381,48.9438,39.004
39.7551,23.4039,40.224
44.0215,46.2372,40.0971
28.7462,35.8292,40.5263
51.3523,31.4002,40.0748
34.4229,55.2718,38.4769
34.0465,26.6908,39.9322
53.6949,43.5718,39.8173
23.5751,41.6633,39.951
43.5539,26.8948,40.2439
43.5571,52.1601,40.32
26.1546,31.2928,40.9396
49.3909,36.4406,39.8387
29.0652,51.2595,40.0044
38.6275,27.2266,39.9097
48.7378,47.0204,39.7468
30.2013,38.1739,40.3341
47.1217,32.0593,40.165
38.248,56.2863,39.0396
29.0398,25.8113,39.9849
50.3408,41.9989,39.968
24.7117,46.0375,39.6312
42.6937,22.436,40.1681
43.6669,48.2736,40.0091
26.2427,34.4917,40.6224
52.9123,33.8098,39.6447
32.0239,53.9435,38.8687
35.0095,29.6111,39.7243
52.328,46.165,39.6387
25.9563,39.6809,39.842
44.5838,29.2456,39.534
41.8377,53.9069,39.8146
25.8673,28.296,40.5454
47.786,38.3617,39.6269
27.043,50.1534,39.6637
38.5233,24.4522,40.5413
45.9854,45.8926,40.6534
30.5651,36.4611,40.5711
49.4304,30.5194,40.4906
35.9562,56.1309,39.1582
32.4622,25.6022,40.0386
53.4156,42.1901,40.1544
23.9731,43.537,40.3759
42.6649,25.0868,40.9664
44.8009,50.6964,40.1958
25.0871,32.9199,41.0112
49.9505,34.5627,39.7969
29.7816,53.0967,39.4186
37.1044,28.5735,39.9846
49.8604,47.3989,39.8125
28.5188,38.9469,40.2007
45.2176,31.5321,40.4137
40.3329,56.449,39.2224
27.7958,26.3789,40.5563
48.737,40.8759,40.134
24.5633,48.0071,39.6204
41.0224,23.2198,40.4105
42.859,46.3732,40.5713
27.8285,35.3762,41.0945
52.0109,32.1449,40.4259
33.7056,54.4974,38.6167
34.6408,27.6475,40.1581
53.88,44.5573,40.0275
24.4187,40.9873,39.902
43.5002,28.1481,40.5708
43.472,53.2431,40.1162
26.0764,30.0922,41.2622
48.6673,37.2404,39.9506
28.0118,51.6389,39.8995
38.5433,26.3216,40.7092
47.8731,46.5296,40.3017
31.253,38.1812,41.0156
47.7153,31.3648,40.7879
37.6334,55.6374,39.785
30.5617,25.4905,40.2483
51.7193,41.764,40.4976
24.3776,45.3189,40.4328
43.1401,23.0913,40.948
44.2284,48.7776,40.7204
25.3731,34.7343,41.4033
52.2086,34.588,40.0392
31.1191,54.1632,39.5607
36.0254,29.7466,40.0329
51.508,46.7902,40.3298
26.839,39.5108,40.4972
44.5138,30.1793,40.1943
41.8046,54.9586,39.9066
26.142,27.2719,40.8422
47.5362,39.2309,40.2463
25.632,49.5013,39.9127
39.5715,24.2719,40.8314
44.9258,46.2671,40.6342
29.6574,36.0713,41.0385
50.5765,31.1349,40.7896
35.0701,55.5685,39.4717
33.2211,26.8112,40.6382
54.5707,42.9354,40.2331
23.4444,42.4812,40.6686
42.525,26.4037,41.2394
44.5502,51.7375,40.535
25.4196,31.9233,41.354
49.4265,35.3616,40.5182
29.6012,52.2544,40.3429
38.2591,28.2812,40.4638
49.043,47.9524,40.255
29.4189,38.614,40.9346
46.1874,31.6276,40.8367
39.3699,56.5314,39.7919
28.8625,26.4414,40.8045
49.4484,41.6776,40.4871
24.3113,47.1209,40.2622
42.0414,23.131,40.7761
42.8951,47.6353,40.9647
27.1909,34.5761,41.5009
52.7082,32.9559,40.5544
32.6647,54.906,39.26
34.7601,28.9067,40.4281
52.9598,45.3057,40.5221
24.8388,39.9702,40.2344
44.6852,28.4481,40.2297
42.6092,53.931,40.4954
25.4363,29.0087,41.4061
47.5931,37.0194,40.2435
27.0459,51.2547,39.9221
38.7187,25.3755,41.0828
46.9841,46.5536,41.0667
31.2041,37.0231,41.2524
48.7194,31.0403,41.0603
36.5655,55.882,40.0675
31.6265,25.3085,40.742
52.4279,42.5312,40.65
23.7885,44.4443,40.7753
43.5738,24.5897,41.4477
44.7908,49.8324,41.2086
24.4176,34.0322,41.8692
51.2015,34.1806,40.4466
30.7317,53.356,40.3175
37.0401,29.5064,40.6208
50.5501,47.0774,40.5217
27.8292,39.3363,41.0183
44.3599,31.1047,40.8655
41.2548,55.963,40.1841
27.1922,26.7631,41.4736
48.3241,39.9031,40.6924
25.2029,48.4695,40.6094
40.2052,22.9746,41.2012
43.8683,45.975,41.1307
28.7078,36.1593,41.5356
51.7151,31.5018,41.3005
34.6892,54.5389,39.2736
34.3496,26.9867,41.0148
54.5614,43.9856,40.7547
24.3127,41.743,40.8388
43.0771,27.2647,41.3236
44.2247,52.8319,40.7678
25.4634,30.8963,41.6819
48.9601,36.309,40.7725
28.5817,52.0539,40.7864
37.872,27.0251,41.0259
48.4273,47.3059,40.8554
30.1645,37.9182,41.4834
47.024,32.1337,41.2673
38.3794,56.7678,40.2335
29.5601,25.5489,41.1597
50.6277,41.5785,40.9351
24.547,46.2164,40.8728
43.0279,22.4556,41.8635
43.168,48.6379,40.8996
26.1451,34.1362,41.8721
52.8075,34.1172,40.7752
32.1315,54.2511,39.9657
35.3437,30.2429,40.6288
52.1866,46.0074,40.7478
25.9078,39.0407,40.8092
44.2779,29.2578,40.8964
43.0285,55.0268,40.4413
25.8374,28.0075,41.6603
47.3251,38.0182,40.7493
26.3444,50.2195,40.5144
38.3663,24.1781,41.6089
45.718,46.7576,41.4172
30.502,36.0709,41.6073
49.7189,31.2086,41.4183
35.5818,56.066,40.4197
32.377,26.299,40.9789
53.4567,42.5654,41.0741
23.5753,43.5347,41.5087
42.8586,25.6004,41.9156
44.8961,50.9887,41.1839
24.5466,32.8408,41.951
50.4072,35.0303,40.8478
29.6868,53.2915,40.461
37.5441,28.5881,41.1687
49.6237,47.2813,40.9336
28.5566,38.6365,41.4848
45.2309,31.5203,41.4096
40.2679,56.3154,40.2926
28.2563,27.0453,41.5729
49.2085,40.7342,41.1191
25.3106,47.3416,40.1529
41.256,22.7499,41.4072
42.7573,46.869,41.8819
28.0469,34.8858,42.0255
52.6558,32.0916,41.4402
33.6103,53.879,39.4162
34.0906,28.2855,40.8588
53.4773,44.5679,41.2065
24.7087,40.7485,41.0417
44.1414,27.9073,41.409
43.1474,53.0673,41.4066
25.342,29.9465,42.1179
48.4385,37.0666,41.3107
27.2431,52.0374,40.6784
37.8274,26.0964,41.5764
47.8977,46.8693,41.6382
31.1738,37.8699,42.041
47.4253,31.1285,41.8119
37.4733,56.2284,40.6944
30.4992,25.1296,41.2942
51.774,41.9227,41.5282
24.3193,45.1985,41.491
43.1506,23.7367,42.211
43.7363,49.7165,41.0384
25.0988,34.5711,42.5708
51.804,33.7641,41.1644
31.29,54.1616,40.7087
36.2503,29.9915,41.1895
51.1609,46.026,41.0997
26.9456,39.3678,41.5779
44.162,30.111,41.477
42.1748,55.7911,40.8392
26.5674,27.2618,42.2349
47.9102,39.2506,41.3665
25.9911,49.1846,40.8321
39.5048,23.9134,41.8819
44.8634,46.2514,41.7081
29.5423,35.7732,42.0821
50.7687,32.0501,41.5426
35.4319,54.9335,40.2593
33.5367,26.5191,41.662
54.4185,43.0605,41.3836
24.3334,42.7739,41.6453
43.2962,26.4715,42.0804
45.1433,52.1337,41.3366
25.1162,31.7784,42.3752
50.4262,36.3927,41.4494
28.6705,53.1686,41.0834
38.2086,27.959,41.5934
49.1308,48.27,41.3037
29.4779,38.5097,42.0422
45.8603,32.1911,42.0125
39.2769,56.4057,40.8958
28.957,26.198,41.8737
49.7251,41.5264,41.6795
24.661,47.175,41.287
42.0705,22.8913,42.1677
43.1915,47.8644,42.0294
27.1593,34.0717,42.6076
52.8263,33.2575,41.6724
33.0614,54.3036,40.6814
34.7514,29.3253,41.5271
52.7934,45.5117,41.5669
25.5752,40.0794,41.3602
45.2707,28.6339,41.3033
43.2213,54.2771,41.2714
25.3279,28.8872,42.4235
47.3171,37.1885,41.5262
27.3069,50.6816,40.7812
37.9763,25.1536,42.3765
46.4601,46.6412,42.1756
30.9432,36.8427,42.2758
48.6403,31.1197,42.0952
36.4565,55.9722,41.0737
31.335,25.7294,41.8261
52.8582,41.8538,41.4797
23.8753,44.4308,41.8975
42.9762,24.7374,42.6149
44.5794,50.4497,42.1476
25.1628,33.3822,42.6128
51.5239,34.8267,41.3933
30.4132,53.8534,41.1853
36.7607,28.9379,41.7989
50.8672,47.1798,41.5259
27.9071,39.1845,42.1141
44.518,31.0542,42.0024
41.1785,56.4123,41.3806
27.6972,27.125,42.4963
48.6394,39.9559,41.7294
26.3861,47.8702,40.6383
40.3145,23.2825,42.3446
43.5184,46.2352,42.3119
28.5744,35.5713,42.6546
51.666,32.6516,41.8502
34.6116,54.228,40.2914
33.9416,27.499,41.9382
54.3834,44.1408,41.8045
25.0032,41.9146,41.6052
44.2905,27.239,42.1885
44.0902,52.5545,41.9207
25.2377,30.8423,42.7164
49.4541,36.3435,41.7884
27.7322,52.7358,41.4829
37.7481,27.0737,42.0502
48.2187,47.8972,41.803
30.5139,38.6465,42.3242
46.6792,31.5867,42.493
38.3488,55.9002,41.1379
30.0714,25.9054,42.0518
50.9838,41.3264,41.9355
25.1276,45.9563,41.7723
43.3645,22.8442,42.8201
43.6831,49.09,41.8807
26.2963,34.4765,42.96
52.7182,34.2522,41.8857
31.9873,53.345,40.6661
35.3704,30.3373,42.0921
52.1294,46.6202,41.6722
25.8656,39.2013,42.0019
44.7595,29.3912,41.9829
42.8459,55.2757,41.4713
25.9266,27.8791,42.8819
47.6064,38.2204,41.773
26.9913,49.6403,41.1933
38.7765,24.4706,42.7278
45.2481,47.3469,42.2936
30.1704,36.2936,42.7684
50.0689,31.3201,42.3792
35.4903,55.4316,41.398
32.7655,25.7788,42.0868
53.6843,42.1192,42.0869
24.6561,43.7268,41.9779
43.7401,25.7162,42.7438
44.575,51.5758,42.0663
24.9062,32.5588,43.1806
50.875,35.5451,41.8637
29.5966,53.553,41.865
37.6373,29.1244,42.2489
49.9467,47.6675,41.8714
28.4445,37.9277,42.3634
45.5046,31.3223,42.4649
40.1495,55.7844,41.1823
28.2022,26.206,42.5895
49.9565,39.9588,41.6095
26.0216,47.0308,41.3601
41.397,23.4747,42.7973
43.7128,47.1755,42.8506
27.6256,35.1042,43.1702
52.6103,32.5632,42.4699
34.0104,53.5953,40.9571
33.8988,28.6291,41.9738
53.4954,44.9396,42.2013
24.9562,40.8496,42.0393
45.1583,27.8525,41.991
44.0175,53.573,41.7694
25.3138,29.7508,43.1927
48.3023,36.4913,42.1403
27.6616,51.5147,41.9057
38.1386,26.218,42.6734
47.2614,47.5255,42.5153
30.7294,37.5741,43.0308
47.8736,31.7585,42.4987
37.3064,55.8996,42.0324
30.7307,25.1674,42.5475
52.0049,40.8899,41.9697
24.709,44.8206,42.491
44.0471,23.7806,42.9337
43.411,50.1664,42.0587
25.5114,33.99,43.549
51.806,33.8973,42.302
31.271,53.0909,41.4383
36.0542,29.7548,42.5937
51.2282,46.2457,42.2087
26.8208,39.3804,42.7422
44.2721,30.1411,42.914
42.0442,55.8771,42.0036
26.9648,27.9784,43.0345
48.2316,39.2002,42.4591
26.942,48.5967,41.3455
39.5751,23.7679,43.0611
44.6381,46.5672,42.7785
29.5655,35.4291,43.0863
51.1354,31.622,42.3943
35.4349,54.2216,41.1544
33.3155,26.8518,42.5954
54.1533,43.1094,42.4299
25.0996,42.7701,42.4739
43.8186,26.7653,43.2014
45.0513,52.4312,42.4655
24.7506,31.464,43.4462
50.2649,36.371,42.5375
28.7009,52.4357,41.9412
38.1219,28.2713,42.6214
48.9508,48.3008,42.4722
29.5206,37.9696,42.9594
46.089,32.3508,43.189
39.0095,55.9796,42.0926
29.2725,25.9171,42.9914
50.8589,40.3473,42.4548
25.3538,46.9883,42.2249
42.396,23.1281,43.2755
43.4788,48.2793,42.946
27.3102,34.2573,43.7011
53.2516,33.647,42.6949
32.9391,53.09,40.8755
34.0178,29.673,42.6397
52.8028,45.7095,42.6582
25.8727,40.2294,42.3956
45.7637,28.6101,42.4233
43.045,54.14,42.3349
25.6218,28.7036,43.5143
47.6218,37.3547,42.5549
27.3361,50.3128,41.9208
38.9672,25.5074,42.76
46.1541,47.601,43.0684
30.8576,36.5581,43.4837
49.0734,31.9454,42.6718
36.3495,55.1224,41.9897
31.9037,25.3908,42.9237
52.8308,41.6301,42.6863
23.9135,44.2981,42.9836
43.9176,24.8038,43.2609
43.8147,51.1336,42.5306
24.8683,33.2524,44.0928
50.7661,34.6249,42.3305
30.7353,53.6312,42.2735
36.5228,28.803,43.0584
50.5181,47.127,42.6044
27.6908,38.3795,43.0783
44.6783,31.2251,43.2504
41.0068,55.6214,42.1334
27.2758,26.9663,43.8109
49.2776,39.3818,42.5202
27.0262,47.3928,41.4208
40.5494,23.5377,43.6578
43.7877,46.2147,43.5539
28.6152,34.7644,43.3845
51.0799,32.6196,42.756
35.0072,53.3265,40.7688
33.37,28.0103,42.7105
54.1111,44.3587,42.8324
24.8214,41.6628,42.6179
44.7686,27.7724,43.0925
44.282,53.1752,42.9786
24.9036,30.4326,43.9159
49.231,36.0089,42.7653
28.1439,52.1149,42.9076
38.232,27.2527,43.0984
47.7584,48.5384,42.6847
30.7852,38.5561,43.3986
47.2192,32.3051,43.0838
38.0483,55.0568,42.0526
30.3473,25.97,43.2191
51.4793,41.2673,42.8312
24.6795,46.2659,42.8255
43.523,23.0739,44.0655
43.3847,49.4022,42.975
26.2192,34.752,44.0162
52.6911,34.5312,42.9738
32.5124,53.6838,41.7016
34.9456,29.8364,43.1554
51.8985,46.7161,42.8987
25.717,39.1308,43.2874
44.6958,29.1326,43.0727
43.0074,55.2539,42.6194
26.6524,28.9489,43.4959
47.5418,38.3297,42.9327
27.9647,49.3402,41.79
39.8656,24.838,42.917
45.6152,46.5276,43.1781
29.3965,36.3658,43.5299
50.1726,32.0888,43.0524
35.2544,54.5095,42.1773
32.9001,25.8743,43.1116
53.9739,42.3317,43.0947
24.597,43.5567,43.1387
44.2605,25.664,43.6757
44.2267,52.0329,43.0196
25.0376,32.2421,44.3037
50.5156,35.4664,43.0145
30.0323,52.5096,41.9755
37.4715,29.1153,43.3643
49.3536,47.3287,42.8308
28.7268,38.8888,43.0279
45.7835,31.1,43.697
39.8799,55.2127,42.071
28.6045,26.6521,43.6445
49.8777,40.1991,42.8645
26.3707,46.7496,42.3211
41.9317,23.8113,44.0105
44.0582,47.7098,43.7669
28.036,34.789,44.4513
52.2935,33.0997,43.3079
34.1965,52.5665,41.084
34.1488,28.6688,43.0541
53.722,45.1869,43.3743
25.5523,40.9942,43.1129
45.8,27.794,43.5399
44.0578,54.3012,42.865
26.2567,29.9917,43.8701
48.1792,36.5235,43.258
27.5183,50.7481,42.9306
38.4489,26.4131,43.7154
46.9487,48.3582,43.4443
30.8028,37.5248,44.0568
48.3154,32.5005,43.4557
37.1138,55.1026,42.6438
31.1725,25.5036,43.698
52.3105,40.7129,43.1324
24.3609,45.2974,43.4715
44.2303,23.798,44.2549
43.2513,50.5204,43.1677
25.2711,34.3168,44.6163
51.6496,34.2916,43.2905
31.7383,53.2858,42.3352
35.8429,29.3422,43.738
50.9378,46.2909,43.2595
26.8417,38.9658,43.7984
45.1053,30.1756,43.5562
41.9656,54.987,42.589
27.2735,28.3152,44.0492
48.3299,38.9694,43.5093
27.6061,48.2388,42.3141
39.7265,24.0228,44.1698
44.7898,47.0088,43.7115
29.2499,35.3569,44.2306
51.1509,31.8365,43.568
35.4471,53.4211,42.0302
32.7914,27.15,43.539
53.995,43.2838,43.4879
24.5935,42.5866,43.5271
44.7479,26.6526,43.7847
44.9471,52.6126,43.5644
24.5253,31.36,44.447
49.7419,35.9176,43.6389
29.3195,52.1573,42.7248
38.2803,28.4911,43.8428
48.5636,47.8127,43.4259
29.7514,38.8218,43.6451
46.7034,31.7924,43.8992
38.9266,55.0555,42.7462
29.5787,25.9519,44.018
50.335,41.1271,43.0765
25.9511,46.2554,43.1699
42.507,22.845,44.5923
43.235,48.5895,43.9424
26.8499,34.7085,44.9818
52.619,33.8814,44.026
32.9292,52.4413,41.8975
34.0991,29.876,43.7903
52.8052,45.8893,43.6502
26.0836,40.2356,43.6341
45.5373,28.772,43.6103
43.5816,55.0031,43.4788
26.4456,29.1205,44.6021
47.8824,37.4585,43.8207
28.1072,49.8141,42.7471
39.8679,25.791,43.3729
46.7014,47.461,44.0553
30.4008,36.587,44.4004
49.3543,32.3193,43.7122
36.1935,54.3071,42.5986
32.2699,25.3624,43.9432
53.0579,41.2392,43.7005
24.4746,44.3245,43.9593
43.8485,25.0274,44.3948
43.5978,51.458,43.5761
25.3835,33.1009,45.057
50.6097,34.5649,43.626
31.3746,52.2058,42.1306
36.4754,28.3061,44.1454
50.0125,46.7056,43.6052
27.7989,39.5732,43.6515
44.7511,31.042,44.4281
40.624,55.1832,43.1542
28.1461,27.5714,44.0834
49.2821,39.8227,43.9555
27.4514,47.1249,42.6546
40.812,24.2446,44.5014
44.1048,46.903,44.4984
29.1022,34.2362,44.5741
51.5728,32.9082,44.0713
35.1737,52.4408,41.5923
33.3146,28.0196,43.8123
54.1044,44.1956,44.0818
25.5033,41.9462,43.4863
45.2192,27.4607,44.3503
44.7901,53.7639,44.0246
25.6165,31.1388,44.2747
49.4196,36.9612,43.3584
28.5464,51.0155,43.6333
38.3376,27.3652,44.1856
48.1199,48.7391,44.052
30.5997,38.5208,44.5099
47.7945,32.083,44.2772
37.9926,54.3831,43.1109
30.6054,26.1215,44.2873
51.2894,40.6348,43.7067
25.1478,46.1212,43.8611
43.0845,24.0038,44.3037
43.5084,49.7309,44.1869
25.8735,34.3153,45.5275
52.1845,34.788,44.1256
32.8234,53.2897,42.7826
35.0781,30.3057,44.3068
51.6883,46.2582,43.983
26.0986,39.0542,44.5717
46.1823,29.8684,44.0297
42.4018,55.4183,43.5817
27.49,29.6345,43.9442
47.5706,38.6181,44.191
28.4109,48.8004,42.8182
40.2215,24.9888,43.9891
45.659,47.2488,44.3157
29.6494,36.1091,44.979
50.434,32.5159,43.9755
35.3377,53.785,42.9579
32.2509,26.4687,44.3344
53.635,42.3276,44.1745
24.8289,43.47,44.4411
44.8105,25.4499,44.6829
43.8497,52.3709,44.1284
24.3912,32.356,45.2304
50.8605,35.5724,43.9705
30.2309,51.6011,42.4767
37.479,28.8156,44.4092
48.7513,46.6588,43.8484
28.8089,39.2257,44.0647
45.7624,31.8455,44.626
39.8512,54.2509,42.7665
28.2996,26.4154,44.6708
49.7145,40.8857,43.8999
27.0399,46.1045,43.0252
41.4737,23.5214,45.055
43.5109,47.6277,44.8091
27.8725,33.7509,44.8978
52.6658,33.0541,44.5993
33.9839,52.5507,42.1156
33.401,29.1169,44.2556
52.9431,44.9219,44.2461
25.4811,41.0489,44.1182
46.3411,27.5986,44.4886
43.8526,54.4087,44.3401
26.5053,30.7031,44.7656
48.906,37.2057,44.2826
27.8787,50.1921,43.8023
39.0049,26.5136,44.5516
47.0359,48.7276,44.681
31.1054,37.3706,45.3102
48.6865,32.8349,44.4618
37.2887,53.8031,42.5107
31.0434,25.3553,44.7938
52.353,40.6031,44.2411
24.6879,45.6218,44.6817
43.6344,23.8662,45.4247
44.1647,50.4448,43.7804
24.8439,34.1492,46.0073
51.3259,34.3621,44.4902
32.1324,52.3731,42.9562
35.7792,29.6414,44.8516
50.7123,46.7062,44.386
27.1099,39.7488,44.4869
45.3818,30.0401,44.5961
41.5157,54.588,43.4426
28.319,28.7797,44.2728
48.1755,39.7275,44.238
27.8453,47.8576,43.3875
39.9876,24.6874,45.0345
44.9804,46.3355,44.8182
29.5698,34.8268,45.3149
50.9964,31.8263,44.7488
35.0677,52.6578,42.7152
32.2772,27.4859,44.4039
54.0076,43.1518,44.7812
25.7245,43.046,43.9135
44.9554,26.4611,44.9393
45.2644,52.7664,44.8186
25.3103,31.747,45.2085
50.4525,36.6043,44.2179
29.8655,50.9622,43.3566
38.5719,28.3629,44.9264
48.9021,47.5224,44.5143
29.3892,38.5507,44.6793
46.9417,32.6363,44.6787
38.9499,54.297,43.4251
29.6752,26.128,45.0646
50.6624,41.4885,44.0866
26.057,45.7089,44.2
42.5371,23.6783,45.3054
44.3226,48.4812,44.4083
26.8458,33.6983,45.3936
52.8323,34.3347,45.0354
33.2727,52.2281,42.8106
34.1059,29.785,44.9148
51.9727,45.5234,44.7219
26.3301,40.4149,44.6352
45.677,28.4489,44.6578
42.9637,55.0628,44.4173
27.4452,30.2747,44.8967
48.3134,38.0694,44.6392
27.8714,49.1007,43.7876
39.0536,25.3501,44.3449
46.3151,47.6338,45.0395
30.0253,36.8872,45.5174
49.7181,32.4811,44.8068
36.4159,53.6024,43.3456
32.1526,25.6144,45.1433
53.1109,41.6184,44.7296
24.8513,44.6134,45.0779
44.4422,24.5582,45.2781
43.7924,51.2495,44.7091
24.6759,33.089,45.9508
50.2874,34.864,44.6553
31.3341,51.1345,42.9515
36.7269,29.1796,45.2593
49.6028,46.5402,44.5233
28.0269,40.1402,44.7125
45.6733,30.8166,45.4557
40.6501,53.9177,43.4356
28.7541,27.9914,44.8467
48.7303,40.7058,44.5166
27.4909,46.9151,43.9713
40.5027,24.0156,45.6184
44.3084,47.0949,45.6311
28.8047,34.1892,45.717
51.933,32.3765,45.1544
34.8104,51.6595,42.4301
33.0373,28.1858,44.7926
53.3639,44.0251,44.9236
25.8222,42.0155,44.4975
45.923,26.9241,45.1933
44.3057,53.5855,45.0905
26.3152,31.9636,45.1048
49.9747,37.5896,43.9715
29.0978,50.0367,43.6652
38.3403,27.1123,45.2203
48.1507,48.4962,45.162
30.2321,38.209,45.395
47.906,32.6061,45.2881
38.349,53.3687,43.2601
30.8263,26.2818,45.3201
51.5385,41.1726,44.7509
25.5242,46.2716,44.9979
42.8243,24.7423,45.157
44.4563,49.6755,44.6322
25.8621,33.3701,46.0611
51.8905,35.0273,45.2078
32.857,52.4897,43.7763
35.0624,30.2362,45.4547
51.4412,46.3836,45.0832
26.6048,39.6992,45.3936
46.3691,29.6558,45.0765
41.9387,54.7892,44.5745
28.2962,29.8166,44.6643
47.7665,39.2135,45.1734
28.6503,48.0612,44.0082
40.1374,25.7775,44.9968
46.3466,46.5855,44.8465
29.8737,35.9201,45.9861
50.8434,32.8408,45.0225
35.8187,52.6704,43.5074
32.9894,26.7768,45.2452
53.0174,42.5677,45.1827
25.7564,44.0378,44.6141
45.2287,25.8325,45.7889
44.2958,52.0786,45.1117
25.0282,31.8598,46.1759
49.8788,35.8802,44.8019
30.72,50.3106,43.2701
37.6198,28.8309,45.5323
48.5418,46.494,44.8494
28.7909,39.1367,45.2361
45.8326,32.1083,45.7069
39.7027,53.5474,43.6428
28.8151,27.086,45.3616
49.6365,41.2411,44.8706
27.1984,45.7892,44.116
41.4525,23.7087,46.0953
44.2129,48.2774,45.5897
27.8386,33.6915,45.9521
52.2166,33.63,45.6162
33.851,51.3189,42.6858
33.9122,28.8172,45.4081
52.6278,44.9961,45.3758
25.7772,41.1727,45.1885
46.6003,27.6244,45.5336
43.5749,54.4955,45.4783
27.2401,31.2865,45.3753
49.364,38.3225,44.5065
28.6126,49.8228,44.6057
38.1814,25.7811,44.8943
47.1717,48.0379,45.5977
30.3746,37.5802,46.3093
48.9117,32.9524,45.4686
37.3563,53.0478,43.6625
31.3543,25.4795,46.0299
52.5351,40.7873,45.4008
25.0378,45.6115,45.7181
43.8958,24.4443,46.4118
43.9194,50.3283,45.2313
24.9609,33.51,46.8731
51.0545,34.5236,45.6898
31.938,51.6274,43.7232
35.9396,29.7504,45.9426
50.3292,45.62,44.8923
27.1999,40.5789,45.2728
45.4843,29.6797,45.6776
41.4224,53.7559,44.5319
28.0052,28.8682,45.2398
48.4152,39.9761,45.3388
28.6302,47.0329,43.6038
39.7858,24.5509,46.1735
45.2744,46.7657,46.0136
29.0254,35.1581,46.1237
51.392,31.7491,45.9681
35.2255,51.7842,43.4817
32.3336,27.8477,45.5288
53.5234,43.352,45.7297
26.0417,43.1265,44.9881
45.6293,26.6849,46.3177
44.7445,52.839,45.7772
25.7405,30.9655,45.904
49.9801,37.168,44.976
30.1198,49.8722,44.0836
37.182,27.8343,45.7293
48.603,47.5812,45.6038
29.2117,38.4574,45.9534
46.9598,32.5345,45.7954
38.5939,53.8929,44.4106
29.9607,27.1444,45.2918
50.7417,41.7828,45.1897
26.6508,45.6726,45.0761
42.0589,24.6947,45.9284
45.242,48.8586,45.2571
26.8312,33.7773,46.3833
52.6213,34.647,46.0897
33.2625,51.474,43.6557
34.9413,29.055,45.8184
52.2903,45.949,45.766
26.0746,40.4297,45.9377
46.3303,28.6262,45.6792
42.6408,54.0267,44.8103
28.503,30.7031,45.1752
48.6823,38.7575,45.4024
28.287,48.6416,44.8069
39.2203,25.4253,45.5224
47.441,47.0212,45.9357
30.2512,36.5763,46.7229
49.957,33.3173,45.5546
36.393,52.8725,44.3103
32.1103,26.3914,45.917
52.8674,41.666,45.9325
25.8533,44.957,45.2486
44.2995,25.3813,46.2103
44.8217,51.0192,45.5236
25.2064,32.4202,47.0588
50.1129,35.2739,45.7715
31.2157,50.8494,44.0456
36.8814,29.1113,46.3765
49.544,45.968,45.6064
28.2545,39.8797,45.6857
45.7129,30.9343,46.5057
40.2683,53.9561,44.5873
28.7951,27.9462,45.9233
49.6215,40.242,45.195
28.3174,46.4281,44.5018
40.8558,24.7479,46.3761
45.258,47.9318,45.7813
28.0403,34.7968,46.2001
51.7509,32.8841,46.4033
35.1931,50.7811,43.108
33.1559,28.5321,45.9569
52.5574,44.1107,46.0986
26.1393,42.1811,45.5363
45.482,27.8068,45.9672
43.8306,53.4343,46.0577
26.7233,30.6461,46.1153
48.9256,37.3945,45.4385
29.5373,49.1651,44.623
37.5597,26.5513,45.6393
47.9892,48.6843,46.2991
29.8993,38.3602,47.0054
48.1232,32.7637,46.276
38.1749,52.9747,44.4906
31.2385,27.0842,45.8408
51.6367,41.292,46.0168
26.3416,46.2633,45.8579
43.0319,25.1166,46.2434
45.0913,49.8239,45.6436
25.889,34.0374,46.9636
51.5408,35.676,46.0445
32.6062,51.4407,44.7645
35.209,29.6522,46.741
51.1208,45.8954,45.949
27.2492,39.9774,46.2314
46.4893,29.6175,46.1819
41.7636,54.2001,45.5475
29.019,29.5019,45.3947
48.0596,39.4,46.1957
28.4123,47.5299,44.9898
40.1769,25.5314,46.0875
46.3053,46.3965,45.988
29.418,35.8049,46.973
50.5994,32.669,46.2322
35.4087,52.2248,44.4916
32.9371,27.1381,46.2945
53.1277,42.6061,46.4208
25.7156,43.9853,45.7269
44.9393,26.1874,46.9237
43.979,51.7287,46.1564
25.968,31.5512,46.8817
50.3852,36.3164,45.6723
31.1694,49.8572,44.4437
37.7286,28.4679,46.5112
48.6512,46.4553,45.9338
28.2794,38.9255,46.2715
46.4111,31.8299,46.8944
39.5502,53.1092,44.582
29.29,27.1161,46.3131
50.4547,40.457,45.7719
27.699,45.4216,44.9332
41.8366,24.4787,46.9614
44.7125,48.6898,46.4168
27.9169,34.0125,46.93
52.357,33.7834,46.8411
34.281,51.3489,43.7668
33.8742,29.1016,46.7934
52.3943,45.1714,46.5814
25.8402,41.4013,46.3666
46.5124,27.7918,46.7099
42.7955,53.8152,45.9045
28.2998,31.3796,46.1343
49.6539,38.4688,45.8606
28.9549,49.2136,45.7252
38.2841,25.88,45.9924
47.2977,47.7213,46.8702
29.7088,37.1883,47.508
49.2411,32.6985,46.4058
36.9847,52.5627,45.2007
31.2396,26.2255,46.8243
52.3173,41.0691,46.8077
25.9851,45.229,46.3614
43.9508,25.0845,47.3546
44.144,50.6647,46.2592
25.6841,33.1639,47.8456
50.5348,34.7868,46.6341
32.5302,50.7149,43.9716
35.8488,28.7512,46.4735
50.2515,45.0925,45.9427
27.9313,40.905,45.9394
45.8803,30.032,46.9631
40.9562,52.9036,45.2234
28.3495,29.1213,46.309
49.0515,39.7592,46.14
29.328,47.0011,44.7482
39.9792,25.0441,47.1487
46.2682,47.4402,46.2616
28.4206,35.9335,46.4155
51.2739,32.1664,47.0253
35.9173,51.2898,44.157
32.4225,28.1308,46.674
52.2088,43.1317,46.1511
26.7472,43.3705,45.7346
44.5527,27.2686,46.3123
44.4137,52.7142,46.8051
26.8839,31.8083,46.3811
49.9967,37.1927,45.9952
30.3139,50.1293,45.0828
37.7848,27.332,46.6426
48.9742,47.5969,46.5462
29.1901,39.0595,46.8446
47.5635,31.87,46.5862
38.454,53.415,45.436
30.232,27.7321,46.1544
50.528,41.459,46.1473
27.4271,46.3588,45.6441
42.1047,25.697,46.6453
45.6928,49.2491,46.364
27.0377,34.6439,46.9645
51.5844,34.5429,46.6581
33.6742,50.8633,44.4291
34.7882,28.4411,46.6809
51.4055,44.7532,46.2024
26.9211,41.2214,46.2814
45.8131,28.9545,46.6301
42.109,53.1119,45.5064
27.9713,30.1642,46.1239
48.8169,38.6389,46.4951
29.3176,48.0552,45.1757
39.1903,26.1224,46.3905
46.9525,46.7475,46.8211
28.816,36.8883,47.085
50.0239,31.8883,46.8562
36.8462,51.8296,44.4162
31.9196,27.288,46.6756
52.1292,42.0686,46.6227
26.6269,44.5197,45.8676
43.8825,26.2966,46.7906
44.9004,51.2336,46.6636
26.3839,32.4781,47.1295
50.5092,35.9357,46.6625
31.7952,50.639,44.9167
36.6978,28.2707,46.9482
49.8752,46.4222,46.501
28.5048,39.9526,46.7232
46.5013,30.7459,47.3725
39.934,53.3518,45.554
29.591,28.772,46.2238
49.4688,40.8074,46.2814
28.6349,46.4445,45.5362
41.0044,25.6123,47.0932
45.6247,48.1263,46.7285
28.029,35.192,47.159
51.2344,33.1898,47.3304
34.8549,51.0415,44.5954
33.5741,28.0693,46.9207
51.6832,43.9079,46.7845
26.6666,42.4053,46.4723
45.6513,27.3473,47.3507
43.1006,53.0101,46.7547
27.5019,31.0061,46.7525
49.4592,37.8407,46.6382
30.261,49.0911,45.3875
37.7344,26.2714,46.7758
48.0438,46.9601,46.9349
28.8557,38.1749,47.4878
48.6449,31.8234,46.6345
38.0425,52.2787,45.2283
30.8053,27.345,47.3171
51.3643,41.5646,47.0406
27.0913,45.4102,46.3286
42.9171,25.7075,47.5503
44.9776,50.0461,46.8829
26.7226,33.3955,47.4895
51.2024,35.3822,47.3474
32.9887,50.5475,45.1617
35.4838,28.8032,47.544
50.6119,45.6568,46.8154
27.214,40.6524,47.1621
46.7067,29.4609,47.3495
41.1581,53.4458,46.1118
29.1887,29.9389,46.3584
48.8337,39.813,47.1735
29.1805,47.3522,46.0642
40.1654,26.1213,47.025
46.2854,47.4179,47.374
28.4506,36.0729,47.7261
50.2382,32.8333,47.1537
35.8309,51.5359,45.2166
32.7667,27.307,47.3958
52.5285,43.2223,47.1868
26.532,43.6312,46.7701
44.5276,27.0303,47.374
43.7039,51.8766,47.2914
26.8217,31.5412,47.4551
50.2199,36.9178,47.1603
31.2034,49.9927,45.6713
36.9736,27.3521,47.4009
48.9176,46.3918,47.0708
28.244,39.1043,47.4428
47.4446,31.1476,47.5593
39.1697,52.5711,45.518
29.4919,27.9506,47.1347
50.6909,40.6285,46.895
28.2057,45.5724,46.0656
41.7973,25.6039,47.8329
45.1607,49.0083,47.3343
27.4314,34.0932,47.9238
51.362,34.2076,47.5858
34.1354,50.6369,45.3111
34.2939,28.3655,47.5908
51.5666,44.8917,47.4217
26.634,41.5436,47.3891
46.1303,28.3236,47.7845
42.0516,52.9368,46.6313
28.629,30.6927,47.0141
49.8065,38.795,46.9431
29.675,48.3742,46.1727
38.7408,26.2005,47.4952
47.3078,47.0535,47.7319
28.5374,37.0934,48.0869
49.1175,32.1054,47.5428
37.0901,51.4666,45.4687
31.5596,27.1168,48.0607
52.2038,41.8279,47.657
26.7448,44.6302,46.9777
43.7891,26.3448,47.9653
44.2312,50.7869,47.3943
26.5844,32.567,48.1594
50.2734,35.916,47.7415
32.3424,49.7613,45.8105
36.6979,28.0993,48.0576
49.8318,45.9454,47.5115
28.1243,40.3281,47.8937
47.1015,30.119,48.0699
39.9333,52.481,46.2681
29.5692,29.1023,47.2413
49.6926,40.6233,47.2532
28.4539,46.5332,46.6369
40.8323,25.8889,48.1269
45.9356,48.2877,47.8407
27.7049,35.3223,48.1485
50.4335,33.6658,47.7348
35.0525,50.9982,45.6849
33.1815,28.0216,48.066
51.9521,43.9597,47.9479
26.6537,42.604,47.7039
45.2071,27.8723,48.1181
42.6876,52.2471,47.3155
27.9243,31.5276,47.6396
49.6597,37.7542,47.631
30.7108,48.7809,46.2979
37.6895,26.1216,47.8434
48.363,46.8117,47.988
27.6646,38.3999,48.1881
48.5246,31.3297,47.9608
38.4253,51.6034,45.9549
30.4625,27.5742,48.2592
51.5224,40.9491,47.913
27.9403,45.4434,47.2346
42.6263,26.2153,48.4154
44.9713,50.2225,47.9122
26.5044,33.6191,48.4897
50.5947,34.7717,48.1923
33.5395,49.8555,45.858
35.3781,28.0299,48.3126
50.9994,45.659,48.0209
27.1905,41.0403,48.2344
46.5758,29.3115,48.4625
40.7292,52.8036,47.2133
29.4755,30.247,47.3704
49.8258,39.6263,47.7168
29.0942,47.5695,47.1866
39.7069,26.19,48.1923
46.8815,47.8569,48.1994
27.417,36.3846,47.9488
49.897,32.8112,48.2113
36.3167,50.9724,46.1107
32.5029,27.481,48.7332
51.6136,42.8277,48.1124
27.2642,43.5748,47.7345
44.0527,27.3214,48.291
43.0689,50.9568,47.724
27.4396,31.7437,48.608
50.562,36.9842,48.106
31.8113,49.3938,46.7072
37.1486,26.9475,48.4097
49.4268,46.7942,48.0543
28.1369,39.2633,48.4963
47.6607,30.8863,48.5292
38.945,52.2369,46.5719
30.372,28.5629,47.7702
50.5461,40.5188,47.9968
28.9342,45.5774,47.0106
41.6138,25.7373,48.8908
44.892,48.9147,48.3665
26.7388,34.7334,48.5941
51.5945,33.8225,48.6553
34.728,49.9586,45.9842
34.3767,27.6039,48.4375
51.4402,44.7736,48.7094
26.3376,41.7647,48.4913
45.653,28.5215,48.9176
41.8706,52.6111,47.7684
28.9041,31.3089,47.9286
49.9707,38.6532,48.3702
30.0967,48.4842,47.0951
38.4699,26.2676,48.6983
47.9127,47.7209,48.4637
27.633,37.3944,48.6769
49.2983,31.8771,48.6949
37.4688,51.3652,46.5029
31.2646,27.7883,48.9165
51.3979,41.8569,48.7067
27.4294,44.6729,48.0813
43.3889,26.7562,48.8837
43.8399,50.7247,48.4784
26.8524,33.0221,49.2524
50.9548,35.8872,48.6516
32.8627,49.1194,46.4572
36.2313,27.5098,48.8515
50.2945,45.8984,48.7455
27.2068,40.0209,48.7398
46.9677,30.2962,49.334
39.7514,52.4752,47.5259
30.4077,30.0457,47.7338
49.4677,40.7007,48.3037
29.5149,46.5329,46.957
40.3009,25.9977,49.0532
46.1662,48.7863,48.7976
26.7345,35.7877,48.8906
50.2108,33.7859,48.9095
35.4922,50.7831,46.7986
33.5631,27.9907,49.3007
51.1372,43.4988,48.7982
27.1445,42.85,48.7667
44.534,28.2186,49.1691
42.0963,51.5594,48.2097
28.6334,32.3033,48.2781
49.5556,37.3273,48.7622
31.2242,48.1522,47.1159
37.5653,26.0664,49.1816
48.6053,47.0745,49.0721
27.8224,38.2256,49.3398
48.2988,31.6159,48.985
38.5073,51.4855,47.2254
30.4848,28.5044,49.1114
51.1958,40.5827,49.0492
28.572,44.7307,47.7662
42.3727,26.4389,49.5608
44.5859,49.833,48.8764
26.2909,33.9297,49.5326
50.9976,34.9596,49.2098
33.9833,49.4238,46.7771
35.0554,27.0022,49.1113
50.5133,44.9909,49.335
26.5367,41.0797,49.2487
46.1425,29.5086,49.5494
40.8896,52.1497,47.9978
29.9808,30.9094,48.4275
49.3928,39.4724,48.6726
30.0672,47.3419,47.5515
39.3684,26.7666,49.2366
46.695,47.8959,49.3578
26.5984,36.91,48.8284
49.653,32.8846,49.3207
36.5484,51.0578,47.2363
32.4887,28.1566,49.5373
51.6762,42.8358,49.4745
26.8893,43.9447,48.7827
43.5288,27.9786,49.1042
42.7491,50.663,48.7004
27.7856,33.0032,48.7736
50.8881,36.8936,49.1981
32.2876,48.1535,46.7281
36.7014,26.6882,49.4632
49.7141,46.7551,49.3075
27.6387,39.3774,49.544
47.3133,31.373,49.5623
39.4711,51.4151,47.4862
30.6617,29.5066,48.7692
50.2449,41.2881,48.8061
28.8557,45.7471,48.303
41.3128,26.2657,49.888
45.2718,49.2281,49.3337
26.0426,34.9829,49.4258
51.1129,33.9114,49.7278
35.1078,49.5906,46.9349
34.0865,27.0927,49.4429
51.4212,44.3334,49.669
27.3097,41.9308,49.2539
44.935,29.2625,49.1516
41.2065,51.8114,49.0103
29.2205,31.7208,48.9054
49.5786,38.3179,49.2287
30.6141,48.1274,48.085
38.5202,26.1472,49.7545
47.7312,48.0499,49.526
26.9107,37.6708,49.4548
48.8284,32.231,49.8265
37.6317,51.1463,47.5929
30.9064,28.0683,49.9358
51.2732,41.7282,49.7788
28.1938,44.1182,48.6827
42.6539,27.5923,49.5589
43.3859,50.0281,49.2035
27.6599,33.653,49.5656
50.3116,35.865,49.4893
33.4446,48.3072,46.9833
35.8291,27.1104,49.9293
49.9927,45.8766,49.856
27.4545,40.3499,49.9437
46.0297,30.7166,49.7031
39.8971,51.6943,48.4743
30.997,30.6899,48.5976
50.0662,40.2199,49.2873
29.7708,46.4052,48.1004
40.2434,26.7708,49.8472
46.077,48.7202,49.8294
25.9351,36.0648,49.5592
50.4701,33.1979,50.1424
35.9597,50.0464,47.3698
32.8674,27.1876,49.9212
50.6304,43.6536,49.8872
26.6841,43.0728,49.6811
43.8802,29.0828,49.4551
42.4951,51.759,49.1932
28.8786,32.9463,49.0883
50.4047,37.6827,49.6104
31.9188,47.5404,47.7214
37.5177,26.5299,50.1329
48.8691,47.701,50.1467
26.7074,38.7112,49.7777
48.0009,31.7055,50.2361
38.4567,51.6243,48.3523
30.6473,29.2263,49.8606
50.6751,40.8544,49.9131
28.9292,44.78,48.8201
41.5773,27.3318,50.035
44.3345,49.3976,49.8487
27.1666,34.7293,49.7338
50.3607,34.6599,50.0411
34.4327,48.6431,47.4193
34.7848,27.3658,50.3498
50.9471,45.1225,50.352
26.4185,41.8387,49.9203
45.3135,29.9615,49.89
40.2258,52.2867,49.3882
30.3186,31.7113,49.0942
49.5837,39.3711,49.8818
29.9595,47.4074,48.6683
39.3566,26.2536,50.328
47.0707,48.4399,50.3398
25.9375,37.0605,49.9165
49.3976,32.8689,50.6251
36.9948,50.195,47.7152
31.7675,27.6216,50.3915
51.3728,42.5981,50.5375
27.2721,44.0417,49.8918
43.2784,28.405,50.2232
43.362,51.0382,49.5462
28.7039,34.0009,49.1561
50.1865,36.7801,50.2009
32.9425,47.355,47.4498
36.6146,26.053,50.412
49.2808,46.7405,50.3124
26.7612,39.6869,50.2837
46.7927,31.2435,50.483
39.1778,50.8425,48.6594
30.8263,30.3041,49.6621
49.6272,41.0488,49.7043
29.7255,45.4644,49.0096
40.9454,26.5182,50.8106
45.3476,49.8776,50.1315
26.5454,35.4303,50.2454
50.9351,34.0345,50.9145
35.1804,49.1954,48.0331
33.79,27.0701,50.6859
51.0517,44.1385,50.6873
27.2566,42.3992,50.1894
44.5929,29.1301,50.3018
41.3954,51.9689,50.0197
29.8307,32.6185,49.281
49.2139,38.2957,50.2762
31.1713,47.4043,48.7717
38.3973,26.3686,50.8702
47.8409,47.8234,50.6606
26.5992,37.8229,50.4755
48.4931,32.3899,50.9742
37.7326,50.7217,48.5668
31.1604,28.6499,50.8268
50.794,41.6756,50.7476
28.2831,44.5867,50.0278
42.6191,27.5357,50.631
43.448,50.0635,50.3024
28.3127,34.9009,49.4347
49.8613,35.6278,50.4189
33.92,47.768,47.7531
35.8115,27.0198,50.9649
49.8677,45.3277,50.8037
26.6533,40.803,50.5265
46.297,30.117,50.8195
39.7117,51.1653,49.5521
31.2257,31.2674,49.5029
48.6799,40.3304,49.66
29.4957,46.5925,49.2273
39.7539,26.84,51.1186
46.5521,49.5042,50.494
25.9694,36.1815,50.79
50.1003,33.5177,51.3336
36.3554,49.4041,48.2728
32.733,27.1977,51.0792
50.7488,43.2623,51.0679
26.8266,43.6422,50.7721
43.4365,29.5235,50.5578
42.7853,51.8423,50.2804
29.1686,32.9424,50.3888
50.0231,37.8864,50.808
32.3981,46.6553,48.1737
37.3302,26.0538,51.2933
48.7751,47.1743,51.2223
26.687,38.8229,50.8969
47.6176,31.7813,51.3747
38.2045,51.2725,49.5099
31.6159,29.5509,50.462
50.0116,40.9302,50.7266
29.3581,44.8539,50.2151
41.7423,27.1519,51.0911
44.4914,50.0095,50.7402
27.5756,35.8489,49.9236
50.6566,35.0417,51.0799
35.1078,48.1617,48.1201
34.7269,27.0494,51.3779
50.7726,45.1075,51.541
26.9821,41.7402,51.0616
45.1307,30.2623,50.863
40.8823,51.0731,49.9444
31.0127,32.3471,49.9198
48.3953,39.3862,50.4058
30.5475,46.4983,49.1607
39.2517,25.9215,51.4506
47.3131,48.8427,51.3217
26.2213,37.243,51.3758
49.5193,32.5142,51.7374
36.9281,50.0798,48.8382
31.8673,27.9513,51.4278
51.0281,42.262,51.7124
27.6307,44.5852,50.9926
43.3372,28.3783,51.4301
42.9973,50.8286,50.8435
28.7572,34.1246,50.6889
49.5637,36.9107,51.1528
33.5752,46.8313,48.2138
36.2409,26.1859,51.6687
49.2461,46.2846,51.4846
26.2318,39.9538,51.1137
47.1464,30.5444,51.5206
38.8931,50.4492,49.7233
31.6226,30.8208,50.4542
48.9306,40.9517,50.6446
29.8853,45.9132,50.1553
40.6252,27.1143,51.8258
45.4842,49.354,51.1243
27.0366,36.3796,50.9212
50.5994,34.222,51.9957
35.9104,48.5321,48.6347
33.6298,26.8213,51.7639
50.5102,44.0513,51.759
26.7102,42.7493,51.2709
44.3244,29.7186,51.3526
41.7614,51.076,50.5266
30.1645,32.5382,50.5949
49.4249,38.7353,51.1734
31.7257,46.6031,49.1246
38.1152,26.1981,52.0015
47.8889,48.0317,51.7314
26.65,38.1343,51.8046
48.7526,31.5555,51.9059
37.46,50.4853,49.7482
31.778,29.1538,51.475
50.2958,41.3622,51.8507
28.4798,45.1684,51.034
42.5133,27.5647,51.7926
43.5565,50.0421,51.4927
28.7998,35.1874,50.4812
49.3329,35.7284,51.3599
34.6751,47.0925,48.5128
35.5028,26.9578,52.2357
49.5621,45.4302,51.8884
26.8678,40.8095,51.653
46.04,30.1649,51.8831
39.9797,50.393,50.3073
32.0764,31.6853,50.126
48.0306,40.3343,50.7089
30.0762,47.117,50.1257
39.7352,26.8842,52.3883
46.2502,48.6566,51.0437
26.4771,36.1984,51.8806
49.9027,33.183,52.5105
36.7816,48.7791,49.1934
32.3771,27.3372,52.4896
50.5134,43.0645,52.2479
27.3918,43.7188,51.6334
43.3671,29.6436,51.8127
42.4934,51.5923,51.3908
29.6925,33.5458,51.2526
49.612,37.797,51.7595
32.9528,46.661,49.0644
37.001,26.5418,52.4053
48.6993,47.8322,52.5278
26.4368,39.1219,52.0473
47.8456,31.0297,52.1301
38.1981,50.7341,50.4382
32.3405,30.03,51.27
49.2512,41.5106,51.5108
29.3787,45.7455,51.0781
41.7331,26.8165,52.0772
44.9047,50.0962,51.7055
28.2369,36.076,50.8619
50.1732,35.243,52.1488
35.6119,47.5823,48.9045
34.4018,27.3427,52.4025
50.2624,44.8812,52.4979
26.6056,41.9535,52.0747
44.9075,29.9889,52.1733
40.6927,50.9022,50.9696
31.4763,32.4323,51.0208
48.5234,39.3093,51.5962
31.306,47.1783,49.9009
39.172,25.9515,52.7295
46.816,48.1805,52.2103
26.5755,37.1633,52.4434
48.9713,32.5198,52.6951
37.1556,49.3841,49.9613
32.367,28.377,52.2659
50.6446,42.0059,52.6743
28.1817,44.2733,52.0512
42.5687,28.8802,51.8328
43.503,51.0911,52.0162
29.3816,34.7,51.546
49.1047,36.6725,52.1801
34.0892,46.272,49.1524
36.0049,26.1779,52.7363
49.3395,46.7226,52.4793
26.7946,40.0661,52.5258
46.7792,30.3524,52.6246
39.0533,50.5179,51.0804
32.2845,31.1149,51.2051
48.3185,40.865,51.564
30.0957,46.5642,51.1006
40.7073,26.4753,52.7128
45.474,48.9317,52.1228
27.7766,36.5656,51.6454
49.934,34.4419,52.8132
36.6985,47.6739,49.3023
33.3533,27.5097,52.9882
50.7336,44.0694,52.9302
27.7311,42.5653,51.7604
44.1421,29.4375,52.585
41.6287,50.6255,51.5096
30.881,33.5549,50.984
48.4937,38.1526,51.9153
32.3542,46.924,49.9936
37.9663,25.9311,53.0192
47.6131,47.3002,52.5831
26.5785,38.2724,52.8871
48.0046,32.025,52.5776
37.3805,50.0879,50.7954
32.3699,29.5705,52.5328
49.4804,41.9834,52.4075
28.8494,45.0695,52.0487
41.7636,28.1046,52.301
44.0533,50.2233,52.5462
29.3941,35.8864,51.0955
48.8823,35.7163,52.5831
35.1578,46.728,49.4046
35.1739,26.5681,53.3556
49.6123,45.5912,52.9725
26.9046,41.2042,52.8845
45.8806,29.7057,52.8587
40.0527,50.4938,51.6483
32.4777,32.394,51.3258
47.9432,40.0392,52.1485
30.9093,46.4138,50.5115
40.0416,25.9787,53.419
45.8314,47.9271,51.8041
27.2157,36.3662,52.7374
49.0546,33.5262,53.1647
37.2273,48.2155,50.1982
32.7745,28.4702,53.2426
50.2321,42.8114,53.2715
27.7676,43.2536,52.5869
43.0231,29.1889,52.9389
42.391,50.9166,52.514
30.4168,34.1928,51.8542
48.728,37.5185,52.7465
33.7802,46.8805,50.0306
36.8841,26.3502,53.5021
48.4942,46.9038,53.1418
27.4155,38.8987,52.6133
47.0937,31.4508,52.8272
38.2974,49.9002,51.3703
32.2548,30.6119,52.2996
48.4899,41.6497,52.3749
29.5945,46.0557,52.0638
41.5954,27.1404,53.1761
44.4328,49.1311,52.4471
28.9548,36.6517,51.7306
49.7865,35.4261,53.319
36.2827,46.7073,49.2934
34.2662,27.3854,53.4256
50.0753,44.7582,53.6349
27.8652,41.5242,52.6214
44.8467,29.7046,53.321
40.8995,49.9162,52.0171
32.0669,33.4447,51.1591
47.6448,39.0303,52.3538
31.8863,47.0248,50.9821
39.0815,26.4207,53.6643
46.3726,47.4188,52.7602
26.8258,37.2116,53.4218
48.2825,32.5825,53.5299
37.7625,48.9789,50.7031
32.0406,29.1701,53.446
49.85,41.8906,53.5675
28.5152,44.3885,53.1041
41.8964,29.0384,52.7933
43.0725,49.8404,52.8037
30.1754,35.3519,51.741
48.1904,36.5696,53.0306
34.6481,46.1,50.1318
35.9362,26.5315,54.1768
48.5196,45.7965,53.291
26.9819,40.3033,53.4919
45.9781,30.8212,53.3054
39.0054,50.38,52.1652
31.8217,31.7315,52.0769
48.6909,40.5771,52.6011
30.5697,45.7079,51.4781
40.6349,27.0168,53.97
44.7662,48.1355,52.0789
28.2465,36.4998,52.6028
49.3681,34.4222,53.7486
37.2445,47.1303,50.0841
33.185,27.8239,54.0873
49.7198,43.7553,53.476
28.5407,42.4778,52.5442
43.6629,30.0996,53.2787
41.3263,50.63,52.6641
31.3343,34.4911,51.363
47.4085,37.9842,52.4501
33.0089,46.7973,50.8224
38.1067,26.6281,53.8882
47.1489,47.3317,53.7057
27.6205,38.1293,53.3817
47.2925,32.4077,53.2737
37.2813,49.2916,51.6679
32.0548,30.2184,53.4249
48.7647,41.6,53.4545
29.2753,45.2001,52.9309
42.0668,28.4422,53.6602
43.5584,49.0028,53.3214
29.4059,35.8269,52.2927
49.2191,36.3381,53.4757
35.7772,45.921,49.9692
34.9471,27.321,54.3639
49.3881,45.7889,54.0429
27.7584,41.0786,53.5865
44.9375,30.6976,53.0927
39.8556,49.5777,52.2608
32.2223,32.7168,52.3027
48.4841,39.481,52.9227
31.069,46.5555,51.8194
39.816,26.3668,54.5534
45.3465,47.1628,52.7669
27.8476,36.9501,53.5586
48.4874,33.7569,54.1221
38.1623,47.5366,50.777
32.3252,28.6441,54.3635
49.9308,42.9198,54.2481
28.5077,43.2425,53.461
42.3837,30.0655,53.2738
42.0283,49.8556,53.0187
31.2642,35.1069,52.1618
47.7874,37.4845,53.3061
34.0037,46.9298,51.1117
36.9342,27.1801,54.1351
47.8871,46.4253,53.9639
27.3243,39.1951,53.7352
46.326,31.8204,53.8134
37.9114,49.8644,52.4832
31.9911,31.3141,53.163
49.235,40.5111,53.7775
30.2362,44.9316,52.4393
41.1428,27.935,53.9312
43.6093,48.4474,52.4606
29.7614,36.8657,52.6027
48.9937,35.4556,54.1447
36.8581,46.0857,50.2201
34.1712,28.1771,54.2136
49.21,44.6464,54.2767
28.8499,41.3273,52.8904
44.2784,30.8168,54.0292
40.3882,50.2704,52.9229
32.3352,33.8555,52.2285
47.7634,38.5257,53.4406
32.4728,46.8677,52.0162
38.7105,26.8976,54.7156
45.8322,47.4116,53.6837
27.2821,37.4174,54.4208
47.6262,32.7968,54.2765
37.7451,48.3175,51.5467
31.9888,29.7677,54.494
48.9974,42.2531,54.3524
29.494,43.8441,53.4513
41.7124,29.4882,53.8746
42.6721,49.3901,53.765
30.4145,35.2227,52.7907
48.4494,36.9935,54.0493
35.408,46.3073,50.9657
35.9418,27.6537,54.4578
48.1004,45.4262,54.1881
28.278,40.1109,53.4394
45.1536,31.4267,53.9071
38.8459,49.3925,52.5413
32.7868,32.0231,52.9182
48.2185,40.3518,53.4915
30.9637,45.6709,52.6609
40.5975,27.5378,54.9087
44.1978,47.3345,52.6181
29.0298,36.7257,53.4616
48.7274,34.5639,54.6922
37.761,46.44,51.1139
33.3216,28.9077,54.1668
49.0475,43.566,54.4964
29.0149,42.0786,53.6691
43.9239,29.5556,54.3022
41.2764,50.1408,53.6665
31.4487,34.0169,52.8654
46.7472,37.5703,53.5715
33.4427,46.0205,51.6817
38.0389,27.7196,54.1824
46.5789,46.4463,53.8987
27.7359,38.3295,54.4808
47.1961,31.7476,54.4775
37.6682,48.7895,52.5482
32.1296,30.8127,54.3364
48.4809,41.3343,54.5139
30.1643,44.8669,53.5003
41.3279,28.8014,54.5838
42.6835,48.5189,52.9504
30.4126,36.1628,53.1729
49.0365,36.35,54.6931
36.3888,45.4999,50.9907
35.3139,28.4727,54.2905
48.5418,45.0415,55.0287
28.6815,40.8631,54.0463
45.3291,30.5468,54.4459
39.8489,49.4281,53.3775
32.972,33.1402,52.8338
47.3441,39.6078,53.546
31.9537,45.9996,52.6959
39.4976,27.3536,55.1739
44.6191,47.1626,53.5418
28.3017,36.8369,54.522
47.5687,33.8131,54.6899
37.5358,47.2978,51.8603
33.0139,30.0056,54.5268
49.4108,42.7932,55.2161
29.0812,43.1823,54.4518
42.7896,29.6895,54.2896
41.6472,49.1148,53.7346
31.463,35.0574,53.3021
47.2615,36.795,53.9823
34.5559,45.9926,51.48
36.7269,28.2997,54.1974
47.2433,46.5712,54.8507
28.5685,39.2925,54.1247
45.7333,32.2767,54.5235
37.9299,49.1543,53.5402
33.006,31.5321,54.1081
48.7333,40.2885,54.7127
30.9426,44.3816,52.9539
40.2857,28.7149,54.5646
43.3198,47.697,53.1271
30.448,37.2136,53.5716
48.0888,35.5129,54.875
37.3845,45.4698,51.423
34.414,29.3164,54.5261
48.5479,43.9595,55.4685
29.917,41.2852,53.7176
44.4542,30.2573,55.0865
40.5204,49.7884,54.4169
32.3143,33.6775,53.6155
46.7392,38.7617,54.05
33.1078,46.2819,52.733
38.3305,28.3041,55.3605
45.5503,46.4631,54.1512
27.9406,37.6055,55.4191
46.6086,33.0355,54.255
36.9612,47.8773,52.5035
32.3451,30.4767,55.3515
49.0451,41.6814,55.4016
30.1245,43.7621,54.2614
42.1103,29.4618,55.1168
41.7385,48.0363,53.4104
30.3317,35.2237,53.9714
47.9979,36.6597,55.0711
35.6852,45.8632,51.8956
36.2721,28.4942,55.1194
47.4363,45.5301,55.2177
29.4357,40.0253,54.0818
45.2753,31.4148,55.0389
38.9235,48.662,53.5616
33.5028,32.9291,53.7415
47.6328,40.2607,54.5476
31.6202,45.0412,53.4156
40.2499,28.3675,55.6754
43.1153,46.6119,53.5091
29.4956,37.0935,54.3865
47.0043,34.8291,54.5832
37.6751,46.222,52.1395
33.6192,29.5607,55.2448
48.2833,42.9588,54.8858
30.0441,42.6448,54.4029
43.3638,29.9804,55.1941
41.4676,49.5097,54.8225
31.5868,34.3062,54.0142
47.3664,37.7817,54.4269
33.8613,45.22,52.4029
37.8125,28.7401,54.4901
46.1345,46.5098,55.1093
28.5256,38.8156,55.0518
46.6511,32.4546,55.379
37.5201,48.1389,53.3781
32.3715,31.6967,55.0237
48.8249,40.6398,55.7745
30.8096,43.3754,53.6342
41.0893,29.8537,54.8362
42.6885,47.7908,54.1156
30.553,36.3502,54.2731
48.2724,35.8626,55.9
36.5612,45.1995,52.0834
35.3648,29.3002,55.019
47.6803,44.3453,54.6872
29.5109,41.0597,54.8045
45.1677,30.631,55.7848
39.9556,48.7035,54.2157
33.4481,34.0016,53.9642
47.3256,39.2319,54.8111
32.601,45.4338,53.3275
39.2477,28.7647,55.6924
44.5545,46.17,54.1319
28.9838,37.6749,55.1195
46.2998,34.0084,54.8401
37.9183,47.035,52.8
33.4092,30.6129,55.2502
48.4734,42.3717,55.9894
30.2503,43.2215,55.2364
42.543,29.9635,55.9721
41.7283,48.3707,54.5116
31.575,35.4155,54.3496
46.9569,37.0581,55.0864
34.9104,45.6354,52.4759
37.0504,28.9383,55.8101
46.5405,45.5082,54.7277
29.7592,39.4396,54.9162
45.3979,32.2243,55.759
37.6189,48.3673,54.392
32.4951,32.5497,54.3208
48.0797,39.7586,55.3421
31.785,44.0122,53.578
40.6121,29.3724,55.6739
43.5658,47.1604,54.5298
30.4444,37.4085,54.835
47.4144,35.0906,55.5537
37.1509,45.5194,52.8095
34.575,29.4539,55.6531
47.5341,43.5211,55.6147
30.5781,41.5289,54.6964
43.8711,30.632,55.9049
40.2936,48.9095,55.2297
32.5956,34.564,54.32
46.709,38.403,55.2363
33.7086,45.6136,53.3549
38.7183,29.4774,55.1908
44.9401,46.3379,55.2186
28.9071,38.0334,56.1087
45.8971,33.1627,55.382
37.1326,47.1448,53.8496
32.6264,31.3619,56.0573
48.6964,41.4021,56.5448
31.1157,42.5109,54.2364
41.6431,30.3522,55.5988
41.632,47.2947,54.532
30.7803,35.2333,55.0816
47.9626,36.8555,56.0757
35.752,44.828,52.7696
36.5772,29.5952,54.9572
46.757,44.6303,55.2752
29.294,40.209,55.4142
45.6474,31.4892,56.6032
38.6707,48.2807,54.6772
33.4634,33.0775,54.8083
46.9957,39.9447,55.7275
32.1201,44.6956,54.4411
39.8406,29.3897,56.4201
43.3754,45.8154,54.2331
29.855,36.8105,55.5004
46.3648,35.2021,55.3792
36.9956,46.5601,52.9334
34.4677,30.4618,55.2869
47.6409,42.2246,55.3312
29.834,42.2836,55.4189
42.8439,31.009,55.5153
40.5971,48.0562,54.7463
31.7905,34.3753,55.0974
47.5319,37.8074,55.6254
34.5512,44.7349,53.1663
37.6153,29.8412,55.3567
45.6145,45.555,55.554
29.3504,39.0612,55.8641
46.232,32.466,56.4486
38.1446,47.473,54.0771
33.4505,31.9622,55.0442
47.7786,40.6935,55.9941
31.7548,43.3815,54.5466
41.0009,30.3382,56.5037
42.378,46.5464,54.8362
30.9501,36.4874,55.4087
47.0818,36.0864,55.8814
36.1107,45.7844,53.1254
35.5873,29.9013,55.8505
46.3282,43.0052,55.3269
30.4755,40.7415,55.4738
44.4639,31.5985,56.0393
39.5971,47.8701,55.0996
32.4481,33.6102,54.6864
47.1972,38.7087,56.0849
33.0857,44.713,53.9405
38.9248,29.8772,56.2412
44.355,45.5058,54.8779
29.9578,38.006,55.9548
46.2953,34.0078,55.9998
37.8765,46.3056,53.6477
33.9165,31.267,55.9164
47.6581,41.7875,56.2578
31.2222,42.6501,55.2887
42.1336,30.9341,56.3981
41.3639,47.8726,55.4734
31.7018,35.6288,55.4532
46.9946,37.1499,56.4129
35.1655,45.4133,53.6587
36.828,30.097,55.9481
45.8249,44.1352,55.4927
30.4479,39.6803,55.7557
45.0401,32.3993,56.7695
38.4917,47.519,55.4108
32.536,32.7347,55.3886
47.6224,39.6583,56.5361
32.6666,43.7703,54.1485
40.0861,30.2687,55.7135
43.405,46.2725,55.3098
30.5048,37.1045,56.3451
46.6471,35.2456,56.421
36.9269,46.0142,53.93
34.8884,30.6105,56.2428
46.8863,42.5564,56.2123
30.9655,41.5778,55.8568
43.1868,31.5112,56.3687
40.3359,47.9426,55.8738
32.6618,34.6651,55.6772
46.4348,38.0293,56.4598
34.3284,45.1193,54.2172
37.8249,30.1451,56.3403
44.8005,44.8827,55.7573
30.3392,38.8395,56.6003
45.5814,33.3982,56.524
37.9828,46.5351,54.7141
33.3595,32.219,56.1725
47.6657,40.9161,57.0835
32.2077,42.4091,54.8289
41.0274,31.3311,55.7571
42.2674,46.9007,55.8083
31.4134,36.3692,56.4384
46.8063,36.194,56.9501
36.1342,45.0996,53.9384
36.1578,30.8414,56.3407
46.1279,43.5835,56.4057
31.4334,40.663,56.2787
43.9814,32.279,56.7336
40.1616,46.8358,55.4222
32.2295,33.6821,55.8452
46.617,38.9709,57.0339
33.6088,43.8957,54.6396
39.1928,30.9935,56.0793
43.5732,45.1731,55.7856
30.4404,37.9245,57.062
45.9361,34.626,56.7754
37.9984,45.5196,54.3638
34.0383,31.9304,57.0826
46.6887,41.6494,56.7416
31.6732,42.5674,56.1539
41.9808,32.0597,56.0917
41.1019,47.102,56.169
32.1142,35.5053,56.414
46.1734,37.1071,56.9897
35.1215,44.3965,54.1709
37.1527,31.1358,56.0831
45.0169,44.2199,56.6343
30.8464,39.8104,56.9878
44.3373,33.2789,56.7667
38.9467,46.2797,55.2303
33.3417,33.2957,56.0833
46.4983,40.0234,57.0693
32.685,43.3494,55.0747
40.0879,31.5429,56.4001
42.6798,46.1066,56.4759
30.5096,36.8503,57.3821
45.9942,35.2143,57.6646
37.1182,44.9359,54.3641
35.1875,31.5156,56.8949
45.9806,42.5751,56.8288
31.1051,41.7418,56.9088
42.9383,32.5044,56.6379
39.847,47.298,56.8136
32.3413,34.5097,56.7143
45.9815,38.0372,57.5237
34.7405,43.993,55.0797
38.1874,31.3595,56.0981
44.1035,44.9905,56.6288
30.1641,38.9206,57.8051
44.8991,34.2651,56.8526
38.2173,45.4885,55.3729
34.1341,33.1441,56.7581
46.4364,40.9776,57.5541
32.7292,42.6462,55.9914
40.9981,32.2056,56.3713
41.5765,46.3254,56.8312
31.2264,35.9557,57.7701
45.8798,36.2054,57.4974
36.157,44.2095,54.7312
36.2675,31.7874,56.8562
45.0024,42.9233,56.3118
30.8493,40.8333,57.4502
43.3989,33.0708,57.4463
39.3909,46.2554,56.1952
33.1658,33.8497,56.8913
45.6306,39.1264,57.5565
33.7936,43.7457,55.6655
38.9868,32.2098,56.0515
43.1293,45.3441,57.3149
30.5581,37.9493,58.0848
45.2275,35.3752,56.6715
37.9346,44.333,54.6938
34.5757,32.658,57.6979
45.9728,42.0004,57.8922
32.1863,41.7091,56.4752
41.711,33.014,56.413
40.5521,46.6948,57.1938
31.9839,35.3544,57.4322
46.1224,37.0366,58.1872
35.0723,45.0365,55.1637
37.5338,31.5279,57.0608
44.118,43.4036,56.4844
30.602,39.8832,58.0039
43.9087,34.0125,57.5502
39.2324,45.2706,55.8389
33.985,34.1841,56.2559
46.183,40.1207,58.0847
32.7839,43.6957,56.2594
40.1845,32.3745,57.1322
41.9543,45.3633,57.0375
31.2566,36.8659,58.3257
44.8686,35.7272,57.7425
36.925,44.6207,55.4058
35.6363,32.1864,57.6253
45.0137,42.3426,57.3537
31.8948,41.4744,57.6808
42.3621,33.2808,57.2598
39.6366,46.4613,57.5239
32.6642,34.6746,57.9552
45.977,38.3069,58.6471
34.5334,44.5795,56.0124
37.9746,32.5246,56.3617
43.335,44.3342,56.8888
31.2537,38.7303,58.0625
44.0345,34.9766,57.0349
38.6993,44.3949,55.5971
35.0893,33.7937,56.8101
45.344,40.9301,57.8046
32.8688,42.9841,57.1676
41.0444,33.1176,57.1953
40.7545,45.4815,56.9903
32.2122,36.544,57.2845
44.9439,36.9038,57.55
35.8811,44.6233,55.9959
36.8345,31.9449,57.8388
44.1028,43.2011,57.4999
31.9238,40.2863,57.467
42.9594,34.0679,56.8258
39.6511,45.3589,56.8488
33.5103,34.789,57.448
45.4397,39.4749,58.5466
33.9253,43.9802,56.7391
39.1012,32.742,56.9971
42.2932,44.3528,57.3705
31.9281,37.822,58.0552
44.3031,36.0438,56.8017
37.7629,43.9187,56.0035
35.5935,33.3241,57.6629
44.6283,41.6569,58.2814
32.8389,41.9279,57.401
41.4087,34.0752,56.6531
40.2645,45.7004,58.0778
32.8173,35.9809,57.8859
45.1884,37.3838,58.7174
35.3067,43.7907,56.2129
37.7122,32.6225,57.508
42.8865,43.2623,56.8134
32.1234,39.3428,58.042
43.1411,34.8197,57.7668
38.5727,45.1265,56.6627
35.0651,34.8868,56.8566
44.9725,40.5352,58.6777
33.7333,42.9707,56.4555
40.0453,33.3512,57.6984
41.0732,44.5307,57.4019
32.5968,36.9931,58.3177
43.9923,36.4855,57.8666
36.5509,43.7072,55.9351
36.4423,33.012,58.0751
43.8625,42.0541,57.1505
32.9996,40.8509,58.0101
42.083,34.3206,57.8049
39.1168,45.6697,58.0228
33.6099,35.3978,58.3171
44.8596,38.5328,58.2602
34.8571,44.1907,57.1468
38.0842,33.4739,56.89
43.0605,43.8115,57.9134
32.6552,38.7465,57.3648
43.0809,35.7158,56.5651
38.501,43.9699,56.6588
35.1885,34.3403,57.7598
44.2616,40.4496,57.9677
33.9235,42.2248,57.433
40.3455,33.9088,56.8412
41.1784,45.361,58.4709
33.2509,37.0431,57.4184
44.2536,37.522,58.1463
36.0082,44.3107,57.1325
37.1558,33.5137,57.4074
43.2252,42.7167,57.8689
33.0161,39.7738,57.6321
42.2978,35.0048,57.0059
39.1684,44.719,57.5347
34.4517,35.4095,57.5893
44.3347,39.526,58.4345
34.3727,43.1897,57.3023
39.1786,33.8502,57.3145
41.81,44.1627,58.2594
33.0727,37.9759,57.842
43.2629,36.5921,57.1114
37.2316,44.3356,56.8492
36.2893,34.1844,57.6637
43.5108,41.4636,57.9407
33.5833,41.0655,57.0762
41.04,34.4918,57.5617
39.6144,45,58.7422
33.8481,36.2518,57.8001
43.896,38.4238,58.6801
35.5747,43.3685,57.1913
38.2343,33.7377,58.0191
42.0353,43.0804,57.7992
33.7504,39.0642,57.4123
42.6836,35.7323,57.6685
38.0583,44.71,57.5859
35.6176,35.3628,57.8223
43.7629,40.5464,58.8841
34.5973,41.8758,56.4171
39.8146,34.8143,57.7917
40.8311,44.3052,58.6571
33.9236,37.3885,58.2788
43.1279,37.7422,57.7734
36.6822,43.4451,57.1061
37.2459,34.1341,58.3012
42.5179,41.8734,57.6437
34.0497,40.0845,57.3843
41.624,35.4031,57.9132
38.6139,44.6535,58.5145
34.6979,35.8452,58.5638
43.3176,39.4128,58.9344
35.2159,42.1252,57.4254
38.7273,34.6563,57.8619
40.9882,43.5785,57.7735
33.9543,38.502,58.3298
42.9728,36.6209,58.1493
37.2217,43.8899,58.0721
36.3102,34.9178,58.4636
42.6025,41.5264,58.6985
34.6405,40.8239,56.7547
40.4698,35.5246,57.5336
39.824,43.906,58.868
34.7457,36.6805,57.5971
42.8661,38.3146,58.6201
36.1028,42.489,56.8634
38.0797,34.3766,58.8761
41.4812,42.2367,57.4845
34.6091,39.3489,57.9973
42.1701,36.1071,58.6811
38.3731,43.6761,58.2258
35.6549,35.6662,58.9952
42.3701,40.398,59.1817
35.6727,41.5154,56.7693
39.2786,35.6703,57.843
40.4443,43.1224,58.5778
34.6935,37.9615,57.7658
42.0128,37.2888,58.025
36.7255,42.6694,57.8965
37.6505,35.1161,58.0446
41.819,41.004,57.1592
35.0339,39.7125,57.1004
40.9256,36.3611,57.8614
38.8952,43.3367,59.1667
35.4863,36.5456,58.3432
42.2319,39.3275,58.7762
36.322,41.6554,57.6653
39.1022,35.0947,58.7016
40.4234,42.3957,57.7225
35.2184,38.7146,58.6792
42.6485,37.1575,59.0035
37.9982,42.8479,57.4835
36.9611,35.8482,58.7615
42.1921,40.6361,58.0294
35.9271,40.453,57.4039
40.0987,35.5986,58.6787
39.5167,42.6007,58.8181
35.6299,37.5545,57.9832
41.8225,38.4433,58.1703
37.1781,41.9742,57.0363
38.1949,35.4939,58.9789
41.2146,41.4424,58.1956
35.6542,39.5202,57.9547
41.198,36.6067,58.8693
38.5072,42.6208,58.506
36.5268,36.6585,58.2436
41.3026,39.8664,59.1109
36.7645,40.8806,56.9483
39.2462,36.2067,58.9395
40.4571,41.8957,58.7268
36.1195,38.5364,58.0894
41.398,37.7936,58.816
37.4897,42.0698,58.3702
37.6962,36.3811,58.0596
41.2217,40.3267,58.0835
36.5487,39.5913,57.3569
40.1158,36.8162,58.5379
39.2106,41.5733,59.1553
36.3576,37.5635,58.8569
41.0704,39.2378,58.1899
37.5528,41.2281,57.7322
38.2633,36.6061,59.2133
40.3238,40.71,58.7464
36.3982,39.5611,58.7128
40.3896,37.5877,59.6358
38.4693,41.5827,58.3037
37.3892,37.1609,58.6956
40.2699,39.6302,58.8876
36.9965,40.4065,58.0529
39.3779,37.3592,59.0998
39.3916,41.0249,58.1277
36.927,38.5548,58.8484
40.6486,38.6274,59.0914
37.5365,41.008,58.7895
38.4515,37.2255,58.3364
40.224,39.8967,57.8124
37.4296,39.4936,58.3239
40.1187,37.8394,58.511
38.5022,40.5243,58.6827
37.8438,38.1296,58.2998
39.9989,38.8686,58.1104
37.9686,40.178,57.6584
39.1386,38.08,58.3031
39.1045,39.9395,57.7962
38.4235,39.1336,58.3275
31.5,33.5,38.5
28.5,36.5,39.5
38.5,35.5,31.5
43.9328,41.8338,52.0779
41.5,41.5,31.5
41.7208,32.7959,39.3072
42.047,32.2012,40.0715
40.5,28.5,39.5
46.9366,41.6989,48.8678
45.4933,41.7865,40.5041
41.0651,37.7673,41.0471
37.5,32.5,30.5
36.5,31.5,37.5
41.5,36.5,50.5
49.5,44.5,34.5
48.5,34.5,42.5
45.9414,43.3628,46.6641
36.5,36.5,37.5
31.5,31.5,35.5
39.5,37.5,30.5
33.5,44.5,41.5
51.5,37.5,37.5
31.5,34.5,34.5
42.5,32.5,40.5
45.5,35.5,30.5
35.5,42.5,42.5
36.5,36.5,35.5
32.5,31.5,36.5
35.5,47.5,47.5
44.5,45.5,41.5
39.5,30.5,34.5
36.5,46.5,36.5
40.7411,30.7264,30.9802
42.5,33.5,42.5
32.5,40.5,40.5
39.5,37.5,34.5
41.4625,33.146,43.0137
40.5,41.5,48.5
45.7442,42.0471,41.4421
33.5,35.5,34.5
45.8383,41.609,37.3412
45.9108,42.9515,44.5006
36.5,37.5,41.5
46.5,39.5,38.5
40.5,41.5,40.5
38.5,41.5,47.5
46.5,40.5,33.5
41.5,43.5,28.5
39.5,48.5,45.5
43.7738,43.1278,40.3576
38.5,44.5,46.5
34.5,45.5,36.5
40.0477,37.9182,46.4072
42.4516,30.9269,41.6835
39.5,27.5,37.5
34.5,44.5,33.5
31.5,39.5,36.5
30.5,33.5,35.5
33.5,44.5,34.5
42.5,38.5,35.5
46.5,43.5,33.5
42.5,38.5,47.5
41.5,43.5,50.5
33.0601,45.3665,38.9954
42.6802,30.4868,42.569
35.5,42.5,31.5
43.5,32.5,44.5
39.3056,40.0288,46.5351
48.5,35.5,40.5
35.5,34.5,37.5
34.5,36.5,48.5
38.5,42.5,49.5
35.5,33.5,44.5
39.5,48.5,35.5
46.5,41.5,37.5
37.169,34.8632,55.5229
42.5,39.5,39.5
30.5,40.5,42.5
36.3626,33.6515,42.7265
48.5,31.5,40.5
39.5,45.5,38.5
43.9281,43.6068,47.4847
48.5,39.5,41.5
38.5,34.5,48.5
38.1212,40.9877,49.3062
40.5,46.5,35.5
38.1981,38.1986,54.0628
43.9162,43.6457,49.434
44.3781,42.2371,35.328
36.5,42.5,39.5
35.5,46.5,32.5
42.8727,35.7312,33.054
30.5,37.5,37.5
46.5,32.5,45.5
39.5,43.5,40.5
39.5,30.5,36.5
49.5,39.5,37.5
38.663,35.8678,54.6781
39.5,39.5,39.5
39.4458,34.3185,38.4497
45.0011,42.3359,53.7206
36.5,51.5,40.5
44.5,34.5,31.5
46.5,41.5,38.5
45.5254,44.5862,43.4345
37.5,45.5,46.5
43.5,30.5,39.5
43.446,43.8703,52.5224
45.1926,40.383,35.8509
43.5,47.5,33.5
40.5,44.5,41.5
38.5,30.5,34.5
40.5,32.5,46.5
31.5,36.5,48.5
42.7607,35.6605,29.4452
40.5,42.5,51.5
43.5,41.5,31.5
47.5,37.5,39.5
43.5,29.5,34.5
42.7296,36.4001,38.7808
38.5,43.5,34.5
44.5,47.5,46.5
37.5,39.5,37.5
32.5,38.5,46.5
41.5,35.5,30.5
37.5,32.5,34.5
41.5,41.5,33.5
42.6618,33.2234,44.6894
43.5,32.5,42.5
30.5,36.5,44.5
49.5,42.5,40.5
48.5,35.5,39.5
35.5,44.5,43.5
34.5,38.5,45.5
40.9774,34.3955,36.7901
36.5,29.5,37.5
46.5,47.5,45.5
34.5,29.5,35.5
27.5,41.5,39.5
40.2946,35.7529,40.6455
45.3772,40.1441,42.1049
42.8554,33.9173,30.5745
43.5,48.5,38.5
44.5,33.5,48.5
40.5,37.5,46.5
32.5,35.5,33.5
29.5,43.5,34.5
45.0988,41.4684,39.615
38.5,31.5,30.5
41.4524,35.8813,41.9306
41.5,33.5,42.5
39.5,45.5,39.5
40.0524,44.1753,29.2965
44.5,42.5,31.5
28.5,40.5,35.5
45.5,43.5,41.5
32.5,48.5,40.5
32.5,49.5,42.5
46.5,44.5,40.5
37.9319,35.3503,55.0793
44.774,41.7004,47.028
42.2973,35.157,28.6589
45.5,48.5,44.5
35.5,43.5,50.5
43.5,44.5,33.5
41.5,42.5,45.5
39.5,42.5,36.5
51.5,41.5,36.5
45.5,31.5,34.5
43.5,45.5,48.5
44.5,46.5,40.5
47.5,40.5,44.5
34.5,31.5,43.5
36.5,35.5,40.5
40.5,49.5,33.5
42.5273,42.4715,45.4242
40.5,48.5,40.5
41.5,30.5,31.5
44.5,38.5,37.5
47.5,43.5,35.5
39.5,48.5,46.5
42.3431,39.8953,34.3972
30.5,33.5,34.5
41.5,46.5,35.5
34.5,37.5,36.5
35.5,31.5,42.5
42.5,38.5,39.5
42.5,48.5,36.5
43.7084,43.6518,44.4441
44.5,48.5,43.5
38.5,34.5,40.5
42.307,39.5972,33.425
40.5,41.5,42.5
40.5,28.5,40.5
32.5,37.5,40.5
40.5,38.5,49.5
33.5,36.5,30.5
32.5,33.5,46.5
46.8888,41.5986,49.9045
41.5,46.5,38.5
36.5,28.5,38.5
35.5,30.5,38.5
35.5,29.5,42.5
41.5,41.5,48.5
35.5,30.5,44.5
37.5,35.5,35.5
38.5,45.5,39.5
43.5,39.5,48.5
42.5,33.5,37.5
40.203,39.2702,54.5081
29.5,40.5,46.5
46.5689,41.3718,45.8863
40.5,39.5,39.5
42.5,33.5,44.5
34.5,35.5,38.5
46.5,33.5,32.5
40.5,41.5,47.5
42.6403,41.8574,31.1744
34.5,39.5,36.5
42.9212,35.0947,32.3139
38.6246,43.1337,31.6665
37.5,45.5,39.5
43.5,39.5,28.5
40.1425,33.629,40.2577
30.5,36.5,33.5
46.4292,40.9915,44.9294
44.5,38.5,40.5
33.5,41.5,41.5
39.5,45.5,42.5
51.5,41.5,40.5
35.5,47.5,33.5
38.5,33.5,31.5
40.5,37.5,28.5
39.5,40.5,32.5
45.192,45.1254,45.4666
44.6157,40.9775,38.8376
43.7054,43.6369,51.5356
41.5,36.5,33.5
43.8043,43.0627,39.3172
37.5,48.5,42.5
32.5,44.5,38.5
28.5,42.5,38.5
38.5,47.5,35.5
29.5,40.5,35.5
46.5,41.5,31.5
39.0678,37.2704,56.6339
37.5,46.5,38.5
50.5,44.5,43.5
33.5,45.5,41.5
45.5,45.5,42.5
48.5,34.5,45.5
39.5,28.5,42.5
42.2113,31.5311,40.8691
46.5,46.5,32.5
31.5,43.5,45.5
42.5,28.5,39.5
32.5,34.5,41.5
50.5,41.5,37.5
35.5,38.5,45.5
43.5,51.5,40.5
45.0497,42.7493,51.7095
44.4338,41.7055,44.9428
32.5,49.5,38.5
34.5,44.5,39.5
49.5,44.5,37.5
44.5,43.5,36.5
37.739,39.2968,50.7926
36.5,36.5,49.5
33.5,42.5,45.5
39.5,47.5,36.5
38.5,38.5,27.5
35.8149,33.0206,43.3312
45.5,43.5,46.5
28.5,42.5,40.5
28.5,43.5,43.5
41.45,33.2598,38.4444
36.5,32.5,43.5
46.8795,41.5848,47.8849
34.5,32.5,39.5
46.5,44.5,35.5
32.5,48.5,39.5
40.5,27.5,38.5
33.5,32.5,46.5
43.8226,36.9264,37.1616
33.5,35.5,45.5
46.5,40.5,38.5
45.5,42.5,43.5
34.5,44.5,38.5
43.5,33.5,36.5
42.0182,34.3188,34.631
43.6775,41.3037,42.092
39.5,46.5,46.5
50.5,39.5,44.5
35.5,35.5,45.5
43.5,29.5,39.5
28.5,40.5,34.5
33.5,36.5,38.5
35.5,34.5,31.5
42.5,43.5,36.5
42.3258,42.1394,36.2933
29.5,41.5,40.5
41.2581,40.5165,53.1364
45.5,35.5,43.5
46.5,37.5,49.5
47.5,36.5,47.5
45.6848,44.4283,42.418
45.7643,40.3647,43.0201
37.5,36.5,29.5
29.5,45.5,42.5
38.5,50.5,33.5
45.5,45.5,43.5
40.1978,37.565,37.1563
43.5,38.5,37.5
43.9363,37.5347,38.0241
36.5,49.5,37.5
33.5,41.5,43.5
33.5,38.5,35.5
44.5,41.5,40.5
42.5,49.5,44.5
37.5,44.5,50.5
32.5,32.5,45.5
29.5,34.5,37.5
45.8972,43.3178,47.6825
42.5,40.5,51.5
42.3508,42.5504,44.392
41.5,38.5,51.5
38.5,38.5,37.5
33.5,37.5,44.5
44.9555,39.9762,41.1779
38.5,30.5,32.5
36.5,39.5,35.5
41.5,45.5,46.5
35.5,42.5,41.5
45.5,42.5,39.5
31.5,32.5,39.5
40.5,35.5,45.5
36.5,42.5,33.5
45.5,44.5,34.5
38.9565,35.5159,36.7984
42.4776,41.9993,34.2413
41.5,28.5,39.5
35.5,38.5,38.5
44.5,39.5,46.5
44.4902,42.0614,34.323
46.5,49.5,37.5
31.5,36.5,39.5
44.5,36.5,34.5
30.5,40.5,34.5
36.5,39.5,40.5
45.5,39.5,33.5
35.5,45.5,48.5
43.9062,42.821,38.3462
41.5,44.5,35.5
43.1209,35.5009,35.8678
35.5,39.5,43.5
43.3176,35.952,38.0592
46.5,48.5,42.5
34.5,42.5,44.5
29.5,36.5,39.5
45.5,37.5,41.5
34.5,35.5,45.5
37.5,41.5,32.5
44.8033,39.8515,35.0827
36.5,40.5,49.5
37.5,41.5,42.5
44.5,44.5,34.5
46.5,35.5,37.5
35.5,37.5,35.5
39.5,32.5,45.5
42.1635,42.5208,43.3737
43.9565,45.7033,49.2984
37.5,43.5,43.5
37.8236,34.6783,41.5308
48.5,35.5,46.5
40.5,29.5,37.5
42.5,43.5,40.5
43.7345,45.8652,52.4283
31.5,44.5,43.5
39.5,50.5,35.5
39.5,47.5,34.5
49.5,45.5,41.5
47.5,44.5,46.5
43.8882,43.6473,50.5012
28.5,38.5,34.5
28.5,44.5,39.5
33.5,46.5,41.5
34.5,46.5,32.5
40.5,33.5,45.5
38.5054,41.2062,32.5642
42.5,44.5,29.5
43.9598,40.1915,52.1584
43.5,31.5,38.5
33.5,35.5,44.5
44.5,38.5,46.5
35.5,45.5,34.5
33.5,35.5,35.5
44.5,38.5,36.5
41.5,41.5,30.5
39.5,43.5,49.5
36.5,36.5,42.5
41.5,47.5,34.5
49.5,38.5,32.5
40.5,37.5,44.5
44.5,32.5,41.5
43.9818,38.256,38.76
32.5,31.5,40.5
31.5,35.5,35.5
37.5,49.5,39.5
43.8133,43.6221,45.4587
31.5,46.5,40.5
41.5,29.5,44.5
36.5,30.5,34.5
37.2679,39.583,51.6491
39.5,42.5,35.5
44.4084,39.2593,34.2902
35.5,45.5,40.5
43.5,35.5,50.5
39.5,36.5,42.5
44.5,46.5,42.5
30.5,36.5,45.5
44.3816,41.6789,51.1554
36.5,31.5,47.5
39.0391,39.2475,52.569
41.5,41.5,38.5
47.5,44.5,36.5
43.5,41.5,32.5
40.3874,38.4733,42.8244
37.5,35.5,34.5
47.5,38.5,48.5
44.5,32.5,35.5
30.5,35.5,37.5
42.5,37.5,33.5
45.5,44.5,32.5
43.5,36.5,41.5
47.5,32.5,45.5
46.5,34.5,41.5
34.5,38.5,30.5
37.5,40.5,35.5
39.5,38.5,38.5
37.6122,36.7649,40.4144
33.5,35.5,39.5
45.5,39.5,49.5
29.5,36.5,41.5
39.5,42.5,29.5
41.5,35.5,34.5
37.5,47.5,48.5
40.5,36.5,35.5
46.5,41.5,35.5
46.5,30.5,41.5
44.5,38.5,48.5
38.7217,44.0647,31.1622
50.5,40.5,37.5
40.7732,35.0419,36.0783
50.5,42.5,42.5
41.8438,42.4786,41.323
42.2703,41.5117,50.4458
40.5,42.5,34.5
38.5,46.5,35.5
44.5,39.5,40.5
39.7242,38.2544,47.314
45.5,37.5,49.5
45.5,43.5,49.5
40.2791,36.8024,37.8486
38.6473,38.6936,53.2869
36.0235,35.7984,41.3794
40.5,45.5,46.5
50.5,41.5,43.5
33.5,48.5,35.5
42.5,50.5,44.5
39.5,50.5,42.5
47.5,46.5,42.5
38.5114,40.7125,48.3411
38.5,31.5,48.5
40.5,50.5,40.5
36.5,49.5,44.5
39.5,39.5,50.5
41.5,47.5,31.5
41.5,36.5,51.5
36.5,49.5,43.5
40.7165,38.166,41.9146
46.5,46.5,46.5
44.9398,45.1961,46.4669
37.5,30.5,36.5
38.5187,42.1915,32.1302
43.5,34.5,30.5
37.5,50.5,41.5
35.5,33.5,41.5
38.5,50.5,35.5
29.5,38.5,36.5
33.5,30.5,44.5
42.5,34.5,36.5
40.5,36.5,33.5
41.5,36.5,37.5
30.5,32.5,42.5
49.5,42.5,46.5
38.5,28.5,36.5
29.5,36.5,42.5
41.9072,42.4045,40.3208
35.5,44.5,29.5
35.5,43.5,49.5
40.3422,37.4805,45.5256
50.5,33.5,40.5
42.5,48.5,37.5
43.5,30.5,45.5
34.2854,33.3588,40.4707
42.5,34.5,38.5
40.1623,39.6855,32.0936
42.7521,41.9279,48.4677
34.5,42.5,48.5
43.5,32.5,33.5
37.5,41.5,41.5
45.5,46.5,35.5
36.8851,36.5335,56.2456
30.5,40.5,40.5
41.2369,34.8611,44.4648
37.5,37.5,42.5
42.5,35.5,37.5
32.5,37.5,36.5
41.5,46.5,45.5
36.5,39.5,36.5
37.5,31.5,45.5
43.7899,43.4095,42.4341
43.9329,43.6378,48.4623
30.5,46.5,43.5
31.5,41.5,48.5
39.5,40.5,49.5
38.6343,39.405,33.5542
37.6545,37.7189,54.783
45.6389,40.9764,36.5893
32.5,37.5,31.5
29.5,43.5,41.5
33.5,40.5,41.5
32.5,47.5,36.5
42.4884,40.4442,39.4242
36.5,42.5,31.5
32.5,43.5,45.5
48.5,46.5,40.5
32.5,40.5,34.5
49.5,44.5,44.5
44.8067,41.7828,48.0354
42.6537,34.8856,35.1902
39.719,45.9006,28.2637
40.5,39.5,36.5
43.5,40.5,41.5
39.5,39.5,31.5
47.5,30.5,38.5
30.5,32.5,40.5
42.322,39.4098,32.3609
31.5,43.5,34.5
43.1219,36.1391,30.3068
37.5,48.5,44.5
40.5,38.5,34.5
43.5,32.5,41.5
45.5,41.5,44.5
46.5,39.5,33.5
41.5,42.5,39.5
34.5,39.5,50.5
29.5,43.5,38.5
40.5,29.5,34.5
33.5,39.5,48.5
40.5,38.5,46.5
47.5,39.5,41.5
35.5,45.5,32.5
41.889,34.6749,27.8949
38.5,48.5,34.5
36.5,37.5,43.5
40.5,44.5,35.5
45.5,29.5,41.5
47.5,43.5,42.5
42.5,46.5,36.5
38.5,39.5,35.5
46.5,31.5,38.5
42.0374,41.1818,51.4306
40.5,31.5,45.5
35.5,47.5,43.5
40.6004,35.7622,35.3982
38.5,39.5,30.5
34.5,29.5,37.5
38.5,43.5,46.5
31.5,33.5,37.5
34.5,43.5,49.5
36.5,31.5,42.5
44.5,38.5,50.5
37.5,43.5,44.5
34.693,34.4811,42.1285
42.5,42.5,37.5
30.5,42.5,34.5
36.5,36.5,40.5
39.5,39.5,44.5
37.5,38.5,41.5
40.5,43.5,29.5
34.5,47.5,44.5
46.5,32.5,38.5
51.5,38.5,39.5
34.5,41.5,37.5
45.8654,40.7635,52.6983
39.5,44.5,38.5
30.5,38.5,47.5
28.5,43.5,36.5
32.5,34.5,37.5
45.9181,43.3171,45.5975
41.5,39.5,27.5
35.5,43.5,39.5
39.5382,39.6791,45.5515
44.2762,42.4876,36.3086
44.0536,38.6894,33.5053
45.5,42.5,46.5
36.5,40.5,50.5
47.5,41.5,36.5
39.5,43.5,36.5
37.5,39.5,28.5
33.5,42.5,49.5
37.2955,37.1169,55.5039
32.5,34.5,46.5
46.5989,41.3731,50.8637
40.5108,33.3963,41.1768
35.5,38.5,36.5
33.5,46.5,46.5
37.5,40.5,44.5
41.5,34.5,42.5
44.5,37.5,42.5
48.5,33.5,44.5
29.5,43.5,40.5
48.5,39.5,43.5
38.5,49.5,43.5
42.4918,39.1521,30.3907
30.5,37.5,41.5
42.5,47.5,40.5
43.806,43.2274,41.4025
41.5,33.5,33.5
33.5,42.5,42.5
43.9707,43.6198,46.4617
37.5,43.5,29.5
33.5,47.5,42.5
29.5,44.5,37.5
49.5,33.5,41.5
35.5,34.5,39.5
30.5,40.5,44.5
42.5,42.5,31.5
38.5,44.5,49.5
37.5,38.5,32.5
32.5,41.5,45.5
42.5,42.5,42.5
39.5,39.5,36.5
40.5,35.5,35.5
39.5,35.5,46.5
47.5,31.5,43.5
44.5,39.5,50.5
32.5,45.5,41.5
41.5,37.5,46.5
40.5,47.5,38.5
36.5,36.5,45.5
38.7523,36.2094,36.1289
40.5,47.5,44.5
35.5,29.5,34.5
47.5,31.5,42.5
51.5,42.5,42.5
44.206,38.9746,39.4883
29.5,42.5,38.5
37.5,48.5,41.5
45.5,36.5,33.5
33.5,29.5,39.5
31.5,44.5,40.5
32.5,33.5,47.5
39.5,50.5,44.5
34.5,29.5,44.5
39.3498,38.5314,48.2424
41.5,36.5,31.5
45.5,48.5,45.5
49.5,41.5,41.5
35.5,44.5,33.5
47.5,42.5,41.5
44.5,49.5,42.5
37.5,50.5,45.5
30.5,41.5,38.5
38.5,34.5,29.5
44.6795,41.6186,50.1433
39.5,33.5,29.5
42.5,47.5,45.5
49.5,32.5,42.5
38.5,42.5,36.5
37.5,41.5,31.5
32.5,32.5,39.5
41.5,27.5,40.5
37.5,40.5,48.5
35.5,30.5,39.5
49.5,45.5,34.5
45.5,39.5,37.5
37.5,34.5,50.5
38.5,39.5,42.5
30.5,39.5,33.5
42.4065,39.0544,29.3558
46.5,35.5,46.5
45.5,40.5,29.5
39.5,44.5,46.5
39.5,48.5,41.5
42.5,38.5,36.5
38.5,27.5,37.5
39.6163,40.5506,51.2362
36.5,46.5,49.5
41.5,39.5,35.5
42.7483,37.0777,34.5929
44.5,43.5,34.5
46.5,44.5,32.5
28.5,37.5,44.5
39.5,45.5,47.5
42.2777,42.3032,55.7153
47.5,40.5,45.5
49.5,37.5,33.5
42.5,35.5,36.5
29.5,40.5,40.5
35.5,46.5,37.5
30.5,37.5,34.5
32.5,42.5,47.5
32.5,43.5,41.5
36.5,43.5,45.5
35.5,40.5,47.5
38.5,30.5,38.5
40.5,50.5,36.5
36.5,31.5,35.5
41.5,32.5,32.5
43.7925,38.0231,32.7557
34.5,45.5,42.5
38.6071,40.3295,33.1141
45.7605,43.664,39.4511
34.5,48.5,35.5
41.5,32.5,41.5
41.5,41.5,43.5
40.5,48.5,34.5
38.9034,38.8983,49.1258
31.5,31.5,39.5
36.8406,40.0263,52.5066
46.5,37.5,30.5
39.5,48.5,32.5
40.4442,35.5248,41.6203
37.5,39.5,30.5
34.5,40.5,46.5
38.5,33.5,30.5
41.7705,40.9098,52.3492
33.5,46.5,32.5
39.1478,34.8473,37.5979
38.5,40.5,43.5
48.5,41.5,38.5
48.5,45.5,46.5
48.5,43.5,47.5
44.5,28.5,41.5
30.5,46.5,35.5
33.5,46.5,43.5
38.5,30.5,44.5
49.5,34.5,37.5
39.5,51.5,39.5
46.5,31.5,40.5
49.5,46.5,38.5
40.5,40.5,49.5
42.5,48.5,43.5
38.5,45.5,32.5
46.5,46.5,42.5
44.2241,40.4537,38.1298
37.5,45.5,37.5
40.5,28.5,43.5
30.5,42.5,36.5
38.5,31.5,40.5
42.5,39.5,37.5
41.5,30.5,43.5
33.5,36.5,48.5
48.5,47.5,43.5
37.5,39.5,51.5
42.4043,39.292,31.3638
45.5,39.5,39.5
29.5,44.5,36.5
44.7798,41.7489,49.1217
38.5,33.5,50.5
48.5,33.5,38.5
39.5,39.5,27.5
47.5,39.5,33.5
48.5,33.5,45.5
44.5,32.5,46.5
44.5,49.5,45.5
38.5,43.5,28.5
37.5,48.5,47.5
38.5,46.5,34.5
43.8183,45.7181,51.4108
42.5107,41.8171,49.5054
40.3683,38.8287,32.6967
41.5,38.5,38.5
32.5,46.5,40.5
40.9593,33.2353,42.126
44.5,31.5,40.5
31.5,41.5,46.5
40.5,42.5,41.5
39.5,50.5,41.5
44.6505,45.3942,47.4303
44.5,41.5,32.5
43.5331,36.255,36.4394
47.5,48.5,35.5
38.9363,40.4284,47.4419
48.5,38.5,42.5
51.5,38.5,38.5
39.5,39.5,43.5
44.5,31.5,45.5
43.5,47.5,42.5
40.2169,43.2826,29.8951
41.8875,38.2201,53.3764
40.5,42.5,36.5
49.5,39.5,34.5
50.5,41.5,42.5
44.5,37.5,37.5
44.5,39.5,47.5
36.5,39.5,47.5
39.5,37.5,45.5
45.5,41.5,48.5
37.5,49.5,40.5
45.5,35.5,46.5
36.5,46.5,42.5
45.5,42.5,36.5
33.5,33.5,42.5
29.5,37.5,35.5
49.5,43.5,43.5
32.5,47.5,38.5
41.5,38.5,45.5
38.722,36.9681,35.4585
47.5386,43.242,40.8673
39.7758,33.9303,39.3033
36.5,42.5,48.5
43.5,36.5,35.5
50.5,37.5,36.5
49.5,47.5,39.5
44.5,39.5,48.5
29.5,33.5,37.5
40.5,29.5,42.5
35.5,38.5,34.5
38.6589,38.5717,34.234
33.5,43.5,46.5
43.7797,39.848,37.4475
44.4807,39.4994,40.3556
38.7085,37.7556,34.8188
42.5,29.5,37.5
28.5,41.5,43.5
39.5,30.5,41.5
34.5,45.5,30.5
34.5,36.5,38.5
36.5,48.5,35.5
41.5,42.5,28.5
47.5,39.5,30.5
44.5,43.5,48.5
33.5,42.5,44.5
38.5,33.5,39.5
34.5,49.5,43.5
38.5,39.5,46.5
33.5,34.5,42.5
46.7088,41.4979,46.8947
48.5,34.5,40.5
35.2856,33.104,40.3007
47.5,46.5,34.5
34.5,32.5,38.5
35.5,42.5,50.5
35.5,39.5,42.5
41.5,44.5,48.5
40.5,44.5,33.5
29.5,38.5,41.5
44.5116,41.9332,33.3019
35.5,40.5,43.5
39.5,37.5,38.5
46.5,47.5,41.5
30.5,38.5,45.5
32.5,32.5,46.5
42.5,47.5,31.5
37.5,42.5,46.5
43.5,37.5,39.5
42.7119,44.0884,54.3678
44.5,34.5,35.5
38.5,46.5,36.5
42.5,32.5,43.5
36.5,41.5,47.5
42.5,30.5,34.5
33.5,35.5,46.5
40.0835,41.4713,31.0367
43.5,48.5,45.5
38.5,27.5,40.5
31.5,32.5,42.5
38.5,47.5,41.5
45.7434,44.2996,41.3892
41.5,38.5,35.5
45.5,30.5,39.5
27.5,41.5,38.5
40.5,46.5,42.5
42.5,42.5,33.5
41.5,46.5,46.5
44.0396,42.698,37.3544
34.0446,33.8181,42.5836
44.1822,41.7186,43.9551
46.5,36.5,30.5
44.5,40.5,32.5
40.5,40.5,29.5
48.5,36.5,31.5
32.5,48.5,38.5
40.5,44.5,43.5
42.5,46.5,48.5
44.5,33.5,34.5
49.5,36.5,46.5
36.5,45.5,35.5
47.5,33.5,42.5
47.5,37.5,46.5
45.5,42.5,48.5
38.5,47.5,38.5
42.5,41.5,33.5
31.5,37.5,34.5
44.5,45.5,37.5
32.5,38.5,40.5
47.5,42.5,40.5
48.5,39.5,36.5
37.5,45.5,30.5
48.5,41.5,33.5
32.5,37.5,37.5
42.9007,34.508,31.4805
35.5,43.5,36.5
44.5,36.5,50.5
50.5,41.5,36.5
39.5,44.5,30.5
40.5,29.5,45.5
43.7575,45.7073,50.3334
45.5,35.5,34.5
46.5,42.5,44.5
48.5,48.5,40.5
41.5,33.5,30.5
42.7624,42.0068,47.4048
29.5,43.5,35.5
41.186,37.5819,53.6845
46.5,43.5,49.5
31.5,39.5,45.5
43.5,40.5,47.5
38.5,47.5,37.5
39.5,32.5,49.5
41.5,49.5,35.5
31.5,43.5,31.5
45.5,44.5,37.5
45.5,33.5,40.5
49.5,40.5,40.5
40.1514,42.4225,30.5095
39.5,49.5,43.5
36.5,45.5,44.5
48.5,38.5,31.5
29.5,45.5,39.5
33.2448,38.9884,40.6032
48.5,42.5,44.5
42.5,48.5,42.5
49.5,44.5,39.5
43.5,32.5,31.5
44.5,42.5,49.5
45.022,42.6505,52.7433
47.5,35.5,46.5
36.5,36.5,31.5
38.6763,44.9282,30.6293
43.9071,41.5492,43.0085
35.5,39.5,50.5
42.5,41.5,40.5
41.5,44.5,41.5
41.5,51.5,43.5
39.5,32.5,36.5
30.5,43.5,37.5
40.5,39.5,47.5
36.5,33.5,44.5
37.5,42.5,36.5
35.5,33.5,36.5
44.6064,41.6672,46.0069
28.5,36.5,41.5
39.5,37.5,37.5
36.5,45.5,49.5
35.5,40.5,40.5
44.5,43.5,40.5
27.5,37.5,39.5
40.5,39.5,31.5
42.5,48.5,46.5
48.5,43.5,39.5
32.5,35.5,41.5
37.9526,41.205,50.2388
37.5,41.5,39.5
43.5,40.5,49.5
45.7425,44.0409,40.4295
36.5,36.5,46.5
32.5,41.5,39.5
43.5,34.5,48.5
44.5,48.5,37.5
39.8222,39.2229,44.6461
47.5,41.5,30.5
34.5,42.5,37.5
34.5,42.5,39.5
37.5,45.5,40.5
38.5,37.5,30.5
46.5,32.5,46.5
40.1248,40.5636,31.5036
49.5,35.5,41.5
47.5,37.5,41.5
32.5,35.5,39.5
43.0588,43.9527,53.4392
46.5,35.5,39.5
33.5,33.5,39.5
34.5,42.5,38.5
46.5,37.5,38.5
44.5,38.5,29.5
38.5,35.5,50.5
35.5,41.5,34.5
43.5,39.5,39.5
34.5,47.5,36.5
37.5,38.5,28.5
30.5,40.5,38.5
42.5026,44.3234,55.3726
42.2303,42.2434,37.3193
45.4126,40.4231,53.5442
44.5,37.5,36.5
41.6881,34.581,45.3639
45.6184,43.2299,48.6924
45.5,49.5,36.5
31.5,36.5,43.5
42.5268,38.9251,52.9658
43.5845,37.3224,31.9785
45.5,36.5,40.5
43.0795,38.464,36.0448
41.5,51.5,40.5
44.5,45.5,44.5
46.5,48.5,34.5
32.5,41.5,49.5
31.5,34.5,36.5
42.6936,42.2768,46.4384
45.5,31.5,42.5
42.1658,40.2621,38.4398
42.5,30.5,37.5
42.5,50.5,43.5
39.5,38.5,31.5
45.4101,43.0382,49.724
30.5,38.5,33.5
46.2855,41.1277,51.7861
43.0432,42.0043,53.9065
44.2964,45.6903,48.3251
42.4663,42.012,35.2705
30.5,36.5,38.5
45.5,38.5,38.5
34.5,32.5,41.5
36.5,33.5,29.5
37.5,35.5,32.5
32.5,33.5,38.5
39.5,32.5,41.5
44.5,42.5,50.5
50.5,35.5,43.5
47.5,41.5,43.5
31.5,36.5,33.5
46.5,30.5,38.5
41.5,34.5,49.5
42.0185,33.1099,43.8697
31.5,45.5,32.5
49.5,42.5,32.5
42.5,47.5,30.5
38.5,34.5,44.5
36.5,50.5,38.5
32.5,45.5,34.5
41.193,36.3294,42.8099
32.5,38.5,43.5
43.3684,39.1152,36.797
32.5,38.5,42.5
45.5,41.5,30.5
39.5,29.5,41.5
32.5,40.5,42.5
39.4248,37.8909,55.817
39.9013,45.0763,28.8337
46.5,29.5,40.5
42.3004,39.9896,35.3855
40.4024,36.2301,38.717
30.5,42.5,44.5
32.5,39.5,38.5
31.5,35.5,44.5
43.5,33.5,30.5
32.5,40.5,44.5
48.5,39.5,33.5
44.5,39.5,37.5
39.5,34.5,35.5
36.5,50.5,39.5
33.5,42.5,38.5
37.5,33.5,40.5
47.5,41.5,40.5
46.5,34.5,45.5
40.5,36.5,45.5
33.5,38.5,30.5
36.5,29.5,38.5
36.5,41.5,45.5
31.5,35.5,46.5
43.5,37.5,35.5
42.8344,33.3055,29.6963
39.5,27.5,40.5
31.5,44.5,39.5
36.5,44.5,45.5
48.5,33.5,35.5
43.4947,41.9082,52.9958
41.1646,33.7772,37.6112
36.5,34.5,30.5
31.5,45.5,42.5
42.5435,41.8582,32.2048
46.5,42.5,43.5
34.5,50.5,42.5
45.5,34.5,49.5
31.5,35.5,33.5
40.2805,41.9564,49.992
38.5,36.5,37.5
40.5,29.5,44.5
47.5,36.5,44.5
31.5,46.5,33.5
40.4869,36.3691,34.5758
41.5,44.5,46.5
40.5,48.5,35.5
43.5,31.5,35.5
31.5,40.5,39.5
40.5,40.5,46.5
44.5,34.5,46.5
46.5,44.5,46.5
35.5,45.5,38.5
36.5,34.5,47.5
29.5,39.5,34.5
36.5,50.5,37.5
45.1949,42.9279,50.7292
40.9561,35.0619,43.533
33.5,49.5,35.5
46.5,43.5,39.5
32.5,30.5,37.5
40.5451,42.7918,49.4154
32.5,40.5,38.5
48.5,32.5,38.5
47.5,33.5,34.5
40.3086,35.848,39.6142
44.5,44.5,32.5
37.0626,34.2233,42.156
34.5,33.5,38.5
47.5,38.5,45.5
45.5,40.5,37.5
46.5,32.5,43.5
38.5,44.5,30.5
42.5,50.5,38.5
41.9537,42.4364,42.3592
41.5,37.5,50.5
40.5,50.5,33.5
36.5,41.5,44.5
40.7734,37.1221,44.6447
39.5,42.5,41.5
28.5,43.5,42.5
46.5,46.5,39.5
40.5,39.5,30.5
39.3988,39.8539,51.8927
32.5,36.5,38.5
34.5,38.5,32.5
38.5,36.5,44.5
41.322,34.1145,27.2288
30.5,41.5,39.5
40.5,30.5,35.5
34.5,40.5,47.5
44.5,32.5,34.5
38.5,48.5,37.5
44.5,44.5,40.5
32.5,41.5,43.5
46.5,41.5,44.5
38.5,29.5,44.5
38.5,38.5,44.5
39.5,37.5,33.5
33.5,40.5,49.5
32.5,32.5,32.5
41.2445,34.0017,34.0794
42.5,34.5,32.5
44.5,31.5,47.5
44.5,32.5,31.5
40.5,40.5,47.5
33.5,50.5,39.5
30.5,44.5,43.5
43.5,42.5,34.5
49.5,34.5,44.5
38.5,33.5,48.5
36.5,35.5,30.5
35.5,38.5,30.5
37.5,49.5,44.5
39.5304,36.4861,54.3224
39.8445,38.5611,55.2144
35.5,35.5,31.5
47.5,43.5,33.5
46.5,34.5,39.5
39.5,40.5,40.5
34.5,33.5,40.5
34.5,45.5,44.5
39.5,41.5,32.5
40.5,39.5,45.5
42.5,30.5,32.5
44.5,32.5,33.5
46.0407,40.6027,44.0049
39.5,34.5,32.5
40.1743,38.8199,43.7723
42.6318,42.1202,54.7818
40.5,37.5,27.5
43.7359,43.5665,43.4527
37.5,45.5,50.5
28.5,42.5,37.5
44.5,44.5,42.5
40.5,39.5,32.5
35.5,36.5,31.5
38.5,44.5,39.5
36.5,38.5,30.5
38.5,33.5,36.5
35.5,35.5,39.5
40.6977,33.5635,26.5837
47.5,38.5,43.5
33.5,42.5,43.5
45.5,31.5,35.5
39.5,46.5,35.5
45.5,33.5,32.5
40.5,29.5,36.5
36.5,33.5,31.5
42.5,39.5,42.5
48.5,44.5,37.5
29.5,35.5,45.5
48.5,44.5,38.5
39.5,45.5,32.5
39.5,42.5,48.5
36.5,37.5,32.5
42.7667,36.3683,33.8568
37.5,47.5,41.5
39.9808,41.2366,50.5929
42.5,35.5,40.5
38.5,43.5,40.5
33.5,37.5,32.5
39.5,47.5,46.5
33.5,40.5,32.5
36.5,50.5,34.5
36.5,47.5,35.5
40.5,45.5,39.5
42.5,34.5,45.5
45.5,33.5,37.5
41.5,39.5,32.5
35.5,44.5,46.5
46.5,40.5,46.5
48.5,43.5,32.5
31.5,34.5,43.5
36.5,34.5,35.5
36.5,35.5,46.5
45.3802,44.9112,44.3848
37.5,30.5,34.5
30.5,43.5,42.5
42.1335,36.908,39.4704
34.5,44.5,48.5
43.5,45.5,47.5
31.5,30.5,40.5
35.5,34.5,41.5
37.5,34.5,49.5
33.5,46.5,47.5
45.5,50.5,41.5
37.5,40.5,42.5
36.5,40.5,43.5
45.5,49.5,38.5
43.5,40.5,36.5
48.5,31.5,41.5
42.5,47.5,37.5
41.5,43.5,34.5
40.5,42.5,30.5
32.5,34.5,40.5
47.5,48.5,36.5
39.5,38.5,28.5
41.5,35.5,49.5
40.5,39.5,40.5
32.5,41.5,46.5
41.5,35.5,43.5
42.1942,40.0872,36.4146
36.5,42.5,42.5
42.835,40.6411,40.3648
35.5,43.5,30.5
48.5,38.5,45.5
45.9572,42.6566,43.5295
43.5,50.5,42.5
35.5,49.5,43.5
34.5,48.5,37.5
47.5,41.5,46.5
39.5,40.5,37.5
32.5,39.5,30.5
47.5,40.5,36.5
39.5,35.5,44.5
42.8727,37.7455,35.362
35.5,40.5,42.5
40.5,47.5,35.5
43.5,35.5,48.5
47.5,32.5,34.5
38.4908,37.0045,40.0196
42.0942,40.1344,37.4213
35.5,46.5,36.5
38.5,31.5,33.5
35.5,36.5,44.5
41.5,47.5,46.5
39.5,31.5,43.5
40.5,47.5,41.5
39.5,34.5,28.5
32.5,45.5,38.5
40.5,45.5,33.5
40.5,48.5,48.5
45.5,46.5,46.5
42.5,40.5,39.5
37.5,42.5,51.5
41.5,40.5,44.5
46.5,33.5,36.5
48.5,45.5,45.5
40.5,44.5,30.5
33.5,38.5,38.5
38.5,39.5,43.5
44.5,49.5,41.5
45.7913,43.11,38.5927
42.5,45.5,30.5
35.5,42.5,32.5
47.5,39.5,44.5
31.5,40.5,35.5
43.2896,39.5811,52.5604
42.5,36.5,45.5
40.6006,35.3356,42.6201
41.5,29.5,36.5
38.5,28.5,42.5
41.5166,37.3684,40.2337
28.5,39.5,43.5
41.5,50.5,42.5
41.5,47.5,40.5
50.5,45.5,40.5
45.9583,42.3894,37.9414
39.5,47.5,38.5
47.5,30.5,40.5
32.5,49.5,39.5
41.5,35.5,32.5
40.7144,39.8901,53.8669
34.5,39.5,38.5
45.5,48.5,39.5
36.5,32.5,36.5
50.5,42.5,43.5
33.5,30.5,37.5
43.5,34.5,34.5
42.0544,42.4291,39.3356
44.5,43.5,39.5
38.5,37.5,27.5
35.5,30.5,36.5
31.5,36.5,46.5
45.9521,42.2994,42.511
33.5,32.5,43.5
36.5,28.5,42.5
39.5,32.5,33.5
40.5,29.5,35.5
47.5,44.5,39.5
46.5,39.5,49.5
40.4169,37.9981,33.3585
35.5,29.5,41.5
38.5,35.5,33.5
44.5,42.5,32.5
35.5,32.5,46.5
37.5,50.5,43.5
42.5,41.5,28.5
37.5,42.5,48.5
30.5,36.5,40.5
40.458,37.1428,33.9302
30.5,32.5,43.5
41.0848,36.8289,43.7072
43.3785,36.7493,31.1228
42.5,43.5,41.5
44.5,44.5,48.5
38.5,42.5,32.5
35.3576,35.1759,41.7382
30.5,44.5,36.5
33.5,45.5,46.5
43.5,30.5,34.5
31.5,42.5,37.5
41.5,36.5,28.5
42.4898,41.9634,33.2325
41.5,37.5,32.5
34.5,39.5,49.5
32.5,42.5,41.5
40.5,39.5,28.5
44.5,41.5,42.5
47.5,39.5,43.5
30.5,37.5,44.5
44.5,32.5,45.5
29.5,46.5,40.5
37.5,47.5,36.5
38.7199,45.8889,30.1455
36.5,34.5,39.5
45.5,46.5,42.5
40.3817,37.0286,54.062
35.5,35.5,38.5
38.3175,39.1029,49.9648
29.5,38.5,34.5
47.5,37.5,42.5
43.2684,41.013,41.2448
41.5,36.5,34.5
48.5,40.5,39.5
39.5,49.5,42.5
45.5,37.5,38.5
43.5,44.5,43.5
36.7646,36.4104,40.9126
30.5,42.5,43.5
37.5,48.5,34.5
47.5,35.5,41.5
45.5,32.5,44.5
34.5,43.5,30.5
42.1427,42.3113,38.3491
31.5,37.5,36.5
42.5,32.5,49.5
44.5,44.5,41.5
33.5,32.5,44.5
37.5,38.5,46.5
47.5,48.5,38.5
29.5,39.5,40.5
37.5,42.5,34.5
43.1777,39.105,33.4849
46.1351,41.9747,44.7278
37.5,43.5,47.5
34.4946,34.0064,41.2608
31.4742,41.4106,39.1836
32.5,42.5,32.5
44.5005,44.846,49.4869
42.5,33.5,41.5
40.5,36.5,37.5
38.5,49.5,39.5
40.5,35.5,32.5
44.5,41.5,33.5
47.5,30.5,41.5
42.9788,38.6723,32.5742
42.5,34.5,44.5
38.9601,41.389,50.3949
28.5,40.5,42.5
40.5,35.5,48.5
44.5,49.5,34.5
41.5,45.5,35.5
39.2964,41.7993,31.6129
36.5,51.5,39.5
39.5,47.5,40.5
44.9744,41.7767,36.5674
38.1745,37.2099,56.1005
39.5,43.5,38.5
39.8399,38.8529,45.9715
31.5,35.5,36.5
43.0418,42.0586,43.1569
33.5,45.5,31.5
34.5,43.5,40.5
41.5,40.5,40.5
33.5,40.5,40.5
39.5,40.5,45.5
37.5,34.5,31.5
34.5,41.5,40.5
34.5,44.5,47.5
43.6093,38.3189,37.3862
31.5,38.5,43.5
46.5,39.5,46.5
40.5,30.5,37.5
39.5,31.5,37.5
40.5,43.5,51.5
47.5,38.5,37.5
33.5,42.5,47.5
44.2622,42.631,46.3035
39.5,31.5,48.5
34.5,42.5,36.5
28.5,41.5,40.5
46.5,42.5,49.5
32.5,35.5,45.5
32.5,44.5,34.5
35.5,35.5,40.5
45.5,46.5,33.5
47.5,37.5,32.5
35.5,43.5,35.5
39.5,38.5,46.5
46.5,29.5,37.5
37.2825,35.4663,41.2306
43.4354,37.6504,36.5396
38.5,38.5,29.5
44.7591,41.2917,35.4971
46.5,41.5,32.5
42.5,32.5,36.5
41.5,39.5,40.5
46.5,45.5,36.5
37.5,39.5,33.5
49.5,40.5,38.5
41.5,51.5,42.5
38.5,32.5,32.5
31.5,30.5,41.5
34.5,40.5,29.5
39.406,39.0391,53.9247
38.5,42.5,39.5
35.5,44.5,31.5
43.5,37.5,31.5
39.5,46.5,33.5
36.5,35.5,50.5
41.5,50.5,35.5
28.5,42.5,41.5
39.0456,38.3855,54.6343
43.5,32.5,39.5
46.5,41.5,46.5
44.5035,44.301,44.4055
43.2513,35.9314,31.6919
42.4949,40.9415,34.2196
42.5,37.5,31.5
42.5,33.5,29.5
43.5,39.5,51.5
49.5,37.5,40.5
45.5,36.5,38.5
49.5,36.5,42.5
50.5,35.5,40.5
32.5,44.5,45.5
34.5,40.5,40.5
49.5,44.5,40.5
39.5,45.5,48.5
28.5,42.5,43.5
36.5,35.5,35.5
36.5,43.5,35.5
41.9092,39.7077,53.0312
36.5,30.5,44.5
33.8336,47.9079,40.4181
40.5,38.5,36.5
49.5,33.5,38.5
44.1846,42.6277,50.4319
38.6039,39.6567,51.2697
49.5,38.5,41.5
28.5,42.5,44.5
30.5,31.5,41.5
43.2422,36.5559,32.56
44.5,33.5,44.5
46.5,47.5,39.5
35.5,39.5,41.5
37.5,29.5,44.5
33.5,47.5,40.5
39.5844,38.3555,33.8594
36.5,51.5,37.5
41.5,46.5,37.5
44.5,35.5,41.5
34.5,46.5,40.5
47.5,35.5,38.5
44.7337,43.3652,39.4862
38.5,46.5,48.5
38.7217,39.8362,48.7727
33.5,41.5,37.5
33.5,31.5,45.5
39.5,27.5,41.5
48.5,44.5,34.5
38.5,40.5,47.5
42.4442,43.3328,55.5978
49.5,38.5,46.5
35.5,29.5,40.5
43.7519,41.8927,47.1622
32.5,35.5,35.5
37.5,49.5,42.5
39.5,33.5,47.5
31.5,32.5,37.5
38.5,46.5,38.5
40.5,42.5,50.5
43.5,36.5,28.5
50.5,37.5,44.5
46.5,35.5,42.5
36.5,34.5,34.5
46.5,39.5,32.5
34.5,38.5,47.5
41.5,36.5,40.5
43.8602,44.6394,51.5426
50.5,43.5,39.5
35.5,43.5,29.5
36.5,33.5,43.5
39.5,47.5,41.5
47.5,39.5,48.5
39.5,45.5,45.5
50.5,40.5,35.5
30.5,40.5,41.5
45.5,45.5,41.5
38.5,47.5,33.5
31.5,35.5,31.5
43.5,50.5,36.5
42.6753,43.1068,54.5603
40.5,36.5,32.5
48.5,31.5,39.5
43.5,48.5,46.5
35.5,50.5,43.5
35.5,43.5,34.5
44.3547,42.6798,49.256
34.5,48.5,43.5
39.5,34.5,43.5
33.5,33.5,36.5
40.5,40.5,36.5
44.6604,40.3466,52.8921
48.5,40.5,43.5
50.5,34.5,36.5
49.5,43.5,41.5
50.5,41.5,40.5
42.5,40.5,32.5
49.5,46.5,37.5
48.5,45.5,38.5
41.427,34.6748,35.3723
35.5,44.5,34.5
44.5,43.5,29.5
39.6818,35.9671,35.8295
48.5,37.5,40.5
41.2712,41.7396,50.2564
45.9336,41.3645,42.8143
41.5,48.5,40.5
40.4387,37.9192,44.1715
39.5,42.5,49.5
40.9193,41.2921,46.264
49.5,41.5,40.5
44.5,40.5,34.5
39.5,44.5,35.5
35.5,35.5,44.5
37.5,42.5,44.5
42.5,49.5,33.5
45.5,48.5,36.5
43.5,49.5,33.5
34.5,34.5,35.5
40.5,31.5,32.5
42.5,44.5,39.5
48.5,35.5,38.5
44.5,45.5,48.5
36.5,33.5,48.5
43.5,42.5,43.5
49.5,42.5,42.5
43.5,44.5,49.5
39.5,44.5,49.5
40.5,39.5,46.5
41.5,29.5,41.5
40.5,35.5,29.5
45.5,47.5,45.5
41.5,49.5,42.5
34.5,48.5,39.5
49.5,38.5,33.5
31.5,43.5,46.5
43.5,41.5,43.5
32.5,47.5,34.5
44.5,37.5,49.5
38.5,47.5,42.5
33.5,38.5,33.5
33.5,40.5,29.5
40.5,36.5,49.5
39.4336,44.5677,29.9999
37.5,33.5,47.5
40.5,36.5,42.5
29.5,43.5,37.5
43.5,45.5,46.5
35.5,45.5,35.5
39.6388,36.7111,35.0285
41.5,42.5,36.5
40.5,38.5,41.5
44.5,44.5,36.5
45.0137,43.9928,49.6728
32.5,41.5,36.5
44.5,43.5,30.5
44.1322,44.6379,48.4347
41.5,49.5,38.5
46.5,38.5,30.5
30.5,38.5,42.5
28.5,40.5,37.5
34.5,35.5,30.5
36.5,41.5,36.5
46.5,40.5,41.5
45.5,33.5,35.5
40.1072,34.6594,37.2559
38.5,31.5,47.5
46.5,34.5,36.5
37.5,49.5,37.5
31.5,40.5,43.5
35.5,28.5,37.5
45.5,45.5,38.5
34.5,49.5,40.5
46.5,38.5,46.5
37.5,47.5,46.5
33.5,45.5,48.5
40.3084,34.0039,38.0567
33.5,32.5,38.5
39.2304,40.8415,31.9619
40.5,44.5,38.5
32.5,42.5,48.5
44.2725,41.9225,38.6257
37.5,47.5,33.5
42.4162,41.0975,36.3746
36.5,33.5,30.5
42.5,45.5,38.5
35.5,36.5,28.5
37.5,40.5,45.5
43.0552,41.5475,51.7053
43.7703,39.0393,38.1276
39.5,50.5,37.5
50.5,40.5,43.5
32.3162,38.7808,40.2801
36.5,41.5,29.5
45.199,40.9083,40.8699
37.5,38.5,39.5
38.5,35.5,28.5
39.3835,42.7747,31.0027
47.5,35.5,40.5
38.2193,40.0348,49.6215
39.5,45.5,29.5
36.5,33.5,40.5
34.0701,48.8265,40.8655
43.5,49.5,40.5
38.5,44.5,28.5
29.5,44.5,35.5
43.5,32.5,38.5
37.5,44.5,30.5
47.5,44.5,37.5
45.5,38.5,39.5
37.5,41.5,43.5
36.5,46.5,43.5
30.5,43.5,33.5
39.5,43.5,50.5
46.5,40.5,48.5
33.5,34.5,32.5
28.5,41.5,35.5
44.5,41.5,47.5
41.5,44.5,37.5
36.5,40.5,29.5
29.5,35.5,34.5
39.5,42.5,28.5
40.5,41.5,46.5
38.5,40.5,31.5
33.5,42.5,34.5
34.5,32.5,37.5
28.5,39.5,37.5
37.5,46.5,44.5
44.5,45.5,32.5
45.5,39.5,34.5
35.5,36.5,46.5
51.5,40.5,42.5
41.5,38.5,34.5
31.5,31.5,41.5
36.5,39.5,32.5
37.5,29.5,43.5
43.5,46.5,36.5
44.5,48.5,33.5
48.5,46.5,36.5
42.5,32.5,45.5
36.5,29.5,34.5
36.5,44.5,31.5
43.5,42.5,48.5
37.5,47.5,39.5
43.4846,42.1244,45.1982
43.5,33.5,39.5
46.5,38.5,29.5
32.5,46.5,37.5
43.5,34.5,43.5
31.5,47.5,39.5
31.5,36.5,34.5
47.5,47.5,43.5
40.5,28.5,36.5
51.5,42.5,39.5
44.3088,39.7367,38.8191
36.5,39.5,39.5
42.5,29.5,33.5
37.5,50.5,38.5
34.5,44.5,36.5
45.3647,41.3337,51.4599
34.5,36.5,30.5
31.5,44.5,33.5
40.5,35.5,39.5
34.5,37.5,37.5
42.2467,41.4749,39.365
41.5,45.5,40.5
43.5,38.5,31.5
29.5,35.5,42.5
30.5,32.5,39.5
39.4821,43.6334,30.5021
42.5,28.5,43.5
46.5,44.5,41.5
43.5,49.5,39.5
45.0506,42.5992,37.5331
28.5,36.5,43.5
34.5,33.5,47.5
38.1563,39.3033,52.1579
36.5,43.5,41.5
37.5,46.5,40.5
46.3533,42.4584,47.7982
37.5,51.5,42.5
49.5,33.5,39.5
36.5,40.5,36.5
44.5,30.5,36.5
41.2865,36.8516,41.5026
42.9348,36.3176,35.2417
30.5,44.5,40.5
47.5,38.5,34.5
31.5,37.5,33.5
38.5,39.5,34.5
49.5,38.5,44.5
42.5,28.5,40.5
28.5,38.5,38.5
50.5,38.5,38.5
32.5,39.5,36.5
49.5,35.5,35.5
47.5,41.5,32.5
50.5,34.5,41.5
48.5,40.5,31.5
47.5,45.5,40.5
34.5,32.5,44.5
38.5,38.5,43.5
37.5,46.5,49.5
45.5,38.5,40.5
45.6369,41.5725,50.427
35.5,35.5,36.5
39.3744,40.0147,32.5527
42.7753,42.9453,40.4084
38.5,31.5,35.5
44.5,50.5,36.5
45.5,39.5,41.5
48.5,43.5,37.5
51.5,42.5,38.5
46.0867,41.6708,43.7379
43.5,36.5,33.5
48.5,43.5,44.5
32.5,40.5,46.5
46.2091,42.3581,45.7388
43.5127,41.9844,33.207
34.5,48.5,33.5
30.5,40.5,37.5
33.367,46.2402,39.3627
35.5,45.5,49.5
34.8813,33.3322,43.0092
45.5,43.5,30.5
30.5,34.5,42.5
45.5,45.5,44.5
48.5,39.5,47.5
50.5,36.5,39.5
32.5,46.5,44.5
39.5,46.5,32.5
43.5,34.5,46.5
40.5,33.5,32.5
40.5,36.5,31.5
36.5,48.5,34.5
46.5,30.5,40.5
35.5,43.5,46.5
37.5,35.5,49.5
39.5,36.5,33.5
32.5,48.5,36.5
47.5,37.5,37.5
42.304,41.0124,35.3183
38.5,38.5,39.5
44.5,45.5,43.5
44.5,50.5,39.5
46.5,48.5,37.5
39.5,33.5,30.5
42.7346,35.5536,34.4853
36.5,36.5,29.5
30.5,35.5,46.5
33.6004,47.1132,39.8691
47.5,34.5,34.5
40.9342,36.562,40.5412
31.5,36.5,41.5
48.5,41.5,40.5
30.5,37.5,39.5
44.5,37.5,47.5
28.5,40.5,44.5
41.7701,41.7828,46.3362
40.92,33.1213,39.794
43.7012,42.2772,41.7058
38.5,41.5,48.5
43.6749,44.6754,50.4335
40.5,31.5,35.5
39.495,37.1617,55.1535
49.5,43.5,33.5
40.5,37.5,40.5
41.2439,36.6658,39.0037
41.2808,39.0296,53.5858
40.1117,40.7147,46.4241
38.5,40.5,46.5
39.5,46.5,36.5
42.0634,41.2106,37.3767
47.5,48.5,43.5
32.5,44.5,39.5
38.1279,36.7942,54.7303
40.5,40.5,41.5
31.5,47.5,43.5
35.5,34.5,49.5
38.5,39.5,41.5
42.8935,42.9301,42.3657
31.5,43.5,37.5
33.5,38.5,32.5
41.5,39.5,47.5
37.5,43.5,45.5
50.5,44.5,39.5
47.5,44.5,47.5
44.5026,44.3436,45.412
42.5,39.5,29.5
40.5,38.5,50.5
42.9095,35.3314,30.9046
41.217,34.1114,43.2783
32.5,41.5,33.5
39.4948,39.1739,33.0899
36.5,49.5,46.5
38.5,49.5,42.5
46.5,36.5,35.5
45.3069,44.1929,46.6376
40.5,32.5,35.5
48.5,38.5,34.5
32.5,44.5,31.5
36.5,48.5,32.5
44.5,43.5,32.5
40.5,32.5,36.5
48.5,42.5,45.5
37.5,32.5,46.5
40.5,42.5,45.5
49.5,32.5,41.5
41.5,42.5,40.5
46.3243,42.4885,48.8932
47.5,42.5,39.5
46.5,38.5,36.5
43.2872,42.1183,44.1789
39.5,31.5,40.5
38.5,40.5,49.5
41.5,41.5,44.5
48.5,47.5,37.5
45.5,43.5,36.5
43.7009,40.0983,40.3055
32.5,44.5,41.5
42.9452,42.9374,53.5978
43.5,43.5,43.5
43.5,39.5,43.5
40.0067,38.3645,45.0754
51.5,39.5,36.5
49.5,33.5,42.5
49.5,40.5,45.5
44.5,50.5,37.5
41.5,45.5,34.5
32.5,33.5,41.5
43.5,37.5,40.5
40.5,30.5,43.5
47.5,36.5,40.5
32.5,32.5,43.5
37.5,37.5,51.5
42.5,32.5,35.5
37.5,49.5,32.5
49.5,37.5,41.5
44.5,49.5,44.5
42.5,43.5,39.5
44.4435,42.7147,47.8102
32.5,35.5,47.5
41.5,40.5,51.5
40.5,50.5,35.5
44.663,43.9993,43.4632
36.5,37.5,48.5
36.5,30.5,39.5
42.5,49.5,35.5
45.3905,41.6583,52.703
31.5,40.5,45.5
45.5,44.5,45.5
40.82,37.7024,43.2637
43.488,42.8885,52.7055
45.5,35.5,42.5
38.5,30.5,35.5
41.5,39.5,51.5
46.5,46.5,45.5
33.5,46.5,37.5
51.5,40.5,40.5
41.5,38.5,40.5
39.5494,37.469,34.3206
38.5,30.5,31.5
45.5166,41.1156,41.7985
33.5,48.5,41.5
35.5,41.5,45.5
35.5,44.5,45.5
31.5,48.5,36.5
32.5,36.5,44.5
33.5,44.5,39.5
51.5,38.5,36.5
42.5825,40.2599,52.4309
34.5,34.5,33.5
35.5,46.5,40.5
38.5,33.5,44.5
36.5,42.5,36.5
32.5,42.5,46.5
31.5,39.5,48.5
36.5,38.5,47.5
32.5,32.5,36.5
49.5,36.5,39.5
46.5,33.5,34.5
45.5,31.5,39.5
39.5,31.5,41.5
38.5,36.5,46.5
40.5,32.5,42.5
46.5,47.5,33.5
48.5,44.5,45.5
42.7734,34.7597,29.9517
43.5,30.5,32.5
28.5,38.5,43.5
39.1191,39.4569,47.8177
27.5,38.5,37.5
37.5,46.5,43.5
37.5,37.5,38.5
42.5831,41.7195,41.3454
32.5,33.5,35.5
32.5,42.5,33.5
39.5,37.5,49.5
42.5,29.5,45.5
38.5,47.5,30.5
40.0768,34.8843,39.4436
46.5,44.5,33.5
47.5,42.5,43.5
39.5,44.5,36.5
43.5,39.5,45.5
45.4411,42.3393,39.1225
43.5,45.5,43.5
39.6163,36.1369,37.281
46.6177,43.6934,40.6561
44.5,43.5,46.5
32.5,33.5,33.5
44.5,46.5,44.5
47.5,35.5,35.5
43.2812,42.2754,49.999
36.5,32.5,31.5
