38.419,38.6586,24.1698
38.2655,37.2174,23.7392
39.2753,38.4595,23.4173
37.4395,38.0928,23.6174
39.3475,37.3779,23.7953
38.5283,39.2813,23.3838
37.2802,36.6208,23.3274
40.059,38.1987,24.1325
37.5368,39.448,23.7737
38.9612,36.7177,24.4778
39.369,39.7109,22.8329
36.5794,37.4977,23.3628
40.2967,37.6803,23.2423
38.2032,39.7433,24.5196
37.8674,36.2294,24.374
40.0713,39.3277,23.5595
36.6902,38.7853,23.9509
39.7382,36.1324,23.3849
38.7403,40.374,23.4884
36.6939,36.7875,24.1586
40.8866,38.5589,23.3875
37.258,39.5131,24.8941
38.6726,35.9039,23.8182
39.9053,40.5062,23.3643
36.5217,37.8356,24.5101
40.3923,36.6866,24.0056
38.5441,40.8309,24.6919
36.9189,35.5899,24.0463
40.8185,38.98,24.56
36.2844,39.6962,24.3626
39.6195,35.7524,24.3621
39.416,41.3199,23.8072
35.7367,36.9468,23.7175
41.1749,37.8748,24.1931
37.5484,40.3823,25.386
37.8772,35.2155,24.0794
40.5851,40.1668,24.1675
35.8595,38.7843,24.6492
40.5547,35.6452,23.7019
38.1529,41.3363,23.6678
35.9177,35.8183,23.7458
41.9845,38.8363,23.8672
36.503,40.3637,25.1753
38.829,35.1871,24.8835
40.4428,41.5911,23.8643
35.457,37.6451,24.6091
41.4082,36.4252,23.9386
37.4148,41.2216,24.7541
37.2252,34.3842,24.031
41.5806,39.9499,24.4
35.3692,39.7513,24.9591
40.1806,34.8225,24.2735
38.6937,41.9555,22.9835
35.4856,36.5166,24.7146
42.0812,37.3412,23.9308
36.8289,40.8124,26.1179
38.7303,34.2144,24.2771
41.427,40.6319,23.2953
34.7559,38.6588,24.7767
41.3203,35.3516,24.3797
38.3409,41.884,24.64
36.2252,34.7878,24.0949
41.9675,38.6746,24.8945
35.8129,40.7076,24.4274
40.0579,35.0165,25.4318
39.853,41.9024,23.0004
34.7156,36.9553,24.0585
41.8121,37.4281,24.957
37.3613,41.8392,25.6307
37.6166,34.7186,25.1016
41.8179,40.9638,24.166
35.0858,39.2797,23.9355
41.1496,34.2846,24.1942
38.5337,42.8084,23.7543
35.4679,35.4007,24.5987
42.7327,38.1608,23.9601
35.4711,40.707,26.0105
39.3563,34.2763,25.1764
40.8575,41.9053,22.904
34.4218,37.6518,24.7597
41.9149,36.0178,25.038
37.0809,42.2791,24.6337
36.4556,34.3773,25.0546
42.5467,39.8018,24.0238
34.8577,40.3043,24.1635
40.4034,33.9962,24.8849
39.5976,42.3929,23.943
34.4726,35.8572,24.6113
42.8723,37.2825,24.6631
35.9674,41.6844,26.0298
38.298,33.869,25.3335
41.8633,41.6335,23.1668
33.9946,38.4376,24.0137
41.8706,34.4415,25.1095
37.9758,43.0037,24.6358
35.2683,34.3551,24.818
43.0084,38.9387,24.7284
34.6476,41.3122,25.0889
39.9474,33.7437,26.0994
40.551,42.6092,23.6252
33.9155,36.6842,24.8209
42.6475,36.3831,25.76
36.3911,42.4904,25.4118
37.3529,33.5784,24.9885
43.0393,40.7543,24.024
34.2228,39.5815,24.7976
41.4565,33.452,24.6896
39.3789,43.4253,24.2946
34.1521,34.805,24.3257
43.7208,38.0043,24.8483
34.7734,41.8251,26.0807
38.8935,33.4096,26.1222
41.5035,42.2122,24.0394
33.3673,37.5157,24.3807
42.7746,35.3134,25.0858
37.6145,42.879,25.699
35.7747,33.4252,24.8208
43.3552,39.9407,24.8035
33.8428,40.6148,25.0326
40.9573,33.4321,25.6823
40.2892,43.0188,24.607
33.4142,35.4448,24.776
44.039,36.7141,25.1089
35.3911,42.6047,25.6713
37.7891,33.0359,25.9707
42.6354,41.7505,24.111
33.585,38.6345,25.0766
42.8766,33.9912,24.8416
38.5026,43.7935,24.9992
34.2956,34.1288,25.2096
44.0856,38.9777,25.159
33.7503,41.4228,25.7741
39.7154,32.5858,26.1396
41.4177,43.1122,24.5832
32.8356,36.5868,24.4635
43.6361,35.6748,25.7035
36.794,42.8521,26.38
36.5493,33.4729,25.7732
43.3761,41.0149,25.0223
33.0732,39.7152,24.479
42.2435,33.3873,25.464
39.5318,43.7473,25.3983
34.0295,35.0164,25.7177
43.964,38.0848,25.8729
34.4093,42.8051,26.1108
38.8045,32.5661,25.4498
42.2034,42.3448,24.9761
32.7777,37.7637,25.2332
43.4996,34.5625,25.4809
37.508,43.9548,25.3241
35.0772,33.2799,25.6117
44.3878,39.7213,24.6005
33.5406,41.6438,24.5923
40.6603,32.931,26.6512
41.0361,44.1912,24.5218
33.0057,36.4577,25.5778
43.6087,36.6804,26.1867
35.7318,42.8099,26.7
37.0374,32.5775,25.3929
43.6624,41.6436,24.0849
33.4063,39.5225,25.5028
43.0157,32.9091,24.9237
39.2324,44.6261,24.7938
33.3142,34.1499,24.7847
44.9883,38.2649,25.685
33.826,42.4321,25.3107
38.781,32.4401,26.6323
42.438,43.3029,24.3307
32.0059,37.1456,24.1322
42.9032,34.7977,26.3258
37.503,43.6844,26.3717
35.8618,32.429,25.5056
44.1046,40.215,25.5762
32.6663,40.9073,24.4054
41.6263,32.6435,26.1964
40.6087,43.8225,25.3396
33.0025,35.3506,25.9625
44.5441,37.0809,25.9853
35.0832,43.6455,25.7392
37.78,31.8,25.4548
43.1817,42.6173,24.5917
32.5722,38.8406,25.3472
43.3431,33.5665,25.839
38.3197,44.7455,25.3394
33.873,33.1405,25.1197
45.292,38.8024,24.7728
32.602,42.1114,25.7422
39.8416,31.9456,27.0164
41.918,43.8887,25.2194
31.8807,36.1101,24.8317
43.5888,35.6289,26.757
36.4842,43.8143,26.7224
36.509,32.5845,26.5426
44.4256,41.4575,24.9059
32.6464,40.2568,25.6661
42.3372,32.1312,25.2596
40.1806,44.9782,25.4135
33.2501,34.3556,26.1921
45.3925,37.3798,25.2797
34.1155,43.7242,25.3658
38.7839,31.4504,25.6412
42.959,43.4548,25.3534
31.6387,37.9986,24.9133
43.7801,34.1324,26.5989
37.8093,44.6562,26.2065
34.5193,32.2904,25.4222
45.0738,39.7191,25.5054
32.3859,42.1129,24.5311
41.1636,31.9699,26.9594
41.2672,44.6393,25.4418
32.0461,35.0394,25.4516
44.8086,35.9647,26.3927
35.3423,43.9642,26.7068
37.0737,31.7328,26.2213
43.7477,42.1296,25.414
32.5298,39.3824,26.2711
43.3786,32.3106,25.7927
39.1971,45.4446,25.7305
32.9869,33.3362,25.6822
46.0564,38.1939,25.1784
33.1471,43.0483,25.9709
39.0177,31.2512,26.7572
42.7654,44.3117,24.7116
30.9137,36.5923,24.4748
43.7802,34.8344,27.3996
37.2235,44.5481,27.011
35.2101,31.8721,26.1812
45.0366,40.7545,25.5809
32.0485,41.0963,25.3031
41.9174,31.3191,25.8949
40.6238,44.6349,26.4084
32.0649,34.8606,26.4623
45.6761,36.5622,26.0954
34.2009,43.8737,26.4386
37.9534,31.0436,26.2432
43.9452,43.5767,25.1535
31.8729,38.2346,26.0153
43.8302,32.843,26.7514
37.9956,45.8494,25.576
33.873,32.6909,26.2831
45.9638,39.1579,25.6035
32.1575,43.0695,25.3793
40.4587,31.2461,27.4773
42.3272,45.0764,25.1606
31.1094,35.9786,25.5879
44.7867,35.4523,27.4104
36.1808,44.8707,26.8961
36.0819,31.602,26.7879
45.0747,41.9256,25.5071
31.6206,40.3226,26.0065
42.9874,31.348,25.8994
39.675,45.214,26.6906
32.3975,33.8835,26.7613
46.3644,37.3366,26.0077
33.2971,44.2089,25.9613
38.9137,30.322,26.2514
43.9304,44.5943,24.9971
31.1834,37.1124,25.6378
43.7434,33.5554,27.5575
37.9374,45.3983,26.9808
34.2054,31.6329,26.4871
45.9779,40.267,25.772
31.3894,42.1669,25.4968
41.4716,30.9784,27.0895
41.6278,45.5762,26.0889
31.1264,34.9237,26.0074
45.7398,35.7767,26.86
34.6481,44.731,27.353
36.7999,30.6143,26.6402
44.736,42.9888,25.9643
30.9845,39.1484,25.9215
44.1366,31.8595,26.671
38.4969,46.1729,26.6162
32.8556,32.9416,26.7819
46.1215,38.4555,26.337
32.3561,43.8192,26.1857
39.6486,30.5642,27.3327
43.2626,45.234,25.8698
30.2074,36.6964,25.7562
44.7004,34.3993,27.7853
37.0092,45.394,27.6339
34.9796,30.8973,26.6978
45.8567,41.2954,25.9912
30.8528,41.1473,25.9765
42.495,30.9159,26.9434
40.7324,45.8077,26.603
31.3615,34.2045,27.0214
46.5827,36.5608,26.7522
33.7045,44.9939,26.7455
37.7982,30.3728,26.9865
44.3996,44.0129,26.0348
30.9249,38.0034,26.3644
44.3329,32.6524,27.6493
37.7712,47.0585,26.5563
33.1332,31.7191,26.1034
46.6448,39.5178,26.4286
31.7857,42.6036,26.5691
40.6126,30.5412,28.2098
42.6459,46.0723,26.1263
30.1495,35.5418,26.1494
45.6772,34.8409,27.3435
35.6058,45.6019,27.4808
35.8911,30.5634,27.2942
45.3765,42.2747,26.6867
30.4702,40.1341,26.4121
43.5746,30.8209,27.1319
39.7362,46.7373,26.3586
31.8494,32.9514,27.1432
46.6684,37.7784,27.1965
32.4757,44.753,26.9942
38.9268,29.8163,27.2881
44.2811,45.1424,26.2778
30.8412,37.0237,26.7695
44.5254,33.468,28.3462
37.0669,46.4106,27.3201
33.8877,30.7237,27.0737
46.1261,40.506,27.0105
30.8676,41.9308,26.6564
41.6931,30.0774,27.8921
41.8275,46.7883,26.5237
30.3811,34.6286,26.9722
46.761,35.6202,27.2332
34.5079,45.7754,27.0427
36.8379,29.8823,27.4037
44.8467,43.6544,27.3013
30.2687,39.0328,26.7057
44.1247,31.4995,27.9774
38.832,47.1141,26.9143
32.5275,31.8225,26.9429
47.3213,38.6403,26.7411
32.0044,43.5324,27.2067
39.9516,29.7242,27.9343
43.6585,46.0596,26.5332
30.1672,36.2035,26.9453
45.5401,33.8805,28.3794
36.2853,46.3035,28.1064
34.8838,30.0317,27.4178
46.034,41.5155,27.1974
30.7245,41.0382,27.1851
42.8254,29.9308,27.2811
40.6999,46.8467,26.8774
30.7768,32.924,26.8807
46.9221,36.6492,27.9407
33.4643,44.9562,27.7089
37.8735,29.7575,27.8372
45.0331,44.6251,26.8909
30.1639,37.9521,27.2664
45.0251,32.3921,28.4915
37.8523,47.5002,27.5417
32.8766,30.78,26.7042
46.6171,39.4966,27.5232
31.2522,42.5842,27.5086
40.9423,29.3617,28.2293
42.6331,46.2849,27.1735
29.3233,35.2874,26.7909
46.4943,34.5541,28.1182
35.1808,46.612,27.5813
35.8953,29.3487,27.9289
45.581,42.8227,27.5539
30.2003,40.0219,27.4383
44.0428,30.2414,27.8886
39.82,47.4028,27.2232
31.2399,32.0687,27.439
47.5771,37.4531,26.7076
32.7314,44.2312,27.8716
39.0829,29.0519,28.1533
44.6578,45.9329,26.9347
29.5346,37.0682,26.7878
45.0909,33.618,29.4555
36.9251,47.1728,28.1137
33.9173,29.994,27.8315
46.7791,40.9338,27.8817
30.0427,42.1776,27.3537
42.2229,29.131,27.8915
41.604,46.498,27.553
29.8534,33.6734,26.9463
47.286,35.5773,28.3046
34.0895,46.0877,28.1161
36.9821,29.3717,28.3121
45.9301,44.117,27.6113
30.8807,39.1353,27.5562
45.0014,31.0795,28.9381
38.6779,48.3118,26.9661
31.6614,30.8697,26.673
47.5232,38.3906,27.7901
31.8604,43.2763,28.2759
39.9541,29.1723,28.8949
43.7398,46.0514,27.5667
29.2854,36.0824,27.4943
46.1016,34.3784,29.1482
35.9517,47.3516,27.9141
34.988,29.7716,28.4215
46.5244,42.1005,27.983
29.6169,40.75,26.8757
43.8014,29.6623,26.9582
40.2157,46.4459,27.8036
31.1078,33.0146,28.0305
47.8721,37.2041,27.8522
32.2038,45.1442,28.0103
38.1936,28.717,27.5902
45.7493,45.837,26.5987
30.8878,37.3264,27.8813
44.8724,32.4319,29.4845
36.8719,48.0469,27.0709
33.094,29.8544,27.1978
47.1623,40.4425,27.0277
30.4698,43.1681,27.1831
41.8216,29.5038,28.9397
42.3047,47.3674,27.6987
28.8959,34.2604,26.9915
47.5742,34.5868,27.9363
34.0621,47.0929,27.6599
36.6981,28.4649,27.8595
45.5731,43.5316,28.4164
29.6643,39.1124,27.5864
44.9858,31.0031,27.667
39.4361,48.3365,27.6497
31.7896,31.2917,28.0234
48.3302,38.4957,27.0801
31.5922,44.2899,28.1993
39.9317,28.4874,27.8063
44.2223,46.9988,27.1214
29.0371,37.1665,27.7222
46.0194,33.25,29.0589
36.3786,47.4171,28.9905
34.3688,29.0242,27.5039
47.2057,41.8101,27.2446
29.1857,41.9794,26.7856
43.4097,29.3663,28.0844
40.9226,47.2988,28.0299
30.1202,32.6317,27.67
48.3086,36.3258,28.4054
33.1854,45.4895,28.6398
37.7214,28.8931,28.8808
45.8385,45.1527,27.6136
30.5919,38.3389,28.1721
45.7475,31.9135,29.0981
37.6449,48.6882,27.2104
32.0336,30.3321,27.523
47.7809,39.8333,27.7203
30.7423,43.1502,28.262
41.0048,28.9118,29.2699
42.9335,46.5039,28.3686
28.8572,35.0978,27.7964
47.137,34.2684,28.8655
35.002,47.838,27.8775
35.4665,28.4706,28.3733
46.4992,43.2423,27.9342
29.0747,40.1084,27.5286
44.8256,29.603,27.3002
39.6412,47.3993,28.312
30.9492,31.8929,28.5364
48.6636,37.4518,27.2637
32.4732,44.4343,28.8845
38.9219,27.9182,27.5688
45.2604,46.7375,27.0705
29.9389,36.6864,28.1003
45.5031,33.0114,30.267
36.6119,48.2677,28.3047
33.5191,29.0401,28.1116
47.883,41.3931,28.0448
29.3123,42.9597,27.279
42.7207,28.3563,28.4734
41.8129,46.7709,28.5774
28.8565,33.4729,27.7166
48.3123,35.5046,27.79
33.1803,46.6908,28.4179
36.6494,28.6334,29.0998
45.8858,44.8826,28.6548
30.2695,39.1834,28.6628
45.8787,31.0706,28.3205
38.3409,48.4696,28.121
30.9291,30.5517,27.5116
48.6015,39.1941,27.8944
31.2262,43.5257,29.2683
40.3569,27.9907,28.6761
44.2076,46.8199,28.2916
28.506,36.1392,28.175
46.7448,34.171,30.0802
35.4827,48.1098,28.7406
34.5354,28.7429,28.8508
47.5121,42.8185,27.6323
28.8658,41.2902,27.6232
44.107,28.6057,27.7762
40.2109,46.8281,29.042
30.0403,32.7445,28.7699
48.6521,37.4552,28.5496
32.0666,45.5473,28.9604
38.5756,28.2619,28.7157
46.1785,46.2913,27.5041
30.3472,37.4784,28.8101
45.605,31.5577,30.1529
37.0762,49.1972,28.0579
32.4407,29.335,27.8952
48.5135,40.5055,27.2179
29.6389,43.4172,28.1291
41.8375,28.1388,29.2249
42.6704,47.3004,28.9672
27.9661,34.1331,27.8414
47.9441,35.1015,28.9404
34.2809,47.4697,28.7003
36.174,27.6415,28.6105
46.4992,43.7128,28.9272
28.8979,39.499,28.3777
45.7205,30.0005,27.8182
39.032,48.1746,28.8185
30.3156,31.172,28.1312
49.3762,38.3872,27.3893
31.0735,44.604,29.3387
40.0916,27.0641,28.1213
44.9125,47.5117,27.8308
29.1607,36.637,28.9488
46.5711,33.0854,30.2231
36.1114,48.318,29.6407
33.9111,28.0073,28.3207
48.3276,42.1553,27.2903
29.0407,42.2821,28.0808
43.5927,27.7507,28.4276
41.0739,47.3629,29.2623
28.9246,32.6783,28.541
49.2549,36.0132,28.0954
32.9095,46.1198,29.4413
37.449,27.9098,29.2398
46.1553,45.8815,28.8407
29.562,38.3313,28.8137
46.1565,30.8193,29.3122
38.5284,49.5101,27.899
31.3227,29.5577,28.1392
48.5597,40.3882,28.2762
30.1383,43.6044,29.0997
40.7579,27.7424,29.8923
43.6267,47.7096,28.559
27.6954,35.0861,28.3637
47.896,34.1321,29.6231
34.4836,48.5018,28.8026
35.2242,27.5742,28.9986
47.4633,44.0182,28.133
28.1516,40.5201,28.1389
44.7404,29.237,28.5158
39.6909,47.6021,29.5163
29.4783,31.75,28.493
49.7205,37.3925,27.811
32.1809,45.1247,29.9289
39.1396,27.3738,28.5043
45.6549,47.0271,28.4286
30.2512,36.569,29.3283
46.242,32.2353,30.7869
36.8788,48.9774,29.2044
32.6857,28.2733,28.0882
49.0071,41.3604,27.8715
28.5469,43.6185,28.158
42.9102,27.8863,29.4765
41.9926,47.9637,29.5041
28.2685,33.5334,28.6286
49.0234,35.0725,28.7469
33.5835,47.0999,29.5714
36.4627,27.6344,29.6261
46.9906,45.3709,28.5164
29.3235,39.2932,29.305
46.649,30.0381,28.5975
38.6329,49.1601,28.9212
30.8586,30.3968,28.7923
49.3782,39.2248,28.5877
30.5548,43.9142,30.1461
40.9091,27.0881,29.0292
44.6498,47.7812,28.8338
28.6998,35.1701,28.8669
47.6842,33.6866,30.5665
35.554,49.217,29.4272
34.2842,27.9525,29.6466
48.2968,43.3616,28.2755
28.8337,41.6141,28.8459
44.7589,28.1581,28.808
40.5814,47.2289,30.1559
29.3539,32.3446,29.5844
49.5772,36.88,28.9005
32.1046,46.1656,30.092
38.4627,27.5032,29.4383
46.7524,46.8204,28.3352
29.7251,37.4761,29.7775
46.6527,31.3403,30.3497
37.6563,49.6771,28.8893
31.6184,28.5336,28.1892
49.7059,40.743,28.3084
29.2022,44.1614,28.923
41.9927,27.9472,30.2005
42.9031,48.3261,29.0329
27.1531,34.0836,28.5935
48.726,33.9702,28.7873
34.5549,47.8334,29.6865
35.879,26.6857,28.9599
47.3596,44.4405,29.0447
28.2592,39.4801,29.1721
45.7423,29.6912,28.9318
38.8864,48.5688,29.8061
29.8066,30.9603,29.048
49.9266,38.2769,28.5614
31.2722,44.4733,30.6698
39.9805,26.4492,28.9244
45.5065,48.4736,28.4101
29.6105,35.7849,29.6597
47.1912,32.8887,31.151
36.3634,49.1957,30.133
33.1787,27.2538,28.975
48.8322,42.2754,28.3502
28.1004,42.5476,28.8506
43.911,28.2527,29.5414
41.5893,47.5809,30.3777
28.3544,33.1436,29.6564
49.938,35.5074,29.0263
32.7158,47.0614,30.2784
37.5117,27.196,30.1871
47.328,46.3543,29.1508
29.3644,38.4148,29.9654
46.9866,30.1146,30.0623
38.4496,50.2293,29.295
30.7306,29.1633,29.1028
49.5437,40.1543,29.12
29.9469,44.5931,29.6516
41.4004,26.9398,29.997
43.653,47.7463,29.6386
27.8698,34.6603,29.3228
48.846,34.5597,29.9313
34.3745,49.1396,29.8982
34.4638,26.7733,29.4332
48.5197,44.4446,28.3089
28.1407,40.5937,29.2586
45.2487,28.798,29.707
39.9137,48.2464,30.4262
28.6994,31.2724,29.2835
50.5592,37.4596,28.5086
31.7181,45.4773,30.8969
39.0402,26.4142,29.414
46.3539,47.7339,28.8518
29.7965,36.5605,30.4111
47.3994,32.0348,30.4669
36.993,50.0482,29.7091
32.0601,28.0275,29.2695
49.8082,41.7369,28.655
28.1397,43.6326,29.1123
43.1597,27.8191,30.5643
42.6667,47.9126,30.6289
27.3903,33.6479,29.757
50.0027,34.4368,28.9633
33.3703,47.9179,30.1939
36.724,26.5431,29.7948
47.265,45.4377,29.8595
28.8086,39.2675,30.31
46.7765,29.2976,29.3668
38.187,49.3278,30.0499
30.2422,30.1293,29.7975
50.2781,39.1326,29.2172
30.2886,44.931,30.6148
40.8719,26.1486,29.5987
44.6113,48.7295,29.349
28.5878,35.0298,30.1944
48.5718,33.2792,30.9608
35.4126,49.4581,30.466
33.6271,26.9516,30.1236
49.3604,43.3504,28.5895
27.8787,41.6529,29.3926
44.9483,27.5666,29.6374
41.008,48.5009,29.9349
28.7208,32.1249,30.6127
50.5668,36.2294,28.5877
32.1959,46.7192,31.1189
38.7373,26.8234,30.3791
47.3183,47.4197,29.2348
29.7734,37.7731,30.7463
47.612,30.9332,30.0804
37.4888,51.1715,29.6263
31.0647,27.9618,29.5618
50.2374,40.9896,29.2656
28.9312,43.9135,29.9013
42.4332,26.9937,30.2015
43.3873,48.8493,30.1419
26.7884,34.6758,29.6641
49.586,33.724,29.6778
34.208,48.4665,30.692
35.6,26.8176,30.1643
48.3878,44.9072,29.3678
27.5722,39.6464,30.3233
46.4325,29.0312,30.5654
39.2214,49.1241,30.5885
29.4082,30.8196,30.1219
50.8765,38.1321,29.3004
30.7157,45.8988,30.339
40.0503,26.5946,30.075
45.8352,48.4072,29.5509
29.2167,35.8287,30.9638
48.205,32.3216,31.3875
35.9384,50.3708,30.0331
32.9002,27.744,30.0517
49.91,42.6081,29.3244
27.3617,42.8356,29.5031
43.9864,27.2987,29.9571
42.107,49.0662,30.0175
27.8579,33.1177,30.6257
51.3294,35.1706,29.0868
32.4418,47.6718,31.0637
37.5717,26.1364,30.493
47.6286,46.5551,30.1339
28.7613,38.271,30.9858
47.8187,29.452,29.79
38.0967,50.4931,30.3378
30.132,28.8439,30.1232
50.678,39.9858,29.6262
29.2106,44.7351,30.5343
41.9716,25.8898,30.3633
44.3264,48.5264,30.3939
27.5688,35.0357,30.3352
49.2889,32.8639,30.2751
34.227,49.4864,30.895
34.6571,26.6081,30.7265
49.2731,44.2589,29.3894
27.4958,41.0829,30.167
45.7136,28.1616,30.3772
40.3571,49.3346,30.6828
28.1915,31.2092,30.3843
51.3183,37.1857,29.2136
31.0575,46.5804,31.2725
39.3539,25.9169,30.4936
47.0712,48.5866,29.7561
29.3647,36.8462,31.3969
47.8587,31.3406,31.1117
36.7336,50.6274,30.6046
31.9619,28.1978,30.3551
50.7134,41.9643,29.3596
27.9193,43.4211,30.1848
43.7082,26.9554,30.9837
42.5017,48.9479,30.9513
26.831,33.5117,30.6479
50.8296,34.4282,29.7108
33.3265,48.2431,31.2037
36.4014,26.2467,30.8558
48.4457,45.7432,30.1158
28.1051,39.0935,31.0943
47.2655,28.4355,30.2253
38.2749,49.3947,31.2119
29.9122,29.9682,30.8794
51.3805,39.2345,29.5355
29.6112,45.7249,30.2805
40.5667,25.7937,30.6638
45.3735,49.1085,30.0416
28.0683,35.8625,30.9213
49.3699,32.4183,31.387
34.7322,50.5263,30.6225
33.9414,27.5071,31.0127
50.1896,43.8723,29.722
27.7313,42.4301,30.6773
44.8791,27.4948,30.7347
41.3544,49.3172,31.1179
27.8183,31.8604,31.1746
50.8683,36.177,29.6208
31.269,47.5638,31.0987
38.3912,26.3463,31.2984
47.9887,47.8297,30.0632
29.6254,38.0739,31.7933
47.9586,30.0582,30.6917
37.5241,51.3141,30.8022
31.0244,28.3165,30.9583
51.177,40.9934,29.8023
28.3155,44.2933,30.912
42.5022,26.5578,31.1486
43.5264,49.1484,31.1558
26.246,34.3913,30.9109
50.7011,33.4963,30.2651
33.2447,49.2733,30.9041
35.601,26.8838,31.3238
49.4594,45.128,30.1933
27.4069,40.2572,31.1146
46.6323,27.7303,30.755
39.4786,49.4518,31.6106
29.0349,30.6118,31.2682
51.7358,37.8584,29.9614
30.0738,46.4135,30.9873
39.9545,26.4175,31.3673
46.2123,48.6969,30.498
28.2794,36.9033,31.4655
48.8779,31.5894,31.925
35.7089,51.0447,30.7877
32.8556,27.8438,31.2277
50.6058,42.92,29.9899
26.7744,42.9973,30.7222
44.4364,26.1067,30.7339
42.0954,50.0288,31.0221
26.9873,32.4751,31.0982
50.9865,35.3304,30.316
31.9309,48.5978,31.3876
37.3042,25.9281,31.5213
48.7086,46.7934,30.491
29.0744,39.1482,31.4877
47.4049,29.2144,31.227
37.5126,50.1751,31.182
30.164,29.001,31.336
51.1323,40.3023,30.5954
28.588,45.4262,31.1251
41.5133,25.9497,31.457
44.6703,49.6691,30.8061
27.3264,35.221,31.3729
50.2959,32.3392,30.7869
33.8615,50.381,31.4424
34.5811,26.9427,31.7666
50.0896,44.4253,30.6173
27.3495,41.3134,31.2435
45.635,27.8108,31.5311
40.271,50.1422,31.4731
27.8043,30.7418,31.338
50.6103,37.3272,30.2051
30.1595,47.3244,31.4565
39.0597,25.6459,31.5661
46.9857,47.9182,30.6058
29.0882,37.2765,32.4132
48.8644,30.5362,31.3243
36.5012,51.5908,31.2033
31.9361,28.4758,31.4027
51.3678,41.8628,30.3887
27.2613,43.8195,31.1914
43.3129,25.7909,31.2725
42.8435,49.7568,31.7856
26.3457,33.3591,31.8162
50.9244,34.4169,30.7714
32.8123,49.3075,31.9546
36.3357,26.2807,31.9682
49.092,45.9505,30.9262
28.2883,39.9155,31.815
47.8676,27.9534,31.2649
38.3752,50.3467,31.707
29.4525,29.5367,31.7959
51.3477,39.0351,30.6049
29.5772,45.731,31.677
40.502,25.4971,31.7846
45.3561,48.9718,31.1857
27.5346,36.2354,31.7638
50.0529,31.6539,31.6048
34.7474,50.8644,31.707
33.4366,27.1216,31.8926
49.8413,43.3396,30.7405
26.6427,42.3638,31.6276
45.3458,26.4632,31.3229
41.2463,50.2726,31.7549
27.0476,31.3648,31.7693
50.8275,36.3866,30.6693
31.3083,47.8191,32.1786
38.1026,25.6153,32.1275
48.0778,47.413,31.1591
28.6423,38.3247,32.2441
48.2737,29.6381,31.6626
37.1053,51.0599,31.9201
30.9057,28.6121,32.0319
51.9309,41.025,30.8937
27.934,44.9212,31.7973
42.3728,25.3156,31.5988
43.9414,50.2887,31.7135
27.2452,34.3121,32.0792
50.1939,33.648,31.3828
32.7057,50.3273,31.3359
35.4849,26.8891,32.3181
49.3836,44.8735,31.2818
27.6146,40.6342,32.2147
46.7967,27.5678,31.8545
39.3707,50.4609,32.1617
28.3522,29.9431,31.8238
51.2259,38.0495,31.0629
30.0114,46.6692,32.2926
39.666,25.9817,32.3998
46.0513,48.2173,31.4573
28.3628,36.4623,32.4882
49.7976,30.6798,32.0435
35.2757,51.8228,31.6136
33.0218,28.1028,32.3791
50.6156,42.7025,31.2534
26.6077,43.451,32.026
44.1539,26.1051,32.0861
42.3533,50.7162,32.1493
27.1008,32.4472,32.2078
50.1432,35.2384,31.2884
31.6815,48.9722,32.4879
37.1209,26.0003,32.6053
48.7281,46.7566,31.6662
28.6847,39.3117,32.7788
47.9538,28.6066,32.1438
38.0511,51.2952,31.8502
29.7451,28.6946,32.3522
52.2739,39.865,31.1328
28.8441,45.323,32.4161
41.5944,25.2541,32.3638
44.4219,49.2295,31.7925
27.6105,35.2833,32.4797
50.258,32.6546,31.9775
33.3933,51.2528,31.8038
34.3871,27.4651,32.8431
50.5456,44.2698,31.5156
27.156,41.5713,32.4319
46.034,26.9108,32.1595
40.5084,50.7931,32.3441
27.783,30.5767,32.4892
50.415,37.2353,31.3131
30.3425,47.6409,32.4786
39.0204,25.1877,32.7851
47.1335,47.7895,31.7506
28.1973,37.549,32.9786
48.2901,30.5573,32.2603
36.223,51.5508,32.3871
31.9736,27.8859,32.3215
51.2136,41.7853,31.5406
27.5913,43.7687,32.1849
43.1046,25.9528,32.3479
43.2442,50.299,32.5382
27.0004,33.4012,32.9726
50.8494,34.3916,31.7931
31.9489,49.9737,32.1191
36.2837,26.6555,33.0475
49.4951,46.0826,31.8804
28.1681,40.3774,33.1751
47.0403,28.2282,32.7225
38.5394,50.7266,33.0704
28.748,29.337,32.6544
51.6507,38.9048,31.6571
29.0826,46.3184,32.9287
40.8798,25.7909,32.9136
44.828,48.1988,31.999
27.5187,36.1171,33.0802
49.6999,31.7317,32.6122
34.2392,52.0286,32.1655
33.4061,27.0541,33.1157
50.1103,43.4185,32.0992
27.0897,42.5899,32.5908
44.8898,26.9905,32.4388
41.5318,50.9395,32.7899
27.0064,31.6154,32.95
50.2033,36.2801,31.7798
30.5782,48.8233,32.7847
38.3553,26.0186,33.1165
47.7388,47.2382,32.4647
28.2727,38.4988,33.4723
47.7654,29.6253,32.601
37.2139,51.9802,32.4628
30.5094,28.0297,32.753
52.1403,41.0822,31.9211
28.1055,44.7866,32.9534
42.6409,25.0081,32.6933
44.3062,50.069,32.7025
27.8799,34.1958,32.8577
50.319,33.7866,32.47
32.7282,50.7468,32.4696
35.1872,26.9151,33.3285
50.1697,45.2302,32.078
28.6759,41.2541,32.81
46.6396,27.1781,33.0161
39.6988,51.1143,33.1221
28.7869,30.5465,32.8697
50.7946,38.2787,32.1692
29.4414,47.338,33.1019
39.9838,25.3546,33.1978
46.0631,47.5792,32.4609
28.5969,36.5823,33.5264
49.2199,30.939,32.9599
35.4493,52.3624,32.5653
32.4401,27.4629,33.1879
50.4388,42.2227,32.1757
26.949,43.5413,33.0592
43.5507,26.7156,32.9162
42.4041,50.4509,33.1997
27.4472,32.5269,33.3084
50.39,35.4953,32.4451
31.1968,49.7813,32.9711
36.9591,25.8823,33.6307
48.5464,46.212,32.6075
28.7037,39.6401,33.8263
48.0818,28.6202,33.2207
38.246,51.7841,32.9235
29.2304,28.3703,33.2623
51.9214,39.8412,32.282
28.1909,45.8906,33.5671
41.8109,24.7255,33.2703
44.654,48.8041,32.9155
27.9336,35.1641,33.5845
50.0603,32.608,33.089
33.8176,51.3461,32.9437
34.2733,27.0583,33.7925
50.6385,44.1867,32.7949
27.984,42.0584,33.2098
45.5534,26.827,33.3946
40.6195,50.9347,33.6349
27.9901,31.3741,33.4884
50.2121,37.3692,32.3229
30.1018,48.1177,33.4372
38.9385,25.429,33.8494
46.9223,47.3665,33.0601
28.3192,37.4523,34.2005
48.2338,30.3435,33.2975
36.3388,52.3692,33.2334
31.3148,27.6856,33.5628
51.6663,41.8753,32.6274
27.0914,44.7255,33.0355
42.7426,25.8688,33.3992
43.5233,50.408,33.578
27.6627,33.4616,33.7363
50.9258,34.5999,32.9172
32.2296,50.3391,33.5194
36.0137,26.0459,33.9708
49.1094,45.4448,33.0783
29.2265,40.6129,33.7805
47.1453,27.8179,33.663
39.0058,50.991,34.1079
28.7491,29.3312,33.7758
51.3607,38.8702,32.8338
28.3608,47.1809,33.8117
40.8408,25.1667,33.7325
45.1673,47.8199,32.9295
27.5771,36.0288,34.204
49.9333,31.2508,33.8337
34.5375,51.9769,33.4735
33.3393,27.4067,34.1211
50.5217,43.1498,33.3395
27.3262,42.767,33.6586
44.5672,26.7473,33.5743
41.5894,50.6145,33.8544
27.2953,31.9208,34.2063
51.1012,36.3609,32.6276
30.7477,49.2315,33.7521
38.0275,26.0419,34.2453
47.6322,46.6145,33.438
28.911,38.3747,34.3639
48.8375,29.4879,33.5986
37.3197,51.7918,33.534
30.1904,28.0179,33.811
52.4496,40.6387,33.0523
27.1437,45.823,33.794
42.7914,24.635,33.8096
43.446,49.2035,33.3044
28.1536,34.3846,34.2071
50.8604,33.4311,33.3373
32.9813,51.5706,33.7852
35.2046,26.9061,34.4316
50.1774,45.2358,33.3676
28.6343,41.5439,33.7899
45.9627,27.9036,33.3455
39.8006,51.6436,34.1216
28.526,30.6217,34.114
51.0077,37.8752,33.1423
29.3368,47.5015,34.2165
39.7944,24.8292,34.1523
45.7824,47.1542,33.5409
27.4516,37.1339,34.9432
48.8187,31.0193,33.9112
35.5348,51.6624,33.6596
32.2188,27.6425,34.4699
50.9965,42.1306,33.476
27.3842,44.021,33.9465
43.3735,26.6203,34.0465
42.7503,50.911,34.1581
28.2453,32.577,34.2426
50.4713,35.5456,33.519
31.1604,50.2403,34.0071
36.6978,25.7313,34.6756
48.6251,46.2952,33.8043
28.5196,39.5558,34.9102
47.9049,29.0833,34.1921
38.56,52.1133,33.8081
29.4368,28.732,34.2486
51.7811,39.7189,33.3906
27.9213,46.5937,34.6084
41.7302,24.8812,34.3331
44.0139,48.0926,33.4022
28.2908,35.4397,34.6448
50.3312,32.2638,34.0231
33.8839,51.1152,34.0868
33.9882,26.7754,34.7555
50.6119,44.1178,33.8035
28.0887,42.3685,34.2577
44.9534,27.8635,33.8188
41.1458,51.6336,34.2947
27.6245,30.9961,34.508
50.1095,37.353,33.3545
29.4792,48.6464,34.2539
38.7151,25.1581,34.9513
46.9923,46.9332,34.15
28.2496,38.1572,35.3354
49.1894,30.117,34.4973
36.5171,51.5417,34.3195
31.0289,27.7119,34.6231
51.8163,41.5235,33.7031
26.4642,44.6709,33.9618
43.0427,25.6382,34.3576
42.9539,49.6593,34.177
27.5806,33.6438,35.0453
50.5011,34.3847,33.9103
32.0447,50.9634,34.3156
35.7195,26.1912,35.4514
49.3371,45.6323,34.1679
29.0812,40.8141,34.8558
46.5543,28.9611,34.057
39.0375,51.8879,34.8181
28.7115,29.5988,34.9149
51.3827,38.7907,33.9127
28.1761,47.6012,34.9212
40.7282,24.8625,34.7917
45.178,47.8847,34.0231
27.7691,36.2253,35.2787
49.3644,32.1084,34.4623
34.5679,51.7464,34.6265
32.959,26.7627,34.9986
51.4729,43.3154,33.842
27.1511,42.8574,34.7312
44.5185,26.9543,34.7049
41.6286,50.9235,34.9615
27.8064,31.7276,35.3476
51.0073,36.6341,33.6427
30.389,49.6639,34.6064
37.7091,25.6459,35.2678
47.6531,46.1598,34.6448
29.3048,38.7986,35.2782
48.0946,29.9722,34.817
37.6417,51.9381,34.6322
29.8995,27.7514,34.8346
51.4163,40.5486,34.0215
26.8833,45.9848,34.8213
42.5888,24.6487,35.055
43.4244,48.5811,34.1386
27.2815,34.7181,35.2091
50.2301,33.3405,34.1921
32.883,51.4041,34.7841
34.6294,26.4717,35.5453
49.967,44.7613,34.4438
28.3149,41.5218,35.2207
45.512,28.6856,34.2131
40.1069,51.7731,35.1655
28.041,30.3645,35.3761
50.9869,37.617,34.1995
29.0982,48.2061,35.2169
39.7061,25.488,35.0687
45.966,47.2215,34.6091
28.3988,37.1096,35.5361
49.0349,31.2213,35.1054
35.4888,52.4449,34.6031
31.861,26.6889,35.0672
51.7384,42.3357,34.4729
27.3495,44.2412,35.1037
43.9457,26.0891,34.9784
42.468,50.3267,35.2366
27.2047,32.7723,35.426
51.3719,35.2081,34.144
31.1272,50.2339,35.0975
36.9479,26.3494,35.5161
48.5735,45.8702,35.1015
29.2741,39.8826,35.5683
47.1251,29.544,34.8191
38.5545,52.8926,34.8569
29.2819,28.7013,35.3529
50.9591,39.6086,34.5253
27.0911,46.8999,35.3823
41.5197,25.5281,35.118
44.193,48.0102,34.4748
28.1433,35.2028,35.8122
50.0619,32.9503,35.1459
33.52,52.1854,34.6119
33.7283,27.003,35.7854
51.3101,44.3354,34.7749
27.3207,42.1224,35.4208
45.2041,27.6396,35.2529
40.8004,51.0899,35.6424
27.0967,30.7927,35.5342
50.3828,36.8022,34.5499
29.4617,49.4059,35.3294
38.7462,25.9705,35.7655
46.5857,46.121,34.9887
28.9864,37.7849,36.1113
48.8297,29.9449,35.5995
36.5769,52.4396,35.096
30.6665,27.0714,35.6161
51.6845,41.1532,34.8399
26.5299,45.0326,35.112
43.5228,25.1639,35.4724
43.169,49.4123,35.2445
26.6773,33.8825,35.6422
51.2496,34.2736,34.6812
31.7909,51.3864,35.3116
35.9846,27.1947,35.7362
49.1948,45.1048,35.4161
28.5755,40.8974,35.9496
45.9683,29.3675,35.0622
39.614,52.908,35.2499
27.9742,28.9962,35.3769
50.7915,38.6706,34.9254
27.8179,48.3569,35.6409
40.5053,25.3693,35.7542
44.9132,47.1604,34.9784
28.1148,36.388,36.3444
50.2093,31.6581,35.2796
34.4369,52.8169,34.7806
32.6763,27.4264,35.7024
51.5821,43.2262,35.1319
27.1062,43.1641,35.8581
44.7155,26.4736,35.7125
41.8991,50.4868,36.1311
26.8412,31.8381,35.993
51.3561,36.3805,34.9902
29.9906,50.3112,35.3987
37.8885,26.6667,35.9278
47.4601,45.9385,35.6774
29.2537,39.0581,36.4445
47.7064,29.967,35.9123
37.6143,53.1041,35.2286
29.6197,27.4667,35.88
51.9223,40.0874,35.0919
26.6703,46.1177,36.1221
42.5989,25.3629,36.0346
43.3406,48.3607,35.2398
27.276,34.5536,36.265
51.1998,32.9213,34.7788
32.6303,52.5257,34.9516
34.7055,27.5206,35.9969
50.2843,44.8628,35.4554
27.4808,41.0941,35.7329
45.0418,28.8468,35.3493
40.5333,52.4651,36.044
27.5804,29.9289,36.3476
50.6805,37.6906,35.3574
28.8399,48.9904,36.1243
39.7614,25.8542,36.3267
45.8292,46.6598,35.5309
28.7101,37.1046,36.9819
49.7497,30.8121,35.9623
35.6168,52.4088,35.6258
31.7387,27.1618,36.0445
51.9437,42.0692,35.5296
26.5315,44.1298,35.9257
44.4158,25.4858,35.8061
42.8383,50.0446,36.1652
26.2555,32.6796,35.9681
51.7414,35.3909,35.262
31.1039,50.8288,35.9509
37.0818,27.4698,35.4509
48.4341,46.0398,36.1304
29.6074,40.2768,36.5863
46.5855,30.0741,35.6486
38.6432,53.0552,35.9632
28.9859,28.2412,36.326
51.4904,39.3345,35.7912
27.789,47.3309,36.0441
41.5304,25.1336,36.2445
43.6043,47.206,35.2334
27.7154,35.5348,36.7918
51.1332,32.0821,35.4544
33.598,52.7584,35.5433
33.508,27.4079,36.7996
50.8353,43.8961,35.8546
27.0776,42.3461,36.4937
45.8906,27.3223,36.2179
41.4404,51.8651,36.0294
27.4785,30.9636,36.6047
50.5058,36.6575,35.6237
29.2651,50.0934,36.3429
39.004,26.8077,36.3645
46.9298,46.9115,35.5685
29.0932,38.2866,37.2739
48.4923,30.8446,36.3339
36.6035,53.1674,35.8473
30.7434,26.9836,36.7378
52.507,41.0813,35.5753
26.9919,45.1085,36.2057
43.4492,25.312,36.7475
43.2843,49.0059,36.1841
26.865,33.4833,36.5673
51.7264,33.7112,35.3842
32.0758,52.086,36.0815
35.6916,28.1426,35.3507
49.7432,45.3539,36.3807
28.4099,40.2726,36.7865
45.8054,29.6589,36.2854
39.4214,52.2776,36.1967
28.3469,29.2598,36.7177
51.15,38.3713,36.1117
27.9637,48.2187,36.6809
40.8039,26.1489,36.4289
44.5257,46.0857,35.7242
29.3706,36.1649,36.9574
50.7928,30.989,36.1102
34.4736,52.1598,35.7527
32.4878,26.6264,36.5525
51.0084,42.8369,35.9048
26.2339,43.2093,36.5117
45.5444,25.8887,35.8989
42.5247,51.3643,35.9498
25.7946,31.8096,36.2836
50.6656,35.605,35.1653
30.2576,50.4912,36.4435
38.2797,27.6696,35.9393
47.9968,46.8754,35.6395
29.3715,39.366,37.5694
47.2168,30.9932,35.8575
38.1245,53.9303,35.7232
29.8952,27.8828,36.9423
51.7643,40.3902,36.1264
27.4883,46.3199,36.75
42.5168,24.8296,37.1762
42.9009,47.7715,36.1481
27.9899,34.2736,37.0177
52.0655,32.7002,35.3381
33.1679,53.4814,34.8896
33.977,28.2528,36.218
51.4708,44.7888,35.826
27.9371,41.5962,36.68
45.6192,28.2775,36.1735
40.5386,51.5868,36.7255
26.6476,30.3233,36.6431
49.4567,37.1603,35.8169
28.3208,49.9379,35.8181
38.8328,25.7788,36.9137
46.5228,46.2483,36.2796
29.8594,37.3556,36.9656
49.2842,30.0235,36.5349
36.21,52.2474,36.4595
31.301,26.0867,36.4592
52.8452,41.8371,36.1007
25.9082,45.0916,35.9603
44.3623,24.5241,36.1342
44.0411,49.7192,35.7241
25.6765,33.5782,36.5642
51.2452,34.5911,35.8366
30.9518,52.018,36.013
36.4455,28.0557,36.1597
49.4977,46.4931,36.0936
29.0859,41.2225,37.0313
45.6126,30.8079,35.7422
39.4175,53.4612,36.7511
27.8004,28.251,36.374
50.356,39.2029,35.8723
26.9751,47.9816,36.2165
40.3355,24.8503,36.7731
44.3236,47.0514,36.0602
28.3297,36.1056,37.4369
50.7847,32.0433,36.6166
34.1581,53.8281,35.1365
32.6043,27.82,36.7592
52.1517,43.5851,35.8746
27.2211,43.2409,37.0094
45.8245,26.5638,36.954
41.9564,51.45,36.8546
26.3548,31.5946,37.1521
49.6452,36.056,35.5513
29.5958,51.3957,36.3637
37.6642,27.4116,36.7713
47.2285,46.9583,36.5878
30.166,38.4718,37.108
47.7008,30.448,36.8871
37.4957,53.2403,36.3538
29.5222,26.6327,36.8327
52.6712,39.8098,36.0351
26.7063,45.5542,37.1918
43.1554,24.4771,36.3794
43.8588,48.2107,36.5391
27.0079,34.4796,37.2318
51.2089,33.013,36.0559
32.3696,53.1428,35.8315
35.0493,28.4633,36.1362
50.7656,45.8396,35.714
27.6839,40.8037,37.5625
44.7129,29.34,36.2463
40.0388,52.4894,37.0786
27.9252,29.8857,37.4649
50.1642,37.8968,36.402
28.1641,49.4338,36.7515
40.0518,26.6661,37.054
45.4731,45.7126,36.2085
29.3646,36.9822,37.8918
50.4001,30.1514,36.6753
35.0245,52.682,36.7177
31.7489,26.2663,37.3847
51.7485,42.1268,36.5876
25.6027,44.0793,36.4696
45.159,25.1006,36.5202
43.5264,50.8613,36.5435
25.6001,32.5778,37.0023
51.1717,35.3157,36.6203
30.7249,51.2569,36.9787
37.5151,28.4591,36.2648
48.6003,46.8489,36.7729
29.8115,40.5024,37.733
46.3793,31.5002,36.2046
38.3936,54.1038,36.7211
28.9072,28.0847,37.3615
50.8948,39.9642,36.6074
26.5872,47.1662,36.8499
41.383,24.3645,36.9915
43.2412,47.0717,36.7925
28.5837,35.0875,37.7085
52.0091,31.8945,36.261
33.2806,54.3774,35.477
33.3567,28.5913,37.2525
51.3083,44.5018,36.8556
28.0031,42.5223,37.3028
45.3415,27.5801,37.0628
41.4076,52.3967,36.9772
27.0394,30.9686,37.6423
49.7538,36.8762,36.7752
28.6148,50.9764,36.3005
38.3176,26.6602,37.4589
46.2933,47.5966,36.3252
30.005,37.834,38.0445
48.6275,30.6388,37.3707
36.5248,53.0021,37.0715
30.2322,25.8683,36.9007
53.0956,40.854,36.4106
25.9148,44.801,37.3892
44.1531,24.6699,37.2476
44.0387,49.3901,36.7685
25.8185,34.3379,37.3523
51.6378,33.835,36.504
31.6904,52.9154,36.5841
35.9205,28.9618,36.5385
50.3177,46.1743,36.7703
28.6992,40.2871,37.8744
44.836,30.4094,36.3529
39.2262,52.8359,37.7782
27.3186,28.964,37.6087
50.5273,38.8907,36.864
26.946,49.0275,36.4931
40.4594,25.8241,37.6369
44.6966,46.0824,36.8707
29.2985,35.8746,37.9653
50.6435,31.1201,37.1633
34.576,53.4273,36.0243
32.453,26.9647,37.6789
51.5958,43.5272,36.8748
26.3654,43.8236,37.3801
44.8292,26.0755,36.9664
43.2761,52.0074,36.5629
24.9748,31.445,37.1988
49.9003,35.1131,36.2229
29.802,50.8607,37.3007
38.401,28.2151,36.8195
48.115,47.723,36.3
30.4927,39.5511,37.7298
47.4684,31.8094,36.7812
37.3278,54.1583,36.9558
29.5689,27.1673,37.8158
51.2532,41.1437,36.6855
26.3339,46.4619,37.7776
42.4407,23.7734,37.1207
43.069,48.0812,37.2582
27.5199,35.1961,38.0334
52.367,32.9725,36.601
33.0115,53.8562,36.3715
34.3629,28.0036,37.3576
52.0458,45.7682,35.9352
28.1086,41.6747,38.0202
44.9367,28.7422,37.0987
40.7718,51.9986,37.7005
26.6774,30.0679,38.0369
48.8026,38.0505,36.2423
27.6139,50.4687,36.5077
39.2918,26.5373,37.8887
45.5978,46.819,36.9408
30.7489,36.5624,37.64
49.6302,30.9207,37.1046
35.5432,52.8535,37.6777
31.1319,25.3358,37.4204
52.9937,41.7597,37.1503
25.1542,45.0979,36.728
45.0631,24.1491,36.8408
44.7335,50.1664,36.9142
24.9654,33.6855,37.3453
50.6595,34.0964,36.9862
31.0807,52.2592,37.1085
36.7296,28.6317,37.0612
49.8872,47.1704,36.8109
29.4522,41.2468,38.4795
45.5155,31.2747,36.7904
39.028,54.0661,37.6355
27.5696,27.8542,37.46
49.7023,39.5634,36.906
26.2536,48.293,36.8912
40.9381,24.8056,37.9219
43.9936,46.6551,37.4312
28.4388,35.8014,38.6831
51.6206,31.7567,37.4225
34.1877,54.5029,35.9837
32.5166,28.0566,37.7892
52.4712,44.2369,36.9357
27.227,43.6518,37.9715
44.4054,27.0598,37.1918
42.4652,52.2816,37.3304
25.82,30.8841,37.8296
48.9911,36.0273,36.3095
29.0102,51.7682,37.2283
37.6096,27.6237,37.7911
47.2252,48.1169,36.9684
30.9741,38.5743,38.0989
47.6592,31.2781,37.6697
37.4666,53.1164,37.6912
29.3052,26.0604,37.8052
52.297,40.4216,37.1353
26.1164,45.6236,38.3484
43.4287,23.9306,37.627
44.0989,48.6747,37.726
26.4316,34.5905,38.2382
51.3487,32.9732,37.1284
31.8322,53.9118,36.481
35.1083,28.8268,37.2492
51.2507,46.4964,36.4451
28.0473,40.5039,38.6148
44.6294,29.8494,37.1931
40.472,53.1825,37.9053
27.7086,29.5701,38.513
49.4019,38.2832,37.1721
27.273,49.7837,37.3271
40.341,26.8631,38.0859
45.5788,45.6466,37.4829
29.8711,36.3855,38.7512
50.0037,30.0792,37.8769
35.7194,53.7564,37.11
31.9584,26.0555,38.4127
52.0331,42.5875,37.6153
25.3028,43.51,37.3003
45.4115,25.4984,37.6229
44.352,51.404,37.1482
24.6328,32.5438,37.5191
50.2817,35.0263,37.3892
30.1875,51.8467,38.0044
37.8629,29.0108,37.2684
49.0896,47.6699,37.3024
30.0725,40.239,38.6674
46.1392,31.9222,37.4379
38.0045,54.705,37.6426
28.5075,27.1415,37.7571
50.261,40.4178,37.5231
25.7671,47.6057,37.7018
41.9133,24.2897,37.9394
43.0064,47.0745,37.8526
28.3219,34.7382,38.6428
52.7469,32.0917,37.0896
32.9203,54.9561,36.411
33.6038,27.9509,38.1519
52.0667,45.2695,36.9433
27.5724,42.5148,38.478
44.3993,28.0638,37.6427
41.8059,52.4178,38.2839
27.0385,30.7048,38.758
48.5231,36.897,36.9681
27.9606,50.9565,37.446
38.7047,27.384,38.3489
46.4601,47.4301,37.3246
30.9742,37.3679,38.4497
48.8943,31.7267,37.4665
36.6568,52.3648,37.979
30.3217,25.6529,38.022
53.2917,40.6266,37.5621
25.0608,45.3526,37.8491
44.452,24.0766,38.0424
43.5354,49.6418,37.7564
25.4217,34.2352,38.4824
51.3399,33.8968,37.7338
30.7207,53.6605,36.8457
35.9774,29.4968,37.482
50.8429,46.9751,37.4321
29.0034,40.1668,38.9715
44.7799,30.9839,37.6121
39.5573,53.8781,38.516
27.7728,28.1348,38.5389
49.8791,38.9446,37.9122
26.36,49.1754,37.3952
40.9315,25.7436,38.719
44.6277,45.9651,37.9733
29.4674,35.3477,38.8295
51.1736,30.5723,37.85
34.7198,54.2109,36.8832
32.537,27.2193,38.7324
52.1388,43.6373,37.9507
25.8393,43.2863,38.1754
44.302,26.1117,37.8741
43.7694,52.3771,37.6666
25.3598,31.9988,38.2156
48.9953,35.1216,37.0657
29.2363,51.3757,38.4941
38.6915,28.4062,37.8178
48.0688,47.9122,37.5246
30.0426,39.0783,38.5949
47.1691,32.181,37.8045
38.0479,53.6772,38.3901
29.0158,26.5626,38.7123
51.3485,40.1234,37.5393
25.3284,46.6798,38.1895
42.7497,23.2913,38.3
43.4956,48.0087,38.2408
27.0688,34.9173,39.0081
52.3257,32.9891,37.6539
32.5881,54.2661,37.2556
34.425,28.6899,38.2963
52.2822,46.4142,37.1244
27.4667,41.3911,38.8979
44.2766,29.1006,37.9963
40.9607,52.876,38.9493
26.4948,29.6112,39.0242
48.1405,37.8896,37.3927
26.8096,50.8132,37.3624
39.3939,26.792,39.054
45.4926,46.7377,37.9475
31.0572,36.1955,38.594
49.5881,31.0468,38.2005
36.2452,53.5574,38.0172
31.08,25.4952,38.8615
52.3981,41.6821,38.1097
24.4917,44.4621,37.6977
45.2995,24.7371,38.3322
44.1666,50.454,37.9982
24.9679,33.1991,38.3942
50.8076,34.792,38.2956
29.9839,52.7131,37.3812
37.1116,29.8166,37.9029
49.9923,47.8459,37.8519
29.5098,40.9731,39.5304
45.89,31.0608,37.9733
39.0399,55.0592,38.1429
27.0765,27.1182,38.1353
49.4063,39.8501,38.0141
25.1482,48.6959,37.9245
40.9511,24.2423,38.8128
43.6421,46.448,38.4609
28.8018,35.0825,39.7157
52.3436,30.9732,37.9599
34.1514,55.1538,36.8359
32.9637,28.1405,39.0378
52.1619,44.7653,38.1276
26.6127,42.9966,38.8967
44.059,27.1775,38.1725
42.8733,52.6885,38.3727
25.8252,31.0185,38.7971
48.2612,35.8834,37.4454
28.1606,51.8827,38.2054
38.0362,28.0276,38.7352
46.9737,48.1767,37.9718
30.4631,38.0126,39.1062
48.3324,32.3132,38.171
37.422,52.767,38.8797
28.9445,25.4321,38.5472
52.4304,40.2878,38.1429
25.035,45.9256,38.8919
43.921,23.2824,38.6173
43.7018,48.8667,38.8304
26.0629,34.4355,39.4103
51.2496,32.8418,38.3345
31.5666,53.8438,37.4574
34.962,29.669,38.1615
51.4898,46.0047,37.6845
28.5406,41.4324,39.2453
44.0429,30.1316,38.2922
40.7255,53.8823,38.6608
27.2948,28.7615,39.2636
48.9615,38.234,38.2023
26.5546,50.0134,38.1357
40.006,25.7932,39.2163
45.4179,45.9411,38.938
30.5964,35.3831,39.0495
50.4964,30.6057,38.7234
35.1091,53.8532,38.009
31.9816,26.1495,39.5144
53.0123,43.0294,38.1509
24.7217,43.4828,38.1832
45.2803,25.7146,38.7349
44.3688,51.6118,38.1843
24.1941,32.3829,38.5608
49.4513,34.5398,38.2025
29.605,52.4957,38.5455
37.9993,29.41,38.261
48.9959,47.6317,38.3412
29.8012,39.851,39.5715
46.486,32.0013,38.5707
38.1071,54.7058,38.7495
27.9162,26.2687,38.601
50.5494,39.7563,38.4929
24.7179,47.5161,37.7715
41.8526,23.6683,38.8748
42.7547,47.0785,38.8813
27.7685,35.1708,39.7385
52.9151,32.0454,38.2013
33.2373,55.3384,37.4589
34.0028,28.3117,39.3052
52.8391,45.5806,38.1802
26.5722,42.0347,39.0661
44.6378,28.3272,38.777
41.9064,52.5882,39.2883
26.387,30.4372,39.6562
47.891,36.9561,37.9268
27.5303,50.983,38.4669
38.167,27.0778,39.1532
46.1457,47.7242,38.7305
30.7609,37.0237,39.4066
49.1037,31.903,38.8119
36.6569,53.4961,38.9699
29.9794,25.4638,39.0092
53.086,41.0103,38.5763
24.0586,45.2229,38.3262
44.6867,24.081,39.1357
43.5074,50.0818,38.7298
25.8758,33.2806,39.0313
50.689,33.6726,38.8987
30.6881,53.3377,38.0661
36.0072,29.8826,38.5273
50.5035,46.7056,38.4452
28.5906,40.4506,40.0509
45.1844,30.7514,38.75
40.0439,54.8109,38.6615
26.8898,27.6347,39.055
49.223,39.0613,38.8498
25.9608,49.1463,38.657
40.7663,25.015,39.4787
44.3519,45.8525,39.174
29.8242,34.829,39.6801
51.6193,31.0672,38.6766
34.9789,55.1008,37.699
32.836,26.7277,39.7504
52.4737,44.0717,38.8462
25.2406,42.7522,38.8559
44.4116,26.519,38.9931
43.8482,52.5847,38.7079
24.7377,31.4658,39.0611
48.5256,35.0099,38.0197
28.4382,52.0204,39.2147
38.7724,28.931,38.8189
47.9498,47.5886,38.6579
30.1635,38.8349,39.9147
47.7524,31.9823,39.0308
38.3336,53.5509,39.4393
28.4284,25.8794,39.5522
51.4066,40.4446,38.695
24.3886,46.7248,38.6612
42.7442,22.964,39.2968
42.6955,48.416,39.1002
26.8213,34.5514,40.0552
52.2884,32.7887,38.933
32.286,54.9327,38.1143
34.2014,29.4003,39.0298
52.2851,46.4051,38.5065
27.6772,42.0782,39.8893
44.0819,29.2099,39.0344
41.7128,53.6492,39.2732
26.8566,29.3812,40.029
47.5,38.0892,38.47
26.1327,50.8648,38.3811
38.7693,25.9763,39.4116
45.2413,47.1354,39.0204
31.3209,35.9657,39.8101
49.9717,31.4446,39.124
35.4378,53.8086,39.0074
30.7672,26.273,39.5956
53.3635,42.1138,38.6029
23.9766,44.1969,38.6978
45.2215,24.6908,39.7876
43.7604,51.1484,38.961
25.0844,32.5539,39.3806
49.9836,34.7114,39.2205
29.6291,53.7799,38.1725
37.0144,29.6107,39.0137
49.8397,47.4136,38.8706
29.6077,40.411,40.4393
46.3228,31.0337,39.0484
39.0368,55.3187,39.1732
27.203,26.6268,39.3505
49.4433,40.3153,38.9658
25.1772,48.2291,38.8552
41.1935,23.9422,39.836
43.6543,46.9247,39.4307
28.8731,35.6381,40.6298
52.39,31.7268,39.1262
33.9452,54.5247,37.6504
33.6709,27.5095,39.9661
53.3182,44.7921,38.8077
26.0638,43.0311,39.8141
44.6084,27.444,39.4596
42.9854,52.5374,39.4583
25.29,30.7645,39.7015
48.1671,35.9654,38.4988
27.1939,52.1228,38.9088
38.7774,28.1237,39.7567
46.9327,47.8325,39.3649
30.6273,37.8704,40.2125
48.4903,32.7682,39.1715
37.2403,53.3164,39.8632
29.2553,25.329,39.8847
52.3077,40.7016,39.2653
24.085,45.8769,39.4123
43.7362,23.871,39.7267
43.0427,49.62,39.8124
26.791,33.5008,39.5457
51.662,33.6363,39.1758
31.2624,54.5091,38.303
35.2828,29.6608,39.2672
51.2432,45.9282,38.9249
28.1984,41.3128,40.6174
45.0148,29.7518,39.2324
41.0788,54.6271,39.3139
26.3583,28.0758,39.9352
48.1814,38.8176,38.8399
25.5525,50.1154,38.8204
39.4722,24.9068,39.6575
44.6367,46.6319,39.8865
30.7886,35.1407,40.1504
51.1461,30.8678,39.7078
34.9811,54.7728,38.6876
31.5447,27.0868,39.8859
53.0407,43.1637,39.2651
24.2616,43.2165,39.1065
44.3503,25.6804,39.6428
44.7328,51.9957,39.133
24.0806,32.2263,39.6574
48.956,34.3583,39.2118
28.5725,53.1724,38.8576
37.9364,29.2744,39.4562
48.8408,47.9211,39.4073
30.2625,39.6283,40.8645
46.7713,32.0536,39.6255
38.4281,54.5668,39.8514
28.1402,26.8567,39.9228
50.5336,40.5847,39.3343
24.145,47.8758,38.7447
41.7576,22.6951,39.9712
42.7865,47.8298,40.1066
27.8795,35.0249,40.9289
53.2162,32.4367,39.2908
33.0953,54.2388,38.2181
33.675,28.797,40.2267
52.9216,45.9267,39.2505
26.593,42.0877,40.1751
44.4872,28.4648,39.7989
42.3016,53.0817,40.1983
25.6096,29.9354,40.3708
47.3765,36.9008,38.8705
26.8085,51.1762,39.3173
38.7877,26.9156,40.0547
46.1862,46.9322,39.4637
31.2474,36.9031,40.3728
49.5471,32.3971,39.6845
36.432,54.1168,39.9247
30.0977,26.0487,40.3832
53.046,41.5479,39.7055
23.4581,44.9642,39.2355
44.586,24.0881,40.4668
43.5037,50.5543,39.858
25.9016,32.975,40.1465
50.8133,34.1322,39.9069
30.3738,53.9503,38.9531
36.2938,30.0556,39.6126
50.4688,46.8464,39.5421
28.8019,40.5158,41.2266
45.6853,30.5713,39.9185
40.3289,55.3878,39.5121
26.3104,27.0194,40.111
48.6856,39.7146,39.5654
25.0631,49.3542,39.3168
40.18,24.2277,40.0846
43.6801,46.0741,40.0651
29.8439,34.9752,40.7134
51.9803,30.4942,40.1715
33.959,55.2775,38.3678
32.4796,27.2842,40.7942
53.0992,44.1531,39.686
24.8393,43.0123,40.0262
44.3666,26.7487,40.2112
44.3935,53.1699,39.4674
24.0568,31.2065,39.927
48.7742,35.406,39.2444
27.7139,52.8086,39.4736
39.0708,29.0406,40.0618
47.8921,47.3866,39.7483
30.7895,38.6225,40.993
47.4923,32.8961,39.8847
38.1592,53.6798,40.4968
28.9326,26.3633,40.3949
51.4214,41.1627,39.8497
23.3713,46.8168,39.1248
42.6292,23.7836,40.1447
43.6198,48.7656,40.1225
27.7477,34.0268,40.5745
52.6155,33.2258,39.9938
32.1816,53.9749,38.7575
34.738,29.1144,40.0706
51.9658,46.1983,39.674
27.1126,41.1364,40.8102
44.3288,29.5114,39.9723
41.4678,54.3081,40.3564
25.9502,28.8969,40.5388
47.6906,37.7288,39.4453
25.6864,51.2006,39.4733
39.3771,25.8602,40.2284
45.5934,46.8794,40.355
31.2865,35.9167,40.8738
50.2351,31.5784,40.1388
35.6874,54.6924,39.5595
31.1407,25.9447,40.5389
53.6419,42.3731,39.8253
23.5908,43.8218,39.6576
44.5047,25.1289,40.5836
44.5218,51.0236,39.8302
25.0014,31.8497,40.1132
49.7508,34.041,40.0878
29.4687,53.565,39.3223
37.053,29.2381,40.0203
49.8019,47.6223,40.1711
29.1124,39.508,41.0589
45.9024,31.9493,40.1333
39.488,54.8636,40.2716
27.463,26.3533,40.4983
49.6749,39.9478,40.0513
24.1663,48.6241,39.7428
40.8639,23.2408,40.48
43.6048,47.2132,40.6213
28.9318,34.5977,41.4653
52.7074,31.5681,40.1877
34.0371,54.0945,38.6894
33.244,28.0803,40.9989
53.6247,45.1821,39.7136
25.7246,42.7006,40.8046
43.7812,27.7696,40.1555
43.2576,53.7028,39.8518
24.7407,30.5865,40.7608
47.8915,35.814,39.6912
27.5235,51.8982,40.0023
39.5219,27.9426,40.5559
46.8703,47.2124,40.3046
31.4304,37.5145,41.3361
48.5814,32.921,40.2743
37.4329,54.6425,40.6644
29.8916,25.1288,41.0465
52.7491,40.7759,40.4221
23.229,45.8319,40.0506
43.5654,23.8123,40.7894
44.2004,49.749,40.1776
26.7934,33.4676,40.7404
51.4066,32.9759,40.0855
31.2524,53.3376,39.1756
35.4306,29.8825,40.4073
50.9202,46.0517,40.142
27.7439,40.9722,41.6349
44.4724,30.5932,40.0522
41.1662,55.4219,40.2416
26.279,27.8091,40.9605
48.74,38.27,39.6364
25.3984,50.1957,39.8619
39.6833,24.7763,40.8184
44.5773,46.516,41.0081
30.71,35.1236,41.4556
51.0625,30.792,40.7636
34.7469,55.4163,39.5671
31.2928,26.9472,41.0498
53.9606,43.4153,40.0521
23.509,42.8272,40.0227
43.6313,26.047,40.6695
44.2509,52.1349,40.0553
24.189,32.0994,40.88
48.8389,34.6464,40.2769
28.8869,53.1243,40.1778
38.0247,28.8523,40.5031
48.629,47.9042,40.6015
29.7166,38.6984,41.5316
46.4993,32.7869,40.4686
38.8766,54.9524,41.1622
28.225,25.6066,40.8683
50.6549,40.2651,40.329
24.4828,47.5509,39.7522
41.9155,23.2798,40.9219
43.2127,48.2132,41.1619
27.9877,34.0077,41.8511
53.4785,32.5752,40.7919
33.1834,53.9506,39.2712
33.5157,29.2475,41.1814
52.6208,45.4633,40.2837
26.2417,41.8117,41.202
43.5834,28.8114,40.5453
42.3266,53.9216,40.9449
25.1032,29.4024,41.1638
47.6601,36.7352,40.1454
26.3654,51.6899,40.3216
39.8874,26.8001,40.7235
46.0657,47.9341,40.5705
31.4577,36.4761,41.7781
49.2537,32.1289,40.7114
36.4644,55.0028,40.4824
30.5265,26.0639,41.4328
53.3903,41.7149,40.7571
23.9831,44.707,40.1251
44.1456,24.3951,41.5038
43.8094,50.9433,40.8851
26.1722,32.5004,41.0331
50.5432,33.2909,40.5169
30.3248,53.2535,39.8702
36.5302,29.8694,40.7335
50.3382,46.8089,40.6167
28.0654,39.6435,40.8775
45.2181,31.2552,40.5267
40.2704,55.0172,40.8992
26.5646,26.7548,41.1473
49.54,38.8415,40.3126
24.4506,49.6923,40.2413
40.4319,24.0654,41.0805
43.5968,46.4165,41.3241
29.5192,35.5533,41.6139
51.8729,31.4882,40.9522
33.9003,54.7246,39.4533
31.9987,27.5282,41.6462
53.7015,44.5473,40.5383
24.601,42.1427,40.8344
44.0562,27.2484,41.2364
43.6685,53.0292,40.5254
24.0371,30.9475,41.3697
48.8081,35.9106,40.2244
28.0119,52.6336,40.5788
38.8232,28.3904,41.2673
47.883,47.1655,40.8539
30.2694,37.6491,41.5192
47.5086,32.4475,40.9716
37.904,54.6727,41.7108
28.9243,25.2708,41.5472
51.5269,40.7034,40.9683
23.9656,46.6152,40.2338
42.8764,23.1307,41.3849
43.1818,49.2719,40.9655
26.8774,34.3427,41.2933
52.3773,32.5809,40.8989
32.3557,53.1553,39.6173
34.6621,29.0908,41.1427
51.8214,46.0242,40.7754
26.7146,41.0557,41.8312
44.5195,29.8597,40.9555
42.2315,55.0591,40.7338
25.4557,28.3547,41.3833
48.0921,37.625,40.5866
26.2962,50.6534,40.4576
40.0298,25.7479,41.3587
45.0041,47.453,41.2378
31.4824,35.5709,42.1992
49.9976,31.4656,41.2471
35.2477,55.0318,40.4917
31.5202,25.6401,41.4197
53.9943,42.6152,40.7941
23.8838,43.798,40.7591
43.5097,25.2615,41.4061
44.5961,51.6549,40.9363
25.1967,31.7516,41.3438
49.5789,33.8664,41.2882
29.7213,53.3078,40.8028
36.926,28.8919,40.9837
49.2263,46.9381,40.821
28.5905,38.6035,41.1167
46.2284,31.8329,41.2484
39.5713,55.8011,41.0458
27.4978,26.1794,41.595
50.0787,39.5091,40.8996
24.5827,48.5135,40.7214
41.1245,22.9411,41.5103
42.5399,47.4406,41.4236
28.4086,35.502,41.9055
52.8975,31.5405,41.289
34.3513,53.6934,39.6983
32.7908,28.419,41.9275
53.6062,45.5413,40.887
25.2747,41.8623,41.6565
43.8315,28.229,41.4389
43.3662,54.0679,41.1201
25.5426,30.3368,41.5164
47.7674,36.1407,41.0322
27.1201,52.3533,41.1722
38.9447,27.2451,41.1846
46.6414,47.4703,41.3383
31.1078,37.2997,42.3941
48.4838,32.4645,41.3684
37.1001,55.4591,41.3288
29.903,25.4829,42.0283
52.2037,41.6602,40.923
24.2189,45.5426,40.595
42.9406,24.2011,41.7596
43.9548,49.997,41.3731
26.2257,33.5666,41.5962
51.5371,33.3925,41.2281
31.3829,53.0449,40.2443
35.4153,29.8244,41.4474
50.7389,45.9391,41.2219
27.3239,39.9256,42.1865
44.7253,30.8964,41.4033
41.2557,55.1656,41.3893
26.19,27.4227,41.9727
48.2589,38.766,40.6133
25.9681,49.5293,40.4383
39.9565,24.6584,41.8281
44.0079,47.1876,41.8393
30.4289,35.7363,42.3575
50.9454,31.1652,41.7341
34.0833,55.0979,40.5924
32.2164,26.4232,41.6724
54.3648,43.8223,41.0782
23.5971,42.7921,41.1304
44.0924,26.3464,41.7688
44.3693,52.6456,41.2675
23.957,31.7836,42.056
49.5639,34.9369,41.0082
29.0168,52.0635,40.4649
37.7352,28.7665,41.7141
48.7571,47.4713,41.7723
29.1862,37.6968,41.6634
46.3714,32.877,41.4917
38.5089,55.7727,41.713
28.1335,25.4431,42.1535
50.6637,40.7083,41.5762
24.4066,47.4712,40.8594
42.0677,23.2834,42.0746
42.5385,48.7347,41.8127
27.3164,35.0407,41.9476
53.3673,32.5745,41.9631
33.3239,53.1604,40.105
33.7256,28.926,42.1973
52.5918,45.4008,41.47
25.5724,40.7671,41.4185
43.7693,29.2795,41.5382
42.6326,54.6196,41.7862
25.7775,29.3769,41.9428
47.3053,37.0982,41.186
26.7868,51.3187,41.2496
39.0868,26.1117,41.4082
45.9178,48.2,41.6326
31.8109,36.4937,42.8105
49.2972,32.0054,41.8533
35.8435,55.0187,41.392
31.0153,25.9514,42.4673
53.07,42.4612,41.5065
23.4468,44.8971,41.1732
43.675,24.74,42.3979
44.8015,50.6977,41.4709
26.0947,32.5435,42.1011
50.4695,33.3042,41.5972
30.4688,52.4519,40.6938
36.3936,29.5489,41.8014
49.8792,46.6254,41.6779
27.4502,38.8682,41.5631
45.7896,31.0852,41.8774
40.371,55.5894,41.8159
26.6295,26.514,42.4095
49.0174,39.455,41.0738
25.3852,49.1324,41.1495
40.43,23.8046,42.2637
43.1586,46.6362,42.3159
29.4818,35.0819,42.7551
52.0257,31.3138,42.1187
34.1944,54.0618,40.6612
33.008,27.3493,42.0356
53.5937,44.6591,41.6096
23.8398,41.6456,41.498
44.4324,27.8235,42.4335
43.9224,53.4394,41.8609
24.637,30.9438,42.2936
48.6568,35.4555,41.3209
28.2052,51.6603,41.0251
38.2467,27.8322,41.9192
47.4443,46.8789,41.8987
29.7899,37.0809,42.4555
47.5416,32.9899,42.0485
37.4394,55.0051,42.5569
29.2106,25.2862,42.8422
51.3762,41.6087,41.6922
24.1817,46.4236,41.2929
43.1013,23.3448,42.5332
43.2583,49.4614,42.1233
26.4307,34.3305,42.3009
52.5352,33.3051,41.9144
32.2377,52.5225,40.5125
35.0311,29.0014,42.2336
51.7138,45.9742,42.025
26.2778,39.6531,41.789
44.9033,29.4672,41.8696
42.2759,55.6741,41.829
26.0457,28.3434,42.4417
47.9788,37.8674,41.6148
26.217,50.7165,41.9385
39.7489,25.5906,42.316
45.2395,47.4616,42.3174
31.0497,35.3094,43.1921
49.9766,31.269,42.276
34.6834,55.0401,41.4731
32.0462,25.5704,42.6782
53.8336,43.2094,41.889
23.3969,43.6513,41.7211
43.6253,25.8227,42.682
44.0636,51.6441,41.9445
25.1893,32.015,42.4215
50.0787,34.4481,42.0456
29.6303,52.2613,41.3863
36.5909,28.5545,42.164
48.6874,46.2765,41.5852
28.2519,38.1871,42.125
46.2453,31.8834,42.3371
39.5172,56.1768,42.0624
27.4198,25.9583,42.897
49.6486,40.4597,41.6758
25.1378,48.0752,41.6229
41.05,22.8149,42.6865
42.8489,47.828,42.3481
28.3726,34.8158,42.844
53.0073,31.288,42.609
34.3984,52.953,40.6466
33.9423,27.8376,42.3024
53.3936,45.8111,41.9421
24.6488,40.9943,41.87
43.7094,28.7141,42.5712
43.5736,54.5257,42.4116
25.216,29.9814,42.5802
47.732,36.3505,42.0386
27.6185,51.6261,41.9264
38.5503,26.8375,42.0765
46.5896,47.3802,42.6458
30.5029,36.6232,43.2764
48.4142,32.7224,42.5387
36.4401,55.7145,42.1304
30.2143,24.7994,42.8464
52.069,42.2809,42.0274
24.0912,45.683,42.0579
42.7332,24.3309,42.9103
43.9692,50.5171,42.3005
26.0865,33.4355,42.8106
51.4709,33.2023,42.308
31.3662,52.0647,40.9364
35.6985,30.07,42.5034
50.4808,45.9581,42.2682
26.4068,38.5778,42.1544
45.0981,30.5005,42.4361
41.3975,55.9669,42.2768
26.4811,27.2851,43.2205
48.6799,38.7845,42.0041
26.5828,49.8339,41.2947
40.3389,24.6796,42.8219
44.4416,46.5338,42.7185
30.0454,35.715,43.3969
51.1388,31.3659,42.7268
33.716,54.7026,41.6688
32.5606,26.6627,42.724
54.2854,44.2033,42.3672
23.3647,42.476,42.29
44.2371,26.7652,42.8872
44.3568,52.599,42.4271
24.3695,31.742,43.1736
49.1514,35.0428,42.1854
29.3721,51.2154,41.3427
37.5952,28.3272,42.6754
48.2664,46.962,42.5537
29.2752,38.0035,42.8803
46.5308,32.8592,42.5292
38.1428,56.444,42.6087
28.276,25.2855,43.4355
50.3843,41.5312,42.2766
24.9215,47.0526,41.835
42.1691,23.2591,43.2494
43.3645,48.5818,42.8275
27.0488,34.8625,43.2766
53.0102,32.4509,42.9535
33.279,52.6947,41.1357
34.3435,28.6267,43.1
52.4186,45.3838,42.6187
25.6046,40.318,42.4081
44.5539,29.4087,42.8938
42.8984,55.3077,42.8128
26.5725,29.2367,42.6528
47.4528,37.4104,42.6774
27.1126,50.8722,42.5385
38.7709,25.9504,42.6837
45.9451,48.2125,42.8036
31.3251,36.3229,43.8998
49.3517,31.8147,42.9688
35.4379,55.3183,42.3427
31.1196,25.2923,43.3545
53.1387,42.4255,42.5325
23.736,44.6437,42.3734
43.4422,25.1013,43.4534
45.093,51.1607,42.3535
26.4266,32.3786,43.0569
50.3693,33.5394,42.6533
30.515,51.6265,41.4989
36.3647,29.2425,42.9905
49.462,45.8332,42.5321
27.3306,38.1793,42.7791
45.7943,31.1965,42.9992
40.3134,56.132,42.8147
26.555,26.2254,43.6191
49.3655,39.6063,42.4058
26.3411,48.5272,41.7355
40.7168,23.6417,43.3164
43.417,47.2416,43.193
28.9659,35.1973,43.6583
52.127,31.5979,43.1582
34.1324,53.6635,41.6778
33.0091,27.5903,43.3998
53.7774,45.0821,42.8874
24.3422,41.8811,42.3502
43.6183,27.6055,43.2098
44.4627,53.6968,42.8195
25.4088,30.9768,42.9689
48.7781,36.0348,42.3581
28.5502,50.8678,42.1905
37.7465,27.211,42.9557
47.2717,46.8266,43.1631
30.2524,37.6666,43.3337
47.4585,32.6295,43.1527
37.2269,55.972,43.1045
29.4728,25.008,43.8167
51.0994,42.094,42.7483
24.6938,46.3873,42.7091
43.1985,23.4235,43.7243
43.9229,49.5164,42.9996
26.0073,34.3317,43.2972
52.2569,33.3908,43.1026
32.3368,52.1185,41.4134
35.0485,29.5367,43.2998
51.1959,45.5059,43.0387
25.819,39.3487,42.8407
45.6463,29.3753,42.6956
41.8366,55.1395,42.845
26.5705,28.377,43.4002
47.8471,38.4928,42.5671
26.4583,49.811,42.3407
39.4936,25.1407,43.2995
45.0636,47.9004,43.459
30.7104,35.5068,44.3309
50.379,32.1011,43.0448
34.2282,54.8955,42.6097
31.8507,25.9454,43.8114
53.9733,43.184,42.9505
23.4877,43.7057,42.9025
44.3171,25.7827,43.6735
44.6641,51.7742,43.0065
25.4163,32.1403,43.6591
49.3214,34.0586,43.0068
29.74,51.6888,42.3009
36.6321,28.1727,43.1697
48.2361,45.9158,43.0307
28.2661,37.9647,43.2234
45.8931,32.2563,43.2129
39.1351,55.8895,43.1383
27.5279,25.7184,44.036
49.9211,40.4664,42.9525
25.8949,47.6833,42.1656
41.2907,22.9441,43.9212
42.6803,47.9826,43.3903
27.9421,35.1017,43.8558
53.0417,31.5059,43.7675
34.1754,52.4429,41.6006
34.2152,27.6978,43.7229
53.131,46.414,43.2177
24.829,40.9243,43.0127
44.2237,28.5438,43.4753
42.8903,53.9159,42.9404
26.1168,30.0941,43.2352
48.1884,36.7589,42.9109
28.0629,51.217,43.443
38.8016,27.0484,43.1099
47.0248,48.2813,43.2661
31.0795,37.4262,44.0471
48.4258,32.5235,43.6489
36.1901,55.4647,43.2282
30.5553,24.8826,44.1143
52.2838,42.0263,43.0345
24.28,45.4371,43.1067
42.8945,24.4117,44.0414
44.276,50.6788,43.3497
25.533,33.4383,43.8279
51.1513,33.821,43.2757
31.5744,51.3094,42.0015
35.822,29.8571,43.8544
50.1738,45.6085,43.366
26.4542,38.4532,43.2764
45.3154,30.4242,43.5675
40.9545,55.4577,43.2271
26.544,27.4742,44.3115
48.3989,39.2114,43.0363
27.2986,49.0608,42.1284
39.8237,24.1892,43.6367
44.3075,47.0316,43.7137
29.7519,35.1728,44.3705
51.241,31.4272,43.8601
34.8153,53.7697,42.6871
32.7838,26.6759,43.8469
53.8785,44.317,43.5816
24.2743,42.9022,42.854
43.6933,26.6489,43.9477
44.1895,52.6766,43.4565
24.7491,31.1803,44.1149
48.8957,34.9986,43.414
29.5146,50.3126,42.1745
37.661,27.9727,43.6515
48.188,47.0733,43.6152
29.1324,37.5308,43.891
46.4947,33.0017,43.9002
38.0639,55.433,43.5029
28.7867,25.7813,44.3457
50.5222,41.2762,43.2855
25.8982,46.6221,42.1148
42.4375,22.8536,44.2613
43.5534,48.7687,43.8214
26.6388,35.0683,44.2062
53.1747,32.6706,43.961
33.3284,51.5904,41.663
34.6416,28.8514,44.1379
52.0726,46.3387,43.2778
24.8701,39.7175,43.2368
45.3198,28.8927,43.7374
42.5351,54.6849,43.8638
26.9703,29.5137,43.5503
48.4807,37.8502,43.1653
27.0187,50.3738,43.5063
38.8263,26.1057,43.7123
46.1162,48.0096,43.7425
30.9934,36.5233,44.9423
49.5262,32.5183,43.8605
35.3817,54.5892,43.4
31.5997,24.9691,44.4048
53.1797,42.2177,43.5361
24.4479,44.2786,43.0412
42.9229,25.5514,44.2821
45.3118,50.9907,43.6356
26.3222,32.4477,44.0891
50.1861,34.0164,43.6534
30.8917,51.5892,42.7575
36.1393,28.7956,43.8784
49.0365,45.5968,43.5459
27.5192,38.6156,43.7244
46.0842,31.4384,43.9636
39.9875,54.9826,43.1484
27.4917,26.9315,44.4276
49.0605,40.1072,43.3516
27.2121,48.0196,42.3207
40.9811,24.0443,44.3109
43.3707,46.715,44.1789
28.5262,35.229,44.8785
51.9065,31.8395,44.5707
34.8,52.6771,42.522
33.3804,27.4317,44.406
53.7769,45.3281,44.0487
24.4132,41.9943,43.5277
44.3758,27.4818,44.1993
43.1819,52.8853,43.2642
25.6247,30.3441,44.0954
48.8964,36.0665,43.4111
28.8621,50.5794,43.3936
37.9259,26.9776,44.0226
47.2771,47.5074,44.048
30.0815,37.4279,44.5217
47.6504,33.0218,44.3276
37.0716,55.0423,43.7509
29.7979,25.3435,44.8033
51.5136,41.288,43.6236
25.4397,45.6795,42.6188
43.3991,23.7232,44.7944
44.1388,49.8476,44.0682
25.6899,34.2588,44.3382
52.1114,33.3746,44.233
32.5587,51.22,42.3569
34.8385,29.9413,44.4084
50.8537,46.4933,43.5761
25.5722,38.8625,43.8021
46.1214,29.5743,43.6599
41.4422,54.9881,44.1437
26.8476,28.7793,44.3646
47.8615,38.6081,43.7822
27.0589,49.3844,43.1282
39.0683,25.0315,44.3602
45.4921,47.2167,44.4608
30.4713,35.6416,45.3524
50.3262,31.8156,44.1333
34.3565,54.1318,43.628
32.5234,25.5823,44.5357
53.4821,43.3486,43.9896
24.081,43.5449,43.7625
43.9176,25.4993,44.701
44.9334,52.0886,44.0225
25.825,31.4673,44.5753
49.0603,34.362,44.2065
30.3881,50.631,42.6707
36.7942,28.1117,44.3528
47.9947,46.1489,44.1383
28.538,38.3366,44.2056
45.6861,32.4365,44.2815
38.9905,54.9339,43.8262
27.9748,26.0741,44.9872
50.0486,40.7227,44.0524
26.8016,47.0847,42.5309
41.4301,23.3442,45.0238
43.3512,47.8498,44.2544
27.4986,34.9487,44.9029
52.9863,31.8529,44.8305
34.2202,51.6665,42.4463
33.6001,28.599,44.25
52.7545,45.8477,44.1045
24.6616,40.6087,44.0598
45.169,28.1609,44.5067
42.8976,53.6276,43.9426
26.7389,30.5302,44.1811
49.2288,37.2167,43.4848
28.1333,50.5623,44.3198
38.9989,27.0759,44.2124
47.208,48.6797,44.2929
30.4875,37.1882,45.555
48.6693,33.1851,44.6214
36.2781,54.3483,43.9007
30.9096,24.5092,45.0925
52.4036,41.6406,44.2511
25.1475,45.0027,43.5025
43.2013,24.8146,45.0689
45.0938,50.4301,44.6481
25.034,33.5352,44.8132
51.0278,33.8454,44.4737
31.7883,51.1061,43.0843
35.8361,29.7233,44.874
49.7358,46.5364,44.0273
26.6896,38.5813,44.283
45.7983,30.4438,44.5594
41.107,54.1273,43.4844
27.3895,27.9046,45.0251
49.2473,39.1088,43.7346
27.4708,48.4258,43.2872
39.9924,24.3553,44.7329
44.25,46.7482,44.8858
29.6161,34.929,45.3735
50.8165,32.075,45.0169
34.499,53.07,43.5721
33.0705,26.4473,44.9141
53.8456,44.3343,44.8915
24.9018,42.872,44.0577
44.5859,26.4212,44.5373
43.7415,51.7124,43.7336
25.2345,30.6987,45.0861
49.8138,35.5356,43.9043
29.7341,49.7271,43.0615
38.0872,27.7965,44.6707
47.6034,46.917,44.7733
28.8211,37.5336,44.8314
46.8056,33.3201,44.8825
37.9976,54.5333,44.2787
28.9089,25.734,45.384
50.4087,41.9378,44.1058
26.6175,45.8804,42.6748
42.4125,23.709,45.2019
43.936,48.6419,44.9611
26.6611,34.0631,44.768
52.6354,32.8294,45.0682
33.3521,50.8282,42.969
34.0178,29.524,44.9944
51.5793,46.1876,44.3429
25.5468,39.9896,44.2902
46.3314,28.7211,44.3307
42.442,54.2418,44.8978
27.3485,29.7091,44.6456
48.6873,37.5671,44.4717
27.3378,49.9217,44.5299
39.2696,26.0192,44.6795
46.4481,47.8261,44.7931
30.8036,36.4685,46.1984
49.7029,32.6541,45.004
35.1264,54.5448,44.4709
31.7479,25.1573,45.3981
53.2039,42.308,44.6248
24.3618,44.5977,44.1418
42.9316,26.0972,45.1416
45.7226,51.277,44.6381
25.4106,32.5945,45.0217
50.1133,34.6442,44.5867
30.6922,50.9334,43.752
36.6595,29.0767,44.7913
49.0348,45.9257,44.6363
27.9739,39.2544,44.7285
45.5348,31.41,45.0693
40.0373,54.2463,44.1422
27.4231,26.6112,45.7399
49.1878,40.1122,44.3838
27.907,47.4257,42.9885
40.775,24.2611,45.4543
43.4203,47.2713,45.3493
28.7428,34.2143,45.4587
51.7911,31.2231,45.535
34.6699,52.0434,43.381
33.0826,27.8534,45.2826
53.1533,45.1309,44.934
24.4163,41.6382,44.5194
45.3999,27.0968,44.7173
43.05,52.3704,44.293
26.0428,29.9851,45.2431
49.3054,36.6052,44.3121
29.5059,50.1197,44.1095
38.4647,26.9971,45.4494
47.743,47.9287,45.1422
29.6972,38.0671,45.5902
47.9399,33.2216,45.3023
37.0939,54.7797,44.8567
29.9446,25.5681,45.971
51.3184,41.6528,44.6395
26.3246,44.9017,43.172
43.234,24.1846,45.9041
44.7431,49.5179,44.9321
25.7552,34.1539,45.4863
51.6534,33.6288,45.337
32.6373,51.6885,43.3267
34.979,29.8088,45.6425
50.6866,46.8137,44.6173
25.8753,39.1092,44.8602
46.5471,29.6315,44.8121
41.7857,53.6359,44.1378
27.9138,28.9122,45.0809
48.6529,38.7221,44.5685
27.8213,48.9121,44.0954
39.1606,24.7003,45.3435
45.547,47.0452,45.4847
29.9468,35.605,46.3411
49.7723,31.4255,45.2978
34.9386,53.4699,44.4393
32.9698,25.7184,45.7958
53.4171,43.135,45.2276
24.5126,43.6984,44.7696
44.0324,26.1014,45.5274
44.3777,51.366,44.564
25.3218,31.6294,45.5663
49.316,35.3267,44.7645
30.9952,49.6838,43.1965
37.5405,28.5309,45.2941
48.1772,46.1665,45.4087
27.7726,38.249,45.0273
46.2525,32.0893,45.2246
38.9327,54.0032,44.3301
28.3266,26.0635,46.2657
49.6874,41.1704,45.0177
27.3106,46.5348,43.2712
41.4876,23.7443,46.0364
43.2032,48.1923,45.8003
27.7646,33.9561,45.3525
52.8026,32.1859,45.9272
34.5043,50.6874,43.0821
33.4735,28.8304,45.5841
52.4314,46.0564,45.223
25.5652,41.0704,44.7002
46.0503,27.8441,45.164
42.9285,53.2842,45.0379
26.9542,30.5603,45.2759
49.9872,37.5612,44.5386
28.8022,49.86,44.9215
39.664,26.9506,45.471
46.9386,48.4592,45.5457
30.1281,37.6223,46.6618
49.2172,33.2929,45.6471
36.2339,54.0188,45.0779
30.9803,25.8657,45.7996
52.2312,42.0246,45.244
25.8644,44.6175,44.1436
43.508,25.3738,46.0553
45.6467,50.6839,45.8043
25.0659,33.095,45.8915
50.8691,34.4543,45.3066
31.8091,51.4373,44.0735
35.8049,28.6685,45.3006
50.0063,45.7987,45.1713
26.9376,39.2016,45.0784
45.8525,30.295,45.5934
40.7883,53.2259,44.1123
27.9237,28.0261,45.9084
49.8957,39.239,44.7338
27.7544,47.6869,43.9721
40.2573,25.2188,45.538
44.4483,47.4398,45.7192
29.1205,34.795,46.425
50.7238,31.415,46.0569
35.631,52.493,43.9653
33.5668,26.8209,45.7097
52.8195,44.0268,44.9626
24.6677,42.5232,45.1284
44.7719,26.8305,45.7967
43.0316,51.3209,44.4709
25.4122,30.6024,46.1471
50.2092,36.0704,44.8005
30.3589,49.4427,44.0016
38.0135,27.7888,45.9411
48.2954,47.2977,45.7883
28.6036,38.2419,45.7627
47.0732,32.6332,45.6518
38.1107,54.573,45.3687
29.2898,26.6206,46.3237
50.0854,42.0746,45.3006
27.3313,45.4078,43.5148
42.1604,24.5229,45.8387
43.8097,49.3003,45.9277
26.7978,34.4938,45.8601
52.6241,33.8001,45.8226
33.7687,51.3459,43.8447
34.5102,28.8419,45.8909
51.2059,46.1044,45.5037
25.7229,40.1569,45.6979
46.3081,28.888,45.4967
41.9459,53.1516,45.0489
27.2456,29.388,45.7666
49.364,37.9933,45.3199
27.9705,49.1156,45.2683
39.0505,25.8702,46.0351
46.6127,47.3475,45.8793
29.837,36.5595,46.7983
49.0466,32.2095,45.7678
35.4349,53.7021,45.6387
31.9444,26.1741,46.0193
52.9835,42.427,45.8516
25.2107,44.7788,44.9874
43.0545,26.3657,46.2579
44.8714,51.3603,45.4619
26.0173,32.4675,46.0581
49.77,34.7518,45.6458
31.6564,50.2266,43.7284
36.6647,29.0422,45.94
49.1898,46.4433,45.6076
27.7795,38.9531,45.7264
46.2291,31.2759,45.8691
39.7951,53.3706,44.6698
28.3152,27.2428,46.6192
50.1533,40.1618,45.2677
28.3165,46.7616,43.6767
40.8499,24.4779,46.5908
43.8154,47.7031,46.6159
27.8883,34.8678,46.0456
51.5756,31.9923,46.3232
35.56,51.4234,43.5549
33.9826,27.8591,46.1122
52.3884,44.965,45.8615
25.035,41.7016,45.7377
44.8857,27.9641,45.6063
42.5114,51.9311,45.1658
26.4132,30.2557,46.2126
49.6795,36.6926,45.4902
29.7053,49.1607,44.9104
38.9751,27.3785,46.3232
47.6535,47.8004,46.4926
29.0065,37.566,46.5122
48.0642,32.615,46.1873
37.2137,54.0253,45.5945
30.4622,26.81,46.3726
51.1764,42.1818,45.5288
26.9353,44.7534,44.2929
42.7603,24.8288,46.6431
45.2092,49.7412,45.9611
26.359,33.553,46.1781
51.7019,34.8563,46.032
32.868,51.5748,44.3363
35.6302,29.2733,46.2833
50.1937,46.631,46.0341
26.2967,39.3846,46.1085
46.5209,29.8169,46.2322
40.995,53.7025,45.2004
28.2017,29.081,46.284
49.1803,39.1835,45.5305
28.6012,48.2312,44.4247
39.5682,24.967,46.3449
45.3854,47.8788,46.1362
29.4627,35.6285,47.2042
49.9445,32.1158,46.2901
35.5212,52.7271,45.0875
32.7666,26.2005,46.7063
52.8316,43.3002,46.414
25.5304,43.29,45.0484
43.6273,27.2829,46.1921
43.7198,51.5151,45.3449
25.6017,31.4092,46.873
49.4307,35.7233,46.0289
31.4821,49.3543,44.3238
36.9363,27.8903,46.4516
48.2648,46.4175,46.3693
27.6895,38.1403,46.4053
46.4107,32.2897,46.3769
38.7369,53.1715,45.1729
29.1955,26.9898,47.527
50.688,41.1913,45.6036
27.2699,46.0569,44.4805
41.7507,24.5103,47.149
43.5728,48.8812,46.8589
27.4256,34.0334,46.617
52.327,32.8245,46.6848
34.5888,50.4357,44.1355
33.8002,28.8195,46.8177
52.1757,45.9342,46.369
26.0919,41.1666,45.7212
45.9507,28.2422,46.2703
42.4033,52.8419,46.0624
27.5814,30.4163,46.0972
50.3964,37.7294,45.532
29.0634,49.2837,45.9187
39.4437,26.67,46.9053
46.5757,48.0641,46.6264
29.4784,37.6272,47.4868
49.0309,32.8294,46.7777
36.3379,53.5138,46.1435
31.2466,26.2379,47.0188
52.0234,41.6783,46.3056
26.3685,44.0452,44.8895
43.5135,25.6552,47.0545
44.9493,50.6307,46.5654
25.7299,32.9418,46.9056
50.8103,33.9616,46.2363
32.5081,50.6265,44.1599
35.9271,28.245,46.6051
49.9369,45.4632,46.2644
27.2057,40.0766,45.6401
45.6037,30.6398,46.5118
40.3087,52.7926,45.4711
27.5089,28.3276,46.8955
50.2315,39.2547,46.044
27.9135,47.5989,45.0128
39.9909,25.9041,46.5007
44.7851,47.3066,46.769
28.2516,35.894,46.7354
50.7663,31.9131,47.0622
36.122,51.8395,44.6227
33.0909,27.4001,46.5495
51.949,43.9666,45.8132
25.2686,42.6825,46.0027
44.5451,27.3581,46.6952
42.8166,50.9579,45.5043
26.3046,31.3585,46.1166
50.4768,36.0864,46.0296
30.5658,49.8118,44.9146
38.2293,28.2179,46.9439
48.3466,47.4838,47.2634
28.784,38.7705,46.7584
47.3112,31.8055,46.558
38.3305,53.6962,45.9884
29.7443,27.4724,46.7169
50.1632,41.8475,46.3097
27.9291,45.2058,44.714
41.7314,25.3392,46.4225
44.6956,49.1283,46.6575
26.4293,34.4924,46.9194
51.9288,33.8743,46.6282
33.7009,50.8111,44.7328
34.9585,28.4206,46.8889
51.0561,45.5645,46.3409
25.8721,40.6051,46.6235
45.5743,29.3132,46.625
41.4325,52.5988,45.796
27.1285,29.3989,46.8746
49.6956,38.3433,46.3575
28.6254,48.2935,45.5454
38.977,25.5132,47.0205
46.0226,47.0473,46.7554
28.8885,36.5277,47.4302
48.9985,31.7908,46.8669
36.4322,52.6542,45.6168
32.0708,27.0348,46.8788
51.8734,42.7472,46.2422
25.9291,44.1633,46.1008
43.3279,26.9403,47.23
43.8524,50.6643,45.9386
26.4809,32.1624,46.9441
50.3741,35.1479,46.5645
31.7673,50.165,44.9471
36.779,28.8674,46.9507
49.3275,46.5238,46.7754
27.9411,39.6282,46.525
46.2363,31.3349,46.9704
39.5978,53.4176,45.959
28.894,28.0512,47.0556
49.7236,40.3974,46.4055
28.2183,46.5121,44.7989
40.7836,25.5395,47.1683
44.4345,48.2159,47.294
27.5491,35.0458,47.0049
51.2945,32.9617,46.9396
35.3117,50.8721,45.025
33.879,27.8032,47.1649
51.7961,44.768,46.7848
25.7023,41.8771,46.6257
44.8945,28.4002,46.7154
42.0078,51.6595,46.1458
27.0061,30.7099,46.9476
50.1552,37.0924,46.4617
30.1667,49.2989,46.116
38.354,27.1444,47.1546
47.2943,46.9029,47.0303
28.4462,37.8127,47.3015
47.9748,32.2652,47.3343
37.3796,52.9653,46.0143
30.9119,27.2203,47.2806
51.1077,42.0974,46.792
27.2338,44.7501,45.3891
42.4674,26.1904,47.2287
44.105,49.9838,46.7624
26.5969,33.4574,47.2278
51.4032,34.6101,47.2435
32.8862,50.4628,45.3108
35.7046,28.9699,47.4651
50.4016,46.0261,47.0632
26.9789,40.173,46.6722
46.3338,30.2509,47.1999
40.692,53.4199,46.3081
28.1011,29.1838,47.4757
49.645,39.3974,46.9798
28.8705,47.3474,45.1257
39.8717,25.3319,47.5878
45.5209,47.9013,47.268
28.5009,35.5586,47.7648
49.9127,32.6746,47.3017
35.6009,51.8646,45.7169
33.0903,26.9118,47.522
52.0599,43.5273,47.2744
26.2843,43.0423,46.224
43.654,28.0672,46.9891
43.1384,51.4256,46.4904
26.2451,31.2217,47.6713
50.0111,36.1311,47.0128
31.2702,49.3907,45.6569
37.3841,27.9757,47.5939
48.3949,46.4151,47.4296
27.8357,38.7153,47.2014
46.8931,32.0934,47.4776
38.4825,52.6104,46.2223
29.8826,28.334,47.3682
50.7726,41.0462,47.0851
28.0722,45.5832,45.7148
41.6692,25.4937,47.7983
44.2374,49.2303,47.7042
27.2845,34.1513,47.6216
51.8127,33.7475,47.731
34.4005,50.2519,45.242
34.4613,28.8039,47.8459
51.2202,45.5034,47.5262
26.8341,41.4433,46.5409
45.5811,28.6559,47.5282
41.6125,52.5829,46.8544
27.8198,30.1661,47.1053
50.4532,38.0749,47.0251
29.6344,48.3106,46.0359
38.838,26.352,47.7207
46.4087,47.2313,47.7783
28.5855,37.2302,48.2289
48.9564,32.737,47.8685
36.4606,52.578,46.7074
31.5635,27.0318,48.068
52.0925,42.405,47.3036
27.1129,43.9769,46.1632
43.4728,26.2585,47.991
43.8827,50.9506,47.0804
26.1883,32.4455,47.9376
50.3629,34.6126,47.5673
32.4257,49.4517,45.6191
36.3631,28.1504,47.8956
49.3285,46.5531,47.9337
27.3341,39.8651,47.6485
46.7698,31.0233,47.8213
39.5762,52.5014,46.5724
29.3185,29.183,47.6702
50.4263,40.0714,47.3453
29.2091,46.2734,45.6696
40.7571,25.4901,48.2368
45.1363,48.4453,48.189
27.3785,35.5008,48.2568
50.8829,32.6826,47.8827
34.8719,50.8274,46.0117
33.4481,27.8399,48.1458
51.7275,44.6125,47.9803
26.4621,42.3561,47.1974
44.2639,28.7559,47.5408
42.2588,51.6837,47.2283
27.2373,30.7694,48.0045
50.7947,36.8772,47.4017
30.8555,48.4834,45.7784
38.2594,27.4521,48.2408
47.4653,46.7089,48.1351
27.6471,37.7957,47.9708
47.9578,32.5925,48.3885
37.6021,52.0371,46.5716
30.8227,28.1744,47.9529
51.4509,41.6498,47.7685
28.0012,44.5069,46.3455
42.4749,26.2089,48.3859
44.6398,50.261,47.8405
27.1392,33.2042,48.1987
51.1481,34.3596,48.2771
33.6652,49.6843,45.7385
35.3813,27.9392,48.0932
50.435,46.1073,48.1077
26.4018,40.6607,47.5029
46.0225,29.6431,48.0165
40.4755,52.8122,47.2408
28.6647,29.9502,48.0023
49.6598,38.7326,47.8687
30.0007,46.9968,46.002
39.8005,26.2759,48.1926
45.9533,47.8726,48.5458
27.8628,36.4056,48.5361
49.9431,32.9788,48.4227
35.5013,51.516,46.6697
32.4951,27.4402,48.3315
52.351,43.6521,48.3633
27.3549,43.0888,47.0681
44.2306,27.6045,48.0624
43.1316,51.4287,47.7197
27.1495,31.8571,48.2178
50.5386,35.8376,47.8411
31.9916,48.4281,45.7439
37.0895,27.7232,48.5831
48.4885,46.6503,48.5293
26.954,38.8094,47.8352
47.347,31.6018,48.4487
38.6306,51.8669,47.1554
29.6973,28.3432,48.4347
51.201,40.5702,48.1072
28.413,46.1854,46.5535
41.4202,26.2239,48.6547
45.013,49.4428,48.5511
27.1021,34.5228,48.7351
51.6173,33.4328,48.7576
34.571,49.8053,46.1762
34.2366,27.6035,48.8753
51.1514,45.3531,48.7497
26.9941,41.5625,47.6376
44.9924,28.8829,48.3959
41.3009,52.3776,47.9956
28.435,30.9599,47.9149
50.2089,37.4638,48.279
30.5939,47.7987,46.5205
39.1851,26.8625,48.856
47.0179,47.69,48.7043
27.6563,37.367,49.0594
48.9405,32.612,48.9514
36.6919,51.6299,47.2094
31.2662,27.6878,48.8499
51.9667,42.4928,48.4139
27.1774,44.2314,47.1181
43.3255,27.0582,48.9352
43.9499,51.1317,48.3343
26.3715,32.1643,48.9789
51.0261,35.3692,48.6513
33.1452,48.7993,46.0417
36.2478,27.1277,48.6676
49.6501,46.5704,48.9387
26.2687,39.6551,47.929
46.9306,30.0222,48.3789
39.3761,52.3748,47.6592
29.5052,29.5077,48.6544
50.9083,39.6012,48.1937
29.4857,46.1875,46.9017
40.507,26.1325,49.2507
45.6074,48.7886,49.1153
26.5691,35.5102,49.0799
50.7958,32.6351,49.0641
35.6842,50.2034,46.4787
32.9799,27.8206,49.2731
51.0303,44.2473,49.0708
27.5239,42.5162,47.9771
44.879,27.9725,48.803
42.2506,52.0389,48.4251
27.8861,31.3204,48.8888
50.8524,36.6444,48.4876
31.5839,48.1461,46.7345
37.9566,27.3524,49.4611
48.0118,47.3704,49.2192
26.8188,37.9402,48.757
48.3414,31.7342,49.1388
37.6001,51.9568,47.7044
30.3061,27.9794,49.1444
51.446,41.3483,48.927
28.0317,45.2967,47.2088
42.1068,26.9997,49.0991
44.6761,50.5152,49.0805
26.1996,33.4663,49.1035
51.3407,34.6524,49.4789
34.2805,48.7127,45.7801
35.1762,27.1595,48.8867
50.5014,46.0927,49.2759
27.0062,40.5575,48.4029
46.1617,29.1927,48.965
40.353,52.7751,48.3541
29.5711,30.5682,48.0814
50.615,38.4896,48.2611
29.9185,47.2295,47.2006
39.4058,25.7692,49.4339
46.5955,48.6286,49.1867
27.2945,36.2603,49.4406
49.7485,33.0844,49.5228
36.0219,50.7778,47.4279
31.9876,27.1123,49.3792
51.8821,43.2694,49.3029
27.0758,43.7022,48.0895
43.6115,28.0261,48.8266
42.8851,51.1795,48.8139
27.7224,32.5177,48.8736
49.9197,36.0465,48.7112
32.6008,47.7313,46.4329
36.9646,27.04,49.4643
48.9072,46.9792,49.6252
26.1887,39.1142,48.9305
47.7127,30.8239,49.1417
38.586,51.9634,48.2528
30.4347,28.9412,48.8566
51.5442,40.074,49.1236
28.7244,45.9265,47.6927
41.5256,26.3646,49.789
44.7945,49.5224,49.5514
26.126,34.6941,49.7401
51.1203,33.6621,49.7022
35.364,49.1068,46.4225
33.6782,27.0911,49.6721
51.2578,45.2782,49.7873
27.5587,41.7604,48.702
45.5623,28.5088,49.5613
41.2933,52.5401,49.0668
29.1397,31.4241,48.6594
50.804,37.7221,49.1074
30.606,47.9538,47.6715
38.8675,26.82,50.0438
47.4129,48.1211,49.8076
26.4397,37.0623,49.3086
49.1894,32.0569,49.9092
37.1046,50.6259,47.4751
30.8695,27.2348,49.9213
51.5395,42.2714,49.678
27.4251,44.6669,48.1109
42.6715,27.8052,49.5739
43.7337,50.8772,49.3715
27.1069,32.8812,49.6141
50.0142,35.0538,49.2924
33.6009,48.126,46.6966
35.9635,26.9177,49.8008
49.6727,46.3596,50.0036
26.0387,40.2861,49.1526
46.9502,29.8116,49.5578
39.4773,52.2888,48.7464
30.5063,30.0146,48.6301
50.5233,39.4829,49.3329
29.7196,46.2861,47.924
40.5486,26.021,50.3243
45.8276,49.2174,50.1457
26.9075,35.5859,50.131
51.0132,32.6427,50.1643
35.5646,49.577,47.4129
32.7986,27.3486,50.2892
51.333,44.2478,50.1266
27.0697,42.9371,48.8872
44.4414,28.3212,49.723
42.0215,51.3781,49.4397
28.8622,32.2943,49.4324
50.2366,36.6907,49.6765
31.8931,48.4798,47.6834
37.7156,26.4579,49.9621
47.7745,47.0657,50.1757
25.9657,38.2426,49.7113
48.4404,31.0964,50.0683
38.0287,51.021,48.258
31.009,28.3967,49.841
51.2121,41.2863,49.8913
28.0303,45.6837,48.7085
42.0969,27.1227,50.3477
44.1068,49.9766,50.0922
26.5625,33.5107,50.3664
50.4357,34.4669,50.1155
34.4095,48.8776,46.8596
34.7659,26.9007,50.2119
50.7282,46.0431,50.5085
26.9257,41.0988,49.3108
46.0673,29.3176,50.0988
40.4107,51.9749,49.3608
30.2063,31.1484,48.7435
50.0147,38.5854,49.4316
30.5119,47.06,48.1509
39.5803,26.2411,50.7535
46.5766,48.521,50.3685
26.6897,36.8011,50.3511
50.1603,31.9914,50.4685
36.3359,49.9003,48.0916
31.6613,27.4605,50.6544
51.4348,43.1436,50.2494
26.3568,44.0656,48.9307
43.3821,28.7783,49.5559
42.9151,51.392,50.2056
28.1376,33.3734,49.2916
49.198,35.895,49.5662
32.6946,47.6813,47.6674
36.8224,26.9043,50.5427
48.9006,46.7206,50.683
26.4336,39.4221,50.0208
47.4199,30.6358,50.4599
38.8325,51.4658,49.3202
30.9557,29.5991,49.7038
50.2644,40.7939,49.7031
28.8193,46.3213,48.7155
41.2898,26.909,51.1027
44.6518,49.0494,50.5328
26.3326,34.595,50.8423
50.9082,33.6684,50.7531
34.936,48.6835,47.737
33.7661,27.8577,50.7905
51.2417,45.3034,50.9539
26.944,42.0834,49.6996
45.0903,28.9264,50.4573
41.5347,52.0081,50.066
29.9048,32.3471,48.8459
49.4935,37.6104,49.2402
31.4658,47.7783,48.483
38.1684,27.0411,50.8483
47.2601,47.7324,50.9262
25.6623,37.4961,50.4546
49.2643,31.402,50.7889
37.2447,50.3603,48.5752
31.0957,28.4919,50.8959
50.4975,42.3026,50.4306
27.7666,44.6617,49.2748
42.7573,28.4407,50.4351
43.7621,50.8764,50.6145
27.6526,33.242,50.5664
50.1869,35.5262,50.296
33.9646,48.0613,47.8815
35.6411,26.604,50.8202
49.6528,46.0532,51.1594
26.2554,40.643,50.1013
46.3755,30.5301,50.2625
39.4018,52.2819,49.8132
30.5393,30.6799,49.8696
49.8494,39.4719,50.2586
29.4182,47.1767,48.9704
40.1786,27.0489,51.2783
45.8822,48.8472,51.0961
26.0796,35.9197,51.0148
50.025,33.0493,50.6649
35.5189,49.3308,48.5506
32.6465,27.5495,51.344
51.2371,43.8766,51.2166
26.4413,43.4061,49.7568
43.9092,28.7824,50.4773
41.8815,51.0517,50.7129
29.5129,33.1341,49.5634
48.8782,36.9339,49.7735
32.4974,47.9783,48.8332
37.7949,26.2108,51.382
48.1216,47.2047,51.4052
25.5612,38.9112,50.4549
48.1954,31.5689,51.0178
37.8883,50.9586,49.3593
31.7971,29.2458,50.3523
50.4773,41.088,50.8392
28.488,45.4671,49.7534
41.8812,27.862,51.1429
44.5419,50.1604,51.0891
27.238,34.1975,51.1555
50.5966,34.8669,51.1361
35.0929,47.6871,48.2324
34.8475,27.4583,51.2017
50.5739,45.8816,51.5774
27.0051,41.3266,50.403
45.5861,29.9292,50.8289
40.4152,52.3084,50.438
30.5233,31.873,49.6095
49.0382,38.907,49.7143
30.8537,47.3532,49.3377
39.1211,27.1205,51.3449
46.4599,47.9287,51.7278
25.8987,36.8742,51.3551
49.7959,32.1664,51.4835
36.6782,49.5218,49.0241
31.7057,27.9144,51.7326
51.1167,42.8107,51.2647
27.0996,44.2215,50.0004
42.9313,29.5385,50.7531
42.8442,51.0739,51.2252
28.7423,33.3805,50.1982
49.3214,36.0444,50.7072
33.3074,47.2443,48.4806
36.5073,26.8989,51.6974
48.7243,46.399,51.8298
26.1692,39.8666,50.9756
46.8869,31.3191,50.9699
38.7942,51.1169,50.3141
31.5276,30.3085,50.4661
49.4066,40.5242,50.5695
29.3664,46.1564,49.9456
41.0542,27.6645,51.8002
45.0392,49.3984,51.697
26.7117,35.3917,51.5528
50.3049,33.8973,51.6978
34.9749,48.4775,49.0096
33.6949,27.9751,51.9564
50.6493,44.5208,51.8807
26.8353,42.8187,50.6237
44.7739,28.7087,51.6276
41.2167,51.9423,51.1287
30.6577,33.0777,49.6732
48.7094,37.8587,50.1374
31.8165,46.6297,48.7498
38.1835,27.2421,51.9472
47.052,47.1005,51.9829
25.6308,37.9841,51.9139
48.7462,32.242,51.584
37.6579,49.8528,49.6581
32.0055,29.0261,51.4002
50.3307,42.1842,51.4589
27.7715,45.1561,50.4638
42.2023,29.0793,51.6096
43.8033,50.8672,51.7728
28.3975,33.9178,51.237
50.4706,35.8316,51.6491
34.316,46.9415,48.1771
35.4084,27.0454,52.0194
50.03,46.4848,52.2966
26.3559,40.8617,51.3901
46.2018,30.5364,51.4348
39.3409,51.8363,50.8167
31.3433,31.2824,50.1463
48.7369,39.575,50.5692
30.2832,46.8108,50.0423
40.0466,27.6781,52.0171
45.7181,48.6107,52.2254
26.8401,36.4818,51.8071
49.4656,33.0956,51.7108
36.0681,48.6139,49.2284
32.8248,27.5421,52.4196
50.2752,43.4855,51.5337
26.6773,43.6915,51.2033
43.7245,29.1352,51.4778
42.0365,51.5786,51.8585
30.0719,33.0686,50.7136
48.7263,37.0205,50.8966
32.7872,46.9398,49.3699
37.3962,26.4235,52.3669
47.8922,46.7156,52.5205
26.1296,38.993,51.5501
47.743,31.6324,51.9898
37.7276,51.0441,50.4416
31.9947,30.1629,51.5234
49.6314,41.3036,51.4959
28.6696,45.6317,50.8203
41.0774,28.9046,51.6926
44.8291,50.2784,52.3355
27.8179,35.1389,51.4925
49.9245,34.8426,51.9622
34.5304,47.5219,49.2632
34.628,27.4812,52.5634
50.1065,45.2145,52.4479
26.7464,41.9207,51.2308
45.8425,29.5669,51.8347
40.299,52.111,51.659
31.4709,32.3371,50.0034
48.1079,38.7292,50.6337
31.2941,46.5533,49.9665
39.011,27.7617,52.3409
46.1816,47.5326,52.6935
26.0417,37.0135,52.4568
49.2909,32.1467,52.4556
36.6891,49.2999,50.0091
32.647,28.6804,52.2795
50.554,42.6579,52.3871
27.442,44.4316,51.1463
42.679,29.9773,51.6469
42.9123,51.438,52.3531
29.4974,34.11,50.7677
49.6475,36.4005,51.7035
33.7866,46.5241,49.282
36.4333,26.4524,52.782
48.9136,46.8944,52.7375
25.9289,40.2736,52.1359
46.5274,31.3801,52.0781
38.3597,51.0893,51.3259
31.1284,31.0153,51.3974
49.3075,39.9626,51.4856
29.5902,46.3819,50.9753
40.32,28.6508,52.4299
45.0527,49.2828,52.7463
27.508,35.7105,52.2639
49.514,33.9388,52.5061
35.6494,47.8208,49.73
33.6876,27.6616,53.1138
49.4966,44.4823,52.0212
27.4549,42.7538,51.6921
44.5705,29.616,52.0673
41.0129,51.8332,52.5981
31.3294,33.2172,50.6498
47.966,37.8173,51.1893
32.3528,46.1947,49.8896
37.9553,27.323,53.0101
47.207,47.43,53.1398
25.9835,38.4678,52.8491
48.1441,32.5732,52.3907
37.1393,50.1715,50.6397
31.2999,29.1167,52.2495
50.3344,41.4281,52.4162
28.4214,44.7094,51.5706
41.6295,29.8135,52.5017
43.9795,50.7195,52.8837
29.0044,35.0286,51.2042
49.9713,35.9781,52.6692
35.0248,46.4514,48.7596
35.699,27.5393,52.9622
49.6662,46.0626,53.1884
26.6885,40.9975,52.3786
46.435,30.4114,52.4532
39.3846,51.3445,51.9917
32.227,31.4614,50.8954
48.1614,40.2093,51.346
30.891,46.4175,50.9007
39.467,28.364,53.2311
46.1023,48.6104,53.2071
26.9382,36.589,52.9236
49.104,33.0833,53.0573
36.8574,47.9605,49.905
32.8023,28.2532,53.4112
49.7647,43.3501,52.5802
27.3008,43.955,52.2928
43.631,30.3335,52.0756
41.9559,51.4212,53.1853
30.8187,34.2938,51.1186
48.8879,37.5443,52.3736
33.3664,46.3956,50.25
37.2733,26.621,53.5117
48.1624,47.2404,53.5236
26.4909,39.4554,52.5463
47.0111,32.4245,52.4616
38.0371,49.8853,51.3765
31.0662,30.161,52.0324
49.719,40.4188,52.4262
29.4407,45.6171,51.9099
41.5221,28.8388,52.7985
44.6954,50.0856,53.4345
28.5723,36.1152,51.5955
49.5982,34.8946,53.0433
35.0615,46.7762,49.9813
34.9536,28.4015,53.2671
49.1907,45.0735,53.0573
27.2664,41.8913,52.4474
45.3297,30.413,52.4884
40.304,50.79,52.0476
31.167,32.4327,51.3448
47.8399,39.1838,51.5787
31.8703,45.9325,50.8919
39.1175,27.3722,53.5123
46.2518,47.6638,53.6894
26.6431,37.6269,53.1806
48.3534,32.55,53.4966
37.0251,48.6527,50.7879
31.761,28.7815,53.2882
49.535,42.1852,52.7459
28.5382,43.6434,51.978
42.3311,30.628,52.3883
42.9412,50.8026,53.1968
30.056,35.1128,51.1014
48.8343,36.4657,52.4196
34.4199,45.7127,49.352
36.5116,27.3917,53.6324
48.5449,46.1327,53.4021
26.5439,40.3138,53.2566
46.8792,31.3979,53.0373
38.2974,50.6572,52.2614
31.8149,31.0332,52.2397
48.6391,39.8291,52.3939
30.2596,45.5385,51.1692
40.5754,28.3333,53.42
45.0512,49.4525,54.2427
28.2654,36.5745,52.622
48.8336,34.0692,53.2891
36.0699,47.3343,50.6766
33.9804,28.5169,53.646
48.8074,44.1127,52.8765
27.3785,43.019,52.8508
44.3038,30.2965,52.9417
40.9822,51.0059,53.28
30.9293,33.4258,51.8309
48.002,38.1625,52.3458
32.8002,45.4519,50.5963
38.3524,26.733,53.9356
47.2469,47.4745,54.2124
27.0711,38.6651,53.2203
47.5146,33.1106,53.0734
37.0519,49.5949,51.5185
31.9303,29.9995,52.6558
49.2624,41.1743,53.1262
29.4082,44.5006,51.5849
42.4986,29.2175,53.1508
43.3865,49.8831,53.172
29.5743,36.1626,51.246
49.0632,35.8531,53.307
35.59,45.8873,49.633
35.4178,27.7852,54.0794
48.9228,45.3176,54.1213
27.4183,41.0468,53.1189
45.7584,31.4431,52.9242
39.5658,50.0748,52.7138
31.8738,32.1167,52.0011
47.5642,39.8538,52.3674
31.2698,46.2956,51.9935
40.0569,27.4541,53.9816
45.6197,48.3403,54.2333
27.8429,37.634,52.6113
48.7946,33.353,54.0657
37.0754,47.6632,50.9731
33.059,29.174,53.9726
48.6438,42.7267,52.5692
27.8847,44.0079,53.2793
43.2566,30.6276,53.0408
42.1574,50.7071,54.2004
30.3094,34.5184,52.0976
47.8602,37.1608,52.6397
33.88,45.4406,50.3173
37.0788,26.9597,54.5209
47.8864,46.4856,54.5336
27.4967,39.7763,53.1504
46.8191,32.2906,53.5807
37.6294,49.8349,52.4479
31.5549,30.7001,53.2541
49.0507,40.1237,53.347
30.0745,44.8817,52.282
41.3213,29.0636,53.8264
43.98,49.3807,54.2056
29.2581,36.4925,52.3396
49.1337,35.0206,54.2158
35.7421,46.2805,50.7736
34.5833,28.1983,54.5675
48.107,44.6779,53.4566
27.7388,42.0178,53.6185
44.6725,31.3688,52.9388
40.7207,49.8884,52.7515
31.1296,32.6455,52.622
46.923,38.4913,51.8695
32.3288,45.6782,51.8405
39.138,27.2526,54.5748
46.3348,47.7925,54.801
27.5404,37.8038,53.6869
47.6911,33.0412,54.341
36.2641,48.1083,51.8085
32.8722,29.6635,52.996
48.7585,42.2917,53.5911
29.0029,44.3552,52.8049
42.194,30.1788,53.4849
42.1039,49.879,53.5544
30.1701,35.7415,52.2507
48.3305,36.6028,53.4051
34.921,45.2706,50.2903
36.3299,27.7238,54.7011
47.5827,45.6396,53.8756
27.4193,40.3726,54.0994
46.2461,31.5024,53.9552
38.7099,49.4748,52.4881
31.8014,31.7632,53.0767
47.8524,39.2658,53.2949
31.1546,45.2006,51.8042
41.0768,28.1461,54.4409
44.5789,48.6777,54.831
28.9831,37.6671,52.7716
48.2319,34.4541,54.228
36.7331,46.5992,50.9952
33.8849,29.0079,54.7332
48.0173,43.2551,53.434
28.2259,43.0126,53.7917
44.1376,30.9705,53.7635
41.0844,49.8277,53.6935
30.5422,33.9097,52.9497
46.7972,37.5137,52.5371
33.3707,45.4146,51.4608
38.2733,27.6603,54.925
47.0468,46.7588,55.159
27.6767,39.0702,53.9722
46.6502,33.3042,53.8181
36.7569,48.9527,52.4092
32.4087,30.3569,53.8645
48.2017,41.0376,53.3666
29.8961,43.7169,52.3774
42.4404,29.2447,54.1985
42.8643,49.184,53.8739
30.6115,36.7448,52.5683
48.5063,35.988,54.2368
36.089,45.0267,50.4153
35.6371,28.5988,54.7932
47.7873,44.841,54.5817
27.5633,41.4112,54.4738
45.134,31.5239,53.889
39.3702,49.1686,53.3202
32.3241,32.8606,52.8028
46.696,39.2576,52.5575
31.7057,45.7759,52.7568
40.0426,28.1733,54.7589
45.2889,47.8542,55.1552
28.7393,37.6275,53.7604
48.2754,33.6483,54.9377
37.0137,47.2435,52.1258
34.1811,29.6482,53.9725
47.5431,42.2939,53.005
28.8815,43.8641,53.7841
43.0428,30.582,54.0925
41.7619,49.6906,54.7245
30.8905,35.1715,52.8692
47.4447,37.1176,53.5781
34.5119,45.6357,51.4384
37.3199,28.3172,54.8499
46.8168,45.849,54.8159
28.5804,39.859,53.6757
45.6692,32.5014,53.8574
38.0377,48.5779,53.2467
32.0865,31.3921,54.2434
48.2447,39.9647,54.0855
30.9782,44.0483,52.1307
41.2941,29.0592,54.9431
43.4587,48.5901,54.7549
29.6246,36.949,53.3131
48.9287,35.3745,55.2631
36.3896,45.6386,51.269
34.8873,29.1374,55.2821
47.6311,43.7364,54.3157
28.2095,42.2051,54.6363
44.2169,32.1792,53.7364
39.9716,49.8606,54.0533
31.5251,33.5407,53.0739
46.4991,38.3378,53.1858
32.8265,45.643,52.845
38.9745,28.4025,54.6534
45.9327,47.2684,55.696
28.6232,38.6585,54.2323
46.9932,33.2804,55.1966
36.6724,47.8378,52.872
33.4444,30.2912,54.472
47.8103,41.8964,54.0488
30.0015,43.7449,53.5112
42.063,30.2179,54.5258
41.7771,48.9779,53.8091
30.0243,35.8876,53.2522
48.0295,36.9158,54.4071
35.3715,44.796,51.1391
36.4575,28.6489,55.4326
46.5785,44.8535,53.9357
28.5367,40.6524,54.3522
45.5482,31.8978,54.8237
38.3628,49.45,53.7577
32.1278,32.6057,53.8569
46.9899,39.7551,53.6444
31.1364,44.712,53.0921
40.5074,28.7553,55.559
44.1749,48.1785,55.7163
29.7205,38.1264,53.4794
47.8966,34.7275,55.3054
36.0372,46.6579,51.9705
35.2237,29.7664,54.3665
46.8805,43.0893,53.6404
28.6547,43.1783,54.9616
43.249,31.6758,54.0157
40.7009,49.3339,54.6067
31.4629,34.5334,53.5425
45.9658,37.3214,53.5099
33.7563,45.018,52.3779
38.356,28.6574,55.4423
46.0146,46.537,54.8892
28.3314,39.6901,54.6765
46.1446,32.9483,54.6722
37.1461,48.1589,53.7408
33.1844,31.3141,54.2626
47.3859,40.9737,54.1304
30.7943,43.2201,52.6906
42.0744,29.6346,55.3653
42.5236,48.2285,54.1824
30.6353,37.0171,53.5754
48.2854,36.373,55.5743
36.4504,44.3489,51.3469
35.6356,28.9892,56.0523
46.8533,44.2715,54.8561
29.0309,41.5469,54.6444
44.3587,31.9389,54.9315
39.176,49.2232,54.5855
32.4132,33.6613,53.6198
46.0075,39.3188,53.4902
32.2973,44.6511,53.2703
39.8094,29.2806,54.9292
44.6871,47.2693,55.9468
29.3263,37.8657,54.6671
47.2094,34.3693,54.5372
36.2567,46.8597,53.0541
34.4478,30.6892,54.2932
46.7946,41.9764,53.6693
29.8136,43.7182,54.5533
42.2981,31.3849,54.5377
41.5936,48.5494,55.0446
30.5825,35.1013,53.9104
47.0049,36.5214,54.397
34.9779,44.7976,52.1809
37.3098,29.3689,55.1424
46.1007,45.1401,55.1582
29.3824,39.8894,54.463
45.1256,32.7997,54.6547
37.7463,48.7258,54.4714
32.2077,32.0588,55.0529
47.3405,40.0189,54.7298
31.7464,43.7727,52.8203
41.1956,29.8074,55.878
43.4243,47.4239,54.6736
29.9136,36.9846,54.4218
47.8903,35.4501,55.9908
36.5726,45.6426,52.3475
34.9621,29.8276,56.1119
46.9432,43.064,54.8226
28.8638,42.2706,55.5509
43.4337,32.4096,54.9301
39.9676,49.1462,55.4257
32.203,34.5107,54.2696
45.6074,38.2386,54.1754
33.3599,44.7733,53.3589
38.6827,29.5308,54.8375
45.0781,46.1942,55.7085
28.673,38.4762,55.2807
46.2273,34.0998,54.5305
37.3954,46.9483,53.483
33.7721,30.9756,55.4081
47.0842,41.8106,54.8026
30.2057,42.6733,53.8245
42.2118,30.7269,55.528
41.4796,47.7198,54.1536
30.2685,35.9207,54.4991
47.352,37.1754,55.2149
35.5083,43.8521,52.0854
36.7833,29.4315,56.059
45.4702,44.6348,54.2871
28.7284,40.6255,55.3797
44.9854,32.3448,55.6592
38.7368,48.2285,54.3334
33.102,33.2271,54.3955
46.2692,39.8168,54.4934
31.7903,43.9809,53.9515
40.3665,30.2577,55.3363
43.6189,47.2388,55.7701
30.4632,38.2604,54.3536
46.9463,35.3725,55.1565
35.7017,45.97,53.0332
34.844,30.5764,55.2237
46.0898,42.5552,54.1982
29.6141,42.732,54.8909
43.0387,31.4684,55.3979
40.3944,48.2519,54.8215
31.1808,34.1963,54.4853
46.5577,37.8035,54.3355
33.9935,43.9893,52.4171
37.886,29.5411,56.1181
45.0382,45.4865,54.9141
29.084,39.4813,55.4536
45.4867,33.6476,55.2565
37.7855,47.6152,54.2762
33.6654,32.1964,54.8116
46.6565,40.8352,54.7985
31.1641,43.1677,53.7981
41.1626,30.8947,56.0386
42.3369,47.5939,55.1429
31.1764,36.7449,54.3763
47.2117,36.2428,55.9337
36.1133,44.5986,52.5808
35.9161,30.1229,55.7513
46.0347,43.593,54.5371
29.3107,41.3176,55.8795
43.9187,32.2292,55.8745
39.2127,48.3596,55.4296
32.1198,33.6202,54.9001
46.2382,38.8031,54.8405
32.9483,43.7971,53.3162
39.2468,29.8526,55.7412
43.9092,46.2155,55.4456
29.7802,38.4408,55.6714
46.0261,34.8246,55.3232
36.7374,46.3301,54.0034
34.6017,31.6292,55.1135
46.0238,41.6608,54.8893
30.5921,42.9816,54.7584
41.878,31.7468,55.4847
41.32,47.4794,55.255
31.1385,35.2402,55.0504
46.0962,37.0444,55.1495
34.8589,44.2494,53.1956
37.2107,30.3961,55.5941
45.2709,44.4276,55.4286
29.8025,40.2945,55.4717
44.5818,33.3256,55.5497
38.1537,48.0358,55.3252
32.9016,32.8977,55.4072
46.5523,39.983,55.451
32.258,43.0037,53.5499
39.9189,30.8177,56.2051
42.8754,46.5674,55.1584
30.584,37.3457,55.1449
46.8671,35.2229,56.2962
36.4662,45.4643,53.5209
35.4702,31.2085,55.8899
45.7269,42.626,55.2394
30.1045,42.2057,55.6537
42.8138,32.3386,55.9858
40.5432,48.0328,55.7634
32.0505,34.6278,55.2967
46.4551,37.9885,55.5553
34.017,43.6353,53.5361
38.1387,30.3721,55.2307
44.3011,45.0857,55.593
30.3941,39.3553,55.461
44.9193,34.5858,55.4174
37.5811,46.7389,54.8285
33.5488,32.0996,55.8754
46.5452,41.1083,55.8877
31.6126,42.3102,54.3563
40.6061,31.7007,55.7023
41.9437,46.7149,55.5949
31.1202,36.2578,55.526
45.8235,36.3499,56.0523
35.8515,44.6708,53.7098
36.5436,31.1604,56.1835
44.8933,43.3042,55.0227
30.3669,41.1252,55.8185
43.5108,33.2504,55.7178
38.9958,47.337,55.8143
32.76,33.9038,55.8528
46.7499,38.9878,56.1446
33.3284,42.8957,53.7372
38.9484,31.0327,55.9271
43.2258,45.4698,55.7647
31.0831,38.4829,55.5119
45.4584,35.2083,56.1057
36.8085,45.4407,54.5268
34.8359,32.1619,56.0626
45.5254,41.8536,55.9917
31.1627,42.2346,55.422
41.4096,32.678,55.8217
40.9064,46.6615,56.0231
31.3248,35.2981,56.2301
46.7088,37.1423,56.4125
35.1316,43.3328,53.8595
37.5159,30.7718,56.5956
44.1625,44.0441,55.4322
30.1398,39.8752,56.4628
43.9169,34.3444,55.6958
37.8917,47.0195,55.8265
33.1387,32.9672,56.5456
46.2923,40.1599,56.4442
32.7408,42.2753,54.3187
39.9765,32.131,56.659
42.6936,46.3115,56.307
31.6169,37.289,55.4876
45.7792,35.6931,57.1178
36.8821,44.3313,53.7808
35.8914,31.9494,56.4943
44.688,42.3689,55.4114
30.7606,41.8708,56.5746
42.4555,33.2796,55.5603
39.7694,46.9349,56.4041
31.9603,34.4028,56.6489
46.4493,38.1414,56.6946
34.2274,43.057,54.4015
37.907,31.6136,55.9194
43.6503,44.4914,56.3617
30.639,38.8178,56.6902
44.4824,34.6741,56.5778
37.3131,45.9043,55.3869
34.0584,32.5921,56.6655
45.4154,40.8274,56.0064
32.2429,42.2187,55.2596
40.1499,32.685,55.7546
41.6161,46.0722,56.5591
31.9205,36.2138,56.2527
45.6777,36.8581,57.2254
36.0363,43.7579,54.3424
36.7367,31.2785,57.3636
44.328,43.1988,55.9851
30.922,40.6584,56.673
42.9832,34.2504,56.1277
38.5596,46.6741,56.6227
33.0504,33.9043,57.0578
45.6886,39.2584,56.2173
33.2778,42.9538,54.9723
38.8752,31.8895,56.6252
42.6988,45.2219,56.6801
31.2047,37.9232,56.4342
44.4447,35.6585,57.3568
36.7377,44.8959,55.3827
35.2018,32.5877,57.1376
44.5368,41.3045,55.7028
31.7968,41.5325,55.9998
41.0653,33.8032,55.7228
40.4157,46.1108,56.7673
32.0723,35.3644,57.0397
45.9759,37.8431,57.5746
35.1521,43.9397,54.9781
37.7612,31.6071,57.2241
43.2819,43.5484,56.0797
31.3434,39.685,56.9018
43.1622,35.3023,56.0166
38.1516,45.7019,56.1141
34.0736,33.931,56.8535
45.22,40.1569,56.8876
33.25,41.8734,55.1358
39.2837,32.9221,56.3581
41.6655,45.0141,56.4857
32.1813,37.3921,56.4886
45.1198,36.334,58.0241
37.0605,43.6936,54.9147
35.7242,31.6192,57.5514
43.6217,42.3398,55.8716
31.1827,41.3477,57.4938
41.9199,33.8075,56.4651
39.8186,46.6662,57.6474
32.2338,34.4922,57.7767
45.2257,38.3676,56.8979
34.148,43.4523,55.4493
38.0327,32.6146,56.5558
42.6148,44.087,56.6379
31.4502,38.7023,57.4229
43.464,35.5813,57.0177
37.1369,45.2899,56.3488
34.3512,33.0099,57.9363
44.1593,40.6724,56.4773
32.7159,42.0408,56.3058
40.2004,33.6402,56.5429
41.2792,45.5203,57.4597
32.8301,36.3643,56.9817
45.1193,37.6273,58.3059
36.0461,43.6157,55.4286
36.7468,32.4209,57.494
43.7496,42.7959,56.8608
31.8294,40.482,57.4334
42.4269,34.5807,56.9991
38.6994,45.7137,57.0556
33.4885,34.2909,57.9463
44.6163,39.1673,56.5705
33.8102,42.5094,55.7398
38.8635,32.85,57.3746
42.1058,44.7205,57.486
31.7816,37.6943,57.5806
43.7557,35.2325,58.2875
37.1396,44.2142,55.9926
35.3034,32.3564,58.2386
43.3878,41.2543,56.0154
32.5767,41.1097,56.9218
41.0233,34.482,56.6697
40.0645,45.4204,57.6483
32.8364,35.5188,57.7806
44.4271,37.6037,57.1795
35.0455,43.7133,56.1214
37.9124,32.5637,57.9176
42.7355,43.0389,56.9574
32.0262,39.4235,58.0316
42.4016,35.6125,56.6822
37.8448,45.0774,57.1381
34.6848,34.0428,57.7864
44.2056,39.8897,57.33
33.7571,41.3587,56.0209
39.9512,33.0897,57.529
41.1004,44.4165,57.3552
33.0822,37.4316,57.2389
44.3766,36.632,58.5997
37.1536,43.0945,56.1365
36.3815,32.4009,58.6218
42.6932,42.1088,56.4161
32.6429,40.6817,57.9158
41.7998,33.9103,57.6583
39.0233,45.4504,58.2182
33.2628,35.0468,58.7376
44.4193,38.6308,57.6719
35.2418,42.7071,55.7949
37.9863,33.48,57.2315
42.6395,43.6289,57.8549
32.5034,38.4364,57.2865
42.7361,35.3891,57.64
38.0828,44.2847,56.4606
34.531,33.8613,58.826
43.2502,40.0839,56.6402
33.6097,41.8154,57.1189
39.8173,34.5076,57.1881
41.0914,44.8535,58.3091
32.7008,36.5256,58.0585
44.0225,37.7703,58.3347
35.9823,43.6252,56.7212
36.874,33.3096,58.1165
43.1145,42.4136,57.7509
32.8479,39.7228,57.3729
41.6566,35.0478,57.42
38.8973,44.7558,57.3598
34.2865,35.0195,58.3456
43.2652,39.0718,57.0685
34.5191,42.127,56.541
39.1382,33.8026,57.933
41.6076,43.7823,58.1021
32.7644,37.6253,58.254
43.2891,36.2918,58.3688
37.0372,43.7108,57.0264
35.843,33.4164,58.8124
42.9448,41.3156,57.1062
33.5856,40.7694,57.4286
40.8536,34.3491,57.8618
39.834,44.6248,58.3011
33.873,35.8596,57.8328
43.4259,38.1129,57.5798
35.3783,42.7133,56.9337
37.9159,33.7698,58.2163
41.9771,42.5837,57.9374
33.2008,39.1307,58.203
42.0527,36.1764,58.0801
37.9526,43.9882,57.5363
35.2188,34.5549,58.6553
43.2978,40.1353,57.6877
34.5206,40.9514,56.8886
39.9705,33.994,58.5159
40.436,43.7363,58.3885
33.7521,37.0004,58.162
43.1961,37.2852,58.7512
36.6924,42.684,57.0465
36.812,33.3513,59.2035
42.0381,41.6935,57.3713
33.6258,40.0951,58.3084
41.4693,34.8635,58.5017
38.7788,44.1714,58.1941
34.4388,35.71,59.1619
42.5576,38.9216,57.8574
35.403,41.5672,56.6775
39.0097,33.8139,58.9843
41.048,42.8464,58.5235
33.6503,38.2109,58.4987
42.0374,36.5523,59.2677
37.7255,42.9429,57.3318
36.2372,34.4017,59.0845
42.2748,40.825,58.0631
34.5217,40.0584,57.5935
40.4482,35.1277,58.6868
39.2989,43.2538,58.4256
34.7488,36.4664,58.4176
42.3853,37.9326,58.3361
35.8998,41.9928,57.5086
37.9289,33.6079,59.2423
41.364,41.8468,58.2895
34.3096,38.991,58.8241
41.1735,35.9999,58.7584
38.1311,43.0674,58.2913
35.403,35.2803,59.3898
42.3289,39.7707,58.5059
35.236,41.0285,57.8218
39.2861,34.8582,58.943
40.0251,42.3078,58.0903
34.3229,37.3653,59.0736
42.2798,37.664,59.2755
36.8993,42.5914,58.0794
37.0461,34.1745,59.8076
41.0316,41.084,57.6396
34.8539,39.9962,58.6968
40.0863,36.0734,58.7071
38.5784,43.0501,59.3313
35.1797,36.4676,59.5309
41.4746,38.7272,57.9654
36.153,40.9295,57.0858
38.8395,34.4889,60.0074
40.3674,41.842,59.0377
34.836,38.0246,58.1418
41.2802,37.1619,58.6176
37.9694,41.929,58.0623
36.474,35.1383,59.8293
41.4592,40.0124,57.9255
35.7384,40.0055,57.8449
39.8892,35.3329,59.7256
39.4164,42.3312,59.2628
35.4422,37.1664,58.555
41.4998,38.2407,58.8644
36.8321,41.4896,57.7143
37.826,34.9875,59.6319
40.9886,40.9269,58.7691
35.1366,39.1213,58.0454
40.6814,36.5396,59.6304
38.1253,42.1019,59.292
36.1685,36.0943,59.3872
41.1572,39.3846,58.7572
36.2147,40.7571,58.4349
38.7987,35.6083,59.4733
39.4259,41.2841,58.8072
35.3322,38.2084,59.122
40.929,37.5632,59.5975
37.1636,41.7067,58.7572
37.3702,35.7444,59.1543
40.4717,40.0713,58.386
35.8491,39.7216,58.9864
39.5979,36.3722,59.7475
38.9263,41.5393,59.7224
35.744,37.32,59.5537
40.516,38.5312,58.6961
37.2498,40.7293,58.2003
38.0809,36.3249,59.9243
40.0864,40.5306,59.2887
36.1119,38.6228,58.4314
39.9668,37.3225,60.0771
38.0413,41.0369,59.136
36.9787,36.8279,59.5174
40.254,39.3698,59.4031
36.8393,39.723,58.4895
38.7692,37.0074,59.5021
39.1335,40.3811,59.6963
36.6665,37.9646,59.2596
40.2201,38.2875,59.8303
37.1898,40.5555,59.5984
37.9673,36.7785,58.9565
39.4977,39.7803,58.8303
36.9541,39.2587,59.5103
39.7655,37.5942,58.8024
38.1826,40.1366,59.9869
37.6879,37.7973,59.5052
39.3912,38.5965,58.901
37.8129,39.9168,58.9601
38.5919,37.8517,58.7535
38.7051,39.3476,59.4661
37.9029,38.6476,58.69
31.5,33.5,38.5
28.5,36.5,39.5
38.5,35.5,31.5
42.5683,42.4088,52.3124
41.5,41.5,31.5
40.7219,32.4182,39.1164
40.799,31.8167,39.9323
40.5,28.5,39.5
46.2168,41.8919,49.8649
45.4324,42.0088,41.4368
41.3597,36.7277,41.1937
37.5,32.5,30.5
36.5,31.5,37.5
41.5,36.5,50.5
49.5,44.5,34.5
48.5,34.5,42.5
45.6747,43.5685,47.5295
36.5,36.5,37.5
31.5,31.5,35.5
39.5,37.5,30.5
33.5,44.5,41.5
51.5,37.5,37.5
31.5,34.5,34.5
42.5,32.5,40.5
45.5,35.5,30.5
35.5,42.5,42.5
36.5,36.5,35.5
32.5,31.5,36.5
35.5,47.5,47.5
44.5,45.5,41.5
39.5,30.5,34.5
36.5,46.5,36.5
40.9209,31.5398,33.6331
42.5,33.5,42.5
32.5,40.5,40.5
39.5,37.5,34.5
39.7299,32.0229,42.8225
40.5,41.5,48.5
45.4495,42.423,42.4343
33.5,35.5,34.5
46.1485,41.5991,38.0027
45.6385,43.2773,45.4602
36.5,37.5,41.5
46.5,39.5,38.5
40.5,41.5,40.5
38.5,41.5,47.5
46.5,40.5,33.5
41.5,43.5,28.5
39.5,48.5,45.5
44.5254,43.4572,40.9624
38.5,44.5,46.5
34.5,45.5,36.5
40.4277,37.8153,46.3373
40.9641,30.7592,41.773
39.5,27.5,37.5
34.5,44.5,33.5
31.5,39.5,36.5
30.5,33.5,35.5
33.5,44.5,34.5
42.5,38.5,35.5
46.5,43.5,33.5
42.5,38.5,47.5
41.5,43.5,50.5
37.8968,49.1869,38.6819
41.0107,30.2195,42.6314
35.5,42.5,31.5
43.5,32.5,44.5
39.5948,39.9829,46.1231
48.5,35.5,40.5
35.5,34.5,37.5
34.5,36.5,48.5
38.5,42.5,49.5
35.5,33.5,44.5
39.5,48.5,35.5
46.5,41.5,37.5
36.1311,35.596,54.9303
42.5,39.5,39.5
30.5,40.5,42.5
35.9588,34.792,43.2066
48.5,31.5,40.5
39.5,45.5,38.5
43.6616,44.2115,47.8652
48.5,39.5,41.5
38.5,34.5,48.5
37.9932,40.9965,48.5201
40.5,46.5,35.5
37.2456,38.486,53.6548
43.4435,44.2991,49.8681
44.7039,42.496,35.839
36.5,42.5,39.5
35.5,46.5,32.5
43.312,36.5074,33.4444
30.5,37.5,37.5
46.5,32.5,45.5
39.5,43.5,40.5
39.5,30.5,36.5
49.5,39.5,37.5
37.9105,36.5846,54.722
39.5,39.5,39.5
38.6232,33.9515,38.1832
43.0427,43.8373,54.0642
36.5,51.5,40.5
44.5,34.5,31.5
46.5,41.5,38.5
46.1211,44.8203,44.2131
37.5,45.5,46.5
43.5,30.5,39.5
42.4712,44.7506,52.8094
45.3731,40.6399,36.3423
43.5,47.5,33.5
40.5,44.5,41.5
38.5,30.5,34.5
40.5,32.5,46.5
31.5,36.5,48.5
42.0779,36.5817,30.0076
40.5,42.5,51.5
43.5,41.5,31.5
47.5,37.5,39.5
43.5,29.5,34.5
41.9042,35.1815,38.6473
38.5,43.5,34.5
44.5,47.5,46.5
37.5,39.5,37.5
32.5,38.5,46.5
41.5,35.5,30.5
37.5,32.5,34.5
41.5,41.5,33.5
39.9645,31.5615,44.8845
43.5,32.5,42.5
30.5,36.5,44.5
49.5,42.5,40.5
48.5,35.5,39.5
35.5,44.5,43.5
34.5,38.5,45.5
40.4595,34.4736,36.9281
36.5,29.5,37.5
46.5,47.5,45.5
34.5,29.5,35.5
27.5,41.5,39.5
39.8869,34.9555,40.6297
45.2362,40.4488,42.9123
43.1196,35.0007,30.6759
43.5,48.5,38.5
44.5,33.5,48.5
40.5,37.5,46.5
32.5,35.5,33.5
29.5,43.5,34.5
45.3795,41.7269,40.4824
38.5,31.5,30.5
42.8446,35.7559,42.3007
41.5,33.5,42.5
39.5,45.5,39.5
40.9568,44.4933,29.7613
44.5,42.5,31.5
28.5,40.5,35.5
45.5,43.5,41.5
32.5,48.5,40.5
32.5,49.5,42.5
46.5,44.5,40.5
37.0429,36.0843,54.7518
44.3278,42.0835,47.6859
41.5648,35.9149,29.3643
45.5,48.5,44.5
35.5,43.5,50.5
43.5,44.5,33.5
41.5,42.5,45.5
39.5,42.5,36.5
51.5,41.5,36.5
45.5,31.5,34.5
43.5,45.5,48.5
44.5,46.5,40.5
47.5,40.5,44.5
34.5,31.5,43.5
36.5,35.5,40.5
40.5,49.5,33.5
42.5684,43.0212,45.7136
40.5,48.5,40.5
41.5,30.5,31.5
44.5,38.5,37.5
47.5,43.5,35.5
39.5,48.5,46.5
42.9518,40.8945,34.4928
30.5,33.5,34.5
41.5,46.5,35.5
34.5,37.5,36.5
35.5,31.5,42.5
42.5,38.5,39.5
42.5,48.5,36.5
44.0213,44.1498,44.8602
44.5,48.5,43.5
38.5,34.5,40.5
42.8566,40.6732,33.4604
40.5,41.5,42.5
40.5,28.5,40.5
32.5,37.5,40.5
40.5,38.5,49.5
33.5,36.5,30.5
32.5,33.5,46.5
45.9441,42.0085,50.889
41.5,46.5,38.5
36.5,28.5,38.5
35.5,30.5,38.5
35.5,29.5,42.5
41.5,41.5,48.5
35.5,30.5,44.5
37.5,35.5,35.5
38.5,45.5,39.5
43.5,39.5,48.5
42.5,33.5,37.5
38.9089,39.8659,54.3411
29.5,40.5,46.5
46.4739,41.5252,46.8312
40.5,39.5,39.5
42.5,33.5,44.5
34.5,35.5,38.5
46.5,33.5,32.5
40.5,41.5,47.5
43.3328,42.6471,31.343
34.5,39.5,36.5
43.27,35.9913,32.5296
38.6895,43.0034,31.081
37.5,45.5,39.5
43.5,39.5,28.5
38.9804,33.0719,40.0086
30.5,36.5,33.5
46.119,41.2862,45.871
44.5,38.5,40.5
33.5,41.5,41.5
39.5,45.5,42.5
51.5,41.5,40.5
35.5,47.5,33.5
38.5,33.5,31.5
40.5,37.5,28.5
39.5,40.5,32.5
45.4418,45.1763,46.1433
45.2655,41.2428,39.5913
42.9631,44.5403,51.9109
41.5,36.5,33.5
44.693,43.2415,39.9971
37.5,48.5,42.5
32.5,44.5,38.5
28.5,42.5,38.5
38.5,47.5,35.5
29.5,40.5,35.5
46.5,41.5,31.5
37.3553,38.0984,56.4806
37.5,46.5,38.5
50.5,44.5,43.5
33.5,45.5,41.5
45.5,45.5,42.5
48.5,34.5,45.5
39.5,28.5,42.5
40.9887,31.2647,40.9057
46.5,46.5,32.5
31.5,43.5,45.5
42.5,28.5,39.5
32.5,34.5,41.5
50.5,41.5,37.5
35.5,38.5,45.5
43.5,51.5,40.5
43.8075,43.6231,52.2123
44.4023,42.14,45.6317
32.5,49.5,38.5
34.5,44.5,39.5
49.5,44.5,37.5
44.5,43.5,36.5
37.4743,39.2252,50.185
36.5,36.5,49.5
33.5,42.5,45.5
39.5,47.5,36.5
38.5,38.5,27.5
34.896,34.6597,43.3816
45.5,43.5,46.5
28.5,42.5,40.5
28.5,43.5,43.5
40.7288,33.0589,38.3727
36.5,32.5,43.5
46.4476,41.8272,48.887
34.5,32.5,39.5
46.5,44.5,35.5
32.5,48.5,39.5
40.5,27.5,38.5
33.5,32.5,46.5
44.1427,37.2216,37.9375
33.5,35.5,45.5
46.5,40.5,38.5
45.5,42.5,43.5
34.5,44.5,38.5
43.5,33.5,36.5
42.1868,34.9754,35.183
44.2153,41.87,42.5529
39.5,46.5,46.5
50.5,39.5,44.5
35.5,35.5,45.5
43.5,29.5,39.5
28.5,40.5,34.5
33.5,36.5,38.5
35.5,34.5,31.5
42.5,43.5,36.5
42.742,42.9438,36.4773
29.5,41.5,40.5
39.9074,40.6711,52.7758
45.5,35.5,43.5
46.5,37.5,49.5
47.5,36.5,47.5
46.2391,44.6804,43.2233
45.49,40.7296,43.9199
37.5,36.5,29.5
29.5,45.5,42.5
38.5,50.5,33.5
45.5,45.5,43.5
40.2442,36.7138,37.0532
43.5,38.5,37.5
44.4472,37.8719,38.6683
36.5,49.5,37.5
33.5,41.5,43.5
33.5,38.5,35.5
44.5,41.5,40.5
42.5,49.5,44.5
37.5,44.5,50.5
32.5,32.5,45.5
29.5,34.5,37.5
45.5186,43.5915,48.5572
42.5,40.5,51.5
42.6133,43.1079,44.6519
41.5,38.5,51.5
38.5,38.5,37.5
33.5,37.5,44.5
45.0425,40.111,41.9465
38.5,30.5,32.5
36.5,39.5,35.5
41.5,45.5,46.5
35.5,42.5,41.5
45.5,42.5,39.5
31.5,32.5,39.5
40.5,35.5,45.5
36.5,42.5,33.5
45.5,44.5,34.5
38.5057,35.5218,36.7961
42.8752,42.9495,34.4304
41.5,28.5,39.5
35.5,38.5,38.5
44.5,39.5,46.5
44.6938,42.2045,34.8412
46.5,49.5,37.5
31.5,36.5,39.5
44.5,36.5,34.5
30.5,40.5,34.5
36.5,39.5,40.5
45.5,39.5,33.5
35.5,45.5,48.5
44.6531,43.0713,38.8847
41.5,44.5,35.5
43.3049,36.0876,36.4642
35.5,39.5,43.5
41.9619,34.6415,37.7299
46.5,48.5,42.5
34.5,42.5,44.5
29.5,36.5,39.5
45.5,37.5,41.5
34.5,35.5,45.5
37.5,41.5,32.5
45.1357,40.225,35.4226
36.5,40.5,49.5
37.5,41.5,42.5
44.5,44.5,34.5
46.5,35.5,37.5
35.5,37.5,35.5
39.5,32.5,45.5
42.5702,43.0622,43.6348
43.7832,46.3978,49.7033
37.5,43.5,43.5
37.9722,35.358,43.0346
48.5,35.5,46.5
40.5,29.5,37.5
42.5,43.5,40.5
42.0203,46.7484,52.242
31.5,44.5,43.5
39.5,50.5,35.5
39.5,47.5,34.5
49.5,45.5,41.5
47.5,44.5,46.5
43.2492,44.3548,50.903
28.5,38.5,34.5
28.5,44.5,39.5
33.5,46.5,41.5
34.5,46.5,32.5
40.5,33.5,45.5
38.6638,41.3441,32.3634
42.5,44.5,29.5
42.7371,41.1988,52.5845
43.5,31.5,38.5
33.5,35.5,44.5
44.5,38.5,46.5
35.5,45.5,34.5
33.5,35.5,35.5
44.5,38.5,36.5
41.5,41.5,30.5
39.5,43.5,49.5
36.5,36.5,42.5
41.5,47.5,34.5
49.5,38.5,32.5
40.5,37.5,44.5
44.5,32.5,41.5
44.7294,38.4652,39.4072
32.5,31.5,40.5
31.5,35.5,35.5
37.5,49.5,39.5
43.8656,43.9328,45.844
31.5,46.5,40.5
41.5,29.5,44.5
36.5,30.5,34.5
36.7768,39.1747,50.925
39.5,42.5,35.5
44.7889,39.7474,34.5374
35.5,45.5,40.5
43.5,35.5,50.5
39.5,36.5,42.5
44.5,46.5,42.5
30.5,36.5,45.5
43.2304,42.2749,51.535
36.5,31.5,47.5
38.4185,39.365,52.1396
41.5,41.5,38.5
47.5,44.5,36.5
43.5,41.5,32.5
41.0689,37.8508,42.8587
37.5,35.5,34.5
47.5,38.5,48.5
44.5,32.5,35.5
30.5,35.5,37.5
42.5,37.5,33.5
45.5,44.5,32.5
43.5,36.5,41.5
47.5,32.5,45.5
46.5,34.5,41.5
34.5,38.5,30.5
37.5,40.5,35.5
39.5,38.5,38.5
38.1887,37.6601,42.6738
33.5,35.5,39.5
45.5,39.5,49.5
29.5,36.5,41.5
39.5,42.5,29.5
41.5,35.5,34.5
37.5,47.5,48.5
40.5,36.5,35.5
46.5,41.5,35.5
46.5,30.5,41.5
44.5,38.5,48.5
38.7406,43.7517,30.3608
50.5,40.5,37.5
40.5753,35.3254,36.4321
50.5,42.5,42.5
42.5802,43.0835,41.636
41.5696,41.9748,50.4674
40.5,42.5,34.5
38.5,46.5,35.5
44.5,39.5,40.5
39.9874,38.2603,47.1316
45.5,37.5,49.5
45.5,43.5,49.5
40.1068,36.2107,37.9749
37.8557,38.9088,52.9282
36.6142,36.6194,41.9233
40.5,45.5,46.5
50.5,41.5,43.5
33.5,48.5,35.5
42.5,50.5,44.5
39.5,50.5,42.5
47.5,46.5,42.5
38.4598,40.5995,47.664
38.5,31.5,48.5
40.5,50.5,40.5
36.5,49.5,44.5
39.5,39.5,50.5
41.5,47.5,31.5
41.5,36.5,51.5
36.5,49.5,43.5
41.2478,37.3007,42.0515
46.5,46.5,46.5
45.2114,45.4857,47.0565
37.5,30.5,36.5
38.629,42.1951,31.709
43.5,34.5,30.5
37.5,50.5,41.5
35.5,33.5,41.5
38.5,50.5,35.5
29.5,38.5,36.5
33.5,30.5,44.5
42.5,34.5,36.5
40.5,36.5,33.5
41.5,36.5,37.5
30.5,32.5,42.5
49.5,42.5,46.5
38.5,28.5,36.5
29.5,36.5,42.5
42.5456,42.9785,40.5943
35.5,44.5,29.5
35.5,43.5,49.5
40.9565,37.4008,45.5138
50.5,33.5,40.5
42.5,48.5,37.5
43.5,30.5,45.5
36.5956,34.5902,40.0337
42.5,34.5,38.5
40.6978,40.3943,32.9556
42.2655,42.6841,48.6864
34.5,42.5,48.5
43.5,32.5,33.5
37.5,41.5,41.5
45.5,46.5,35.5
35.4453,37.3039,55.8675
30.5,40.5,40.5
41.1149,33.2173,44.1274
37.5,37.5,42.5
42.5,35.5,37.5
32.5,37.5,36.5
41.5,46.5,45.5
36.5,39.5,36.5
37.5,31.5,45.5
44.2829,44.1196,42.8704
43.5259,44.3578,48.8486
30.5,46.5,43.5
31.5,41.5,48.5
39.5,40.5,49.5
38.6648,39.7297,33.7551
36.5856,38.0699,54.4065
45.7391,41.0983,37.21
32.5,37.5,31.5
29.5,43.5,41.5
33.5,40.5,41.5
32.5,47.5,36.5
43.7211,41.2065,39.5636
36.5,42.5,31.5
32.5,43.5,45.5
48.5,46.5,40.5
32.5,40.5,34.5
49.5,44.5,44.5
44.2159,42.3115,48.6763
42.7329,35.5227,35.774
40.8034,45.6083,28.0209
40.5,39.5,36.5
43.5,40.5,41.5
39.5,39.5,31.5
47.5,30.5,38.5
30.5,32.5,40.5
42.8425,40.4404,32.4888
31.5,43.5,34.5
42.5011,37.168,30.7412
37.5,48.5,44.5
40.5,38.5,34.5
43.5,32.5,41.5
45.5,41.5,44.5
46.5,39.5,33.5
41.5,42.5,39.5
34.5,39.5,50.5
29.5,43.5,38.5
40.5,29.5,34.5
33.5,39.5,48.5
40.5,38.5,46.5
47.5,39.5,41.5
35.5,45.5,32.5
41.0133,35.3715,28.6868
38.5,48.5,34.5
36.5,37.5,43.5
40.5,44.5,35.5
45.5,29.5,41.5
47.5,43.5,42.5
42.5,46.5,36.5
38.5,39.5,35.5
46.5,31.5,38.5
41.042,41.5386,51.2382
40.5,31.5,45.5
35.5,47.5,43.5
40.5749,36.2026,35.9384
38.5,39.5,30.5
34.5,29.5,37.5
38.5,43.5,46.5
31.5,33.5,37.5
34.5,43.5,49.5
36.5,31.5,42.5
44.5,38.5,50.5
37.5,43.5,44.5
35.1171,35.3097,41.3471
42.5,42.5,37.5
30.5,42.5,34.5
36.5,36.5,40.5
39.5,39.5,44.5
37.5,38.5,41.5
40.5,43.5,29.5
34.5,47.5,44.5
46.5,32.5,38.5
51.5,38.5,39.5
34.5,41.5,37.5
44.411,41.9931,53.6211
39.5,44.5,38.5
30.5,38.5,47.5
28.5,43.5,36.5
32.5,34.5,37.5
45.6754,43.4436,46.5053
41.5,39.5,27.5
35.5,43.5,39.5
39.9956,39.5575,45.2936
44.6992,42.7393,36.8626
44.323,39.2177,33.8091
45.5,42.5,46.5
36.5,40.5,50.5
47.5,41.5,36.5
39.5,43.5,36.5
37.5,39.5,28.5
33.5,42.5,49.5
35.9067,37.7181,55.0508
32.5,34.5,46.5
45.4935,42.0883,51.8247
39.202,32.7323,41.0262
35.5,38.5,36.5
33.5,46.5,46.5
37.5,40.5,44.5
41.5,34.5,42.5
44.5,37.5,42.5
48.5,33.5,44.5
29.5,43.5,40.5
48.5,39.5,43.5
38.5,49.5,43.5
42.933,39.9144,30.5032
30.5,37.5,41.5
42.5,47.5,40.5
44.4096,43.8246,41.9149
41.5,33.5,33.5
33.5,42.5,42.5
43.7275,43.992,46.825
37.5,43.5,29.5
33.5,47.5,42.5
29.5,44.5,37.5
49.5,33.5,41.5
35.5,34.5,39.5
30.5,40.5,44.5
42.5,42.5,31.5
38.5,44.5,49.5
37.5,38.5,32.5
32.5,41.5,45.5
42.5,42.5,42.5
39.5,39.5,36.5
40.5,35.5,35.5
39.5,35.5,46.5
47.5,31.5,43.5
44.5,39.5,50.5
32.5,45.5,41.5
41.5,37.5,46.5
40.5,47.5,38.5
36.5,36.5,45.5
38.5879,36.3681,36.1574
40.5,47.5,44.5
35.5,29.5,34.5
47.5,31.5,42.5
51.5,42.5,42.5
44.9167,39.1398,40.1974
29.5,42.5,38.5
37.5,48.5,41.5
45.5,36.5,33.5
33.5,29.5,39.5
31.5,44.5,40.5
32.5,33.5,47.5
39.5,50.5,44.5
34.5,29.5,44.5
39.4349,38.6401,47.93
41.5,36.5,31.5
45.5,48.5,45.5
49.5,41.5,41.5
35.5,44.5,33.5
47.5,42.5,41.5
44.5,49.5,42.5
37.5,50.5,45.5
30.5,41.5,38.5
38.5,34.5,29.5
43.7498,42.2702,50.676
39.5,33.5,29.5
42.5,47.5,45.5
49.5,32.5,42.5
38.5,42.5,36.5
37.5,41.5,31.5
32.5,32.5,39.5
41.5,27.5,40.5
37.5,40.5,48.5
35.5,30.5,39.5
49.5,45.5,34.5
45.5,39.5,37.5
37.5,34.5,50.5
38.5,39.5,42.5
30.5,39.5,33.5
42.9539,39.6137,29.4806
46.5,35.5,46.5
45.5,40.5,29.5
39.5,44.5,46.5
39.5,48.5,41.5
42.5,38.5,36.5
38.5,27.5,37.5
39.1859,40.7159,50.8218
36.5,46.5,49.5
41.5,39.5,35.5
43.5728,37.5301,35.1504
44.5,43.5,34.5
46.5,44.5,32.5
28.5,37.5,44.5
39.5,45.5,47.5
39.8306,43.7052,55.1709
47.5,40.5,45.5
49.5,37.5,33.5
42.5,35.5,36.5
29.5,40.5,40.5
35.5,46.5,37.5
30.5,37.5,34.5
32.5,42.5,47.5
32.5,43.5,41.5
36.5,43.5,45.5
35.5,40.5,47.5
38.5,30.5,38.5
40.5,50.5,36.5
36.5,31.5,35.5
41.5,32.5,32.5
43.8142,38.7344,33.037
34.5,45.5,42.5
38.6186,40.5457,33.0129
46.8022,43.4557,40.3609
34.5,48.5,35.5
41.5,32.5,41.5
41.5,41.5,43.5
40.5,48.5,34.5
38.7566,38.88,48.6534
31.5,31.5,39.5
36.0364,38.921,51.5656
46.5,37.5,30.5
39.5,48.5,32.5
40.1262,34.6022,41.5737
37.5,39.5,30.5
34.5,40.5,46.5
38.5,33.5,30.5
40.5092,41.0875,52.0312
33.5,46.5,32.5
38.4409,34.732,37.48
47.2205,39.1145,35.4386
48.5,41.5,38.5
48.5,45.5,46.5
48.5,43.5,47.5
44.5,28.5,41.5
30.5,46.5,35.5
33.5,46.5,43.5
38.5,30.5,44.5
49.5,34.5,37.5
39.5,51.5,39.5
46.5,31.5,40.5
49.5,46.5,38.5
40.5,40.5,49.5
42.5,48.5,43.5
38.5,45.5,32.5
46.5,46.5,42.5
45.1634,40.6424,38.7976
37.5,45.5,37.5
40.5,28.5,43.5
30.5,42.5,36.5
38.5,31.5,40.5
42.5,39.5,37.5
41.5,30.5,43.5
33.5,36.5,48.5
48.5,47.5,43.5
37.5,39.5,51.5
42.9037,40.2071,31.5089
45.5,39.5,39.5
29.5,44.5,36.5
44.0527,42.4024,49.7256
38.5,33.5,50.5
48.5,33.5,38.5
39.5,39.5,27.5
47.5,39.5,33.5
48.5,33.5,45.5
44.5,32.5,46.5
44.5,49.5,45.5
38.5,43.5,28.5
37.5,48.5,47.5
38.5,46.5,34.5
42.6039,46.555,51.4644
41.9766,42.3387,49.6055
40.7539,39.4866,33.5698
41.5,38.5,38.5
32.5,46.5,40.5
39.4447,32.34,41.9351
44.5,31.5,40.5
31.5,41.5,46.5
40.5,42.5,41.5
39.5,50.5,41.5
44.7759,45.8755,47.9435
44.5,41.5,32.5
43.7396,36.6438,37.1954
47.5,48.5,35.5
38.9704,40.3472,46.8353
48.5,38.5,42.5
51.5,38.5,38.5
39.5,39.5,43.5
44.5,31.5,45.5
43.5,47.5,42.5
40.8177,43.7827,30.4623
40.9798,39.0867,54.0798
40.5,42.5,36.5
49.5,39.5,34.5
50.5,41.5,42.5
44.5,37.5,37.5
44.5,39.5,47.5
36.5,39.5,47.5
39.5,37.5,45.5
45.5,41.5,48.5
37.5,49.5,40.5
45.5,35.5,46.5
36.5,46.5,42.5
45.5,42.5,36.5
33.5,33.5,42.5
29.5,37.5,35.5
49.5,43.5,43.5
32.5,47.5,38.5
41.5,38.5,45.5
38.6056,37.1896,35.5462
47.2419,45.7043,40.5254
38.749,33.4117,39.0677
36.5,42.5,48.5
43.5,36.5,35.5
50.5,37.5,36.5
49.5,47.5,39.5
44.5,39.5,48.5
29.5,33.5,37.5
40.5,29.5,42.5
35.5,38.5,34.5
38.7566,38.8595,34.3848
33.5,43.5,46.5
44.8329,40.0707,38.0308
44.8829,39.6495,41.0911
38.6535,38.0722,34.9972
42.5,29.5,37.5
28.5,41.5,43.5
39.5,30.5,41.5
34.5,45.5,30.5
34.5,36.5,38.5
36.5,48.5,35.5
41.5,42.5,28.5
47.5,39.5,30.5
44.5,43.5,48.5
33.5,42.5,44.5
38.5,33.5,39.5
34.5,49.5,43.5
38.5,39.5,46.5
33.5,34.5,42.5
46.5445,41.7241,47.8623
48.5,34.5,40.5
35.9842,34.8954,39.2744
47.5,46.5,34.5
34.5,32.5,38.5
35.5,42.5,50.5
35.5,39.5,42.5
41.5,44.5,48.5
40.5,44.5,33.5
29.5,38.5,41.5
44.8144,42.0555,33.8339
35.5,40.5,43.5
39.5,37.5,38.5
46.5,47.5,41.5
30.5,38.5,45.5
32.5,32.5,46.5
42.5,47.5,31.5
37.5,42.5,46.5
43.5,37.5,39.5
41.0958,45.3431,54.247
44.5,34.5,35.5
38.5,46.5,36.5
42.5,32.5,43.5
36.5,41.5,47.5
42.5,30.5,34.5
33.5,35.5,46.5
40.7428,42.0406,31.7079
43.5,48.5,45.5
38.5,27.5,40.5
31.5,32.5,42.5
38.5,47.5,41.5
46.4454,44.3426,42.2695
41.5,38.5,35.5
45.5,30.5,39.5
27.5,41.5,38.5
40.5,46.5,42.5
42.5,42.5,33.5
41.5,46.5,46.5
44.6195,42.9436,37.9012
34.4492,34.5553,41.2869
44.4867,42.1784,44.6054
46.5,36.5,30.5
44.5,40.5,32.5
40.5,40.5,29.5
48.5,36.5,31.5
32.5,48.5,38.5
40.5,44.5,43.5
42.5,46.5,48.5
44.5,33.5,34.5
49.5,36.5,46.5
36.5,45.5,35.5
47.5,33.5,42.5
47.5,37.5,46.5
45.5,42.5,48.5
38.5,47.5,38.5
42.5,41.5,33.5
31.5,37.5,34.5
44.5,45.5,37.5
32.5,38.5,40.5
47.5,42.5,40.5
48.5,39.5,36.5
37.5,45.5,30.5
48.5,41.5,33.5
32.5,37.5,37.5
43.2103,35.5041,31.5792
35.5,43.5,36.5
44.5,36.5,50.5
50.5,41.5,36.5
39.5,44.5,30.5
40.5,29.5,45.5
43.2263,46.4197,50.555
45.5,35.5,34.5
46.5,42.5,44.5
48.5,48.5,40.5
41.5,33.5,30.5
42.4455,42.7843,47.6732
29.5,43.5,35.5
40.2494,38.4312,54.3657
46.5,43.5,49.5
31.5,39.5,45.5
43.5,40.5,47.5
38.5,47.5,37.5
39.5,32.5,49.5
41.5,49.5,35.5
31.5,43.5,31.5
45.5,44.5,37.5
45.5,33.5,40.5
49.5,40.5,40.5
40.774,42.9196,31.0484
39.5,49.5,43.5
36.5,45.5,44.5
48.5,38.5,31.5
29.5,45.5,39.5
37.0465,38.9305,38.0387
48.5,42.5,44.5
42.5,48.5,42.5
49.5,44.5,39.5
43.5,32.5,31.5
44.5,42.5,49.5
43.3903,43.7102,53.1398
47.5,35.5,46.5
36.5,36.5,31.5
38.9264,44.3554,29.4658
44.389,42.1294,43.5789
35.5,39.5,50.5
42.5,41.5,40.5
41.5,44.5,41.5
41.5,51.5,43.5
39.5,32.5,36.5
30.5,43.5,37.5
40.5,39.5,47.5
36.5,33.5,44.5
37.5,42.5,36.5
35.5,33.5,36.5
44.3382,42.0487,46.6453
28.5,36.5,41.5
39.5,37.5,37.5
36.5,45.5,49.5
35.5,40.5,40.5
44.5,43.5,40.5
27.5,37.5,39.5
40.5,39.5,31.5
42.5,48.5,46.5
48.5,43.5,39.5
32.5,35.5,41.5
37.5614,41.4923,49.3411
37.5,41.5,39.5
43.5,40.5,49.5
46.6267,43.9119,41.3321
36.5,36.5,46.5
32.5,41.5,39.5
43.5,34.5,48.5
44.5,48.5,37.5
40.4811,39.1001,44.4935
47.5,41.5,30.5
34.5,42.5,37.5
34.5,42.5,39.5
37.5,45.5,40.5
38.5,37.5,30.5
46.5,32.5,46.5
40.7259,41.1888,32.3111
49.5,35.5,41.5
47.5,37.5,41.5
32.5,35.5,39.5
41.8262,45.0441,53.5613
46.5,35.5,39.5
33.5,33.5,39.5
34.5,42.5,38.5
46.5,37.5,38.5
44.5,38.5,29.5
38.5,35.5,50.5
35.5,41.5,34.5
43.5,39.5,39.5
34.5,47.5,36.5
37.5,38.5,28.5
30.5,40.5,38.5
40.307,45.6773,54.8507
42.6047,42.9465,37.4802
43.6257,41.9708,54.2696
44.5,37.5,36.5
41.4967,32.7074,44.9453
45.2508,43.6247,49.5611
45.5,49.5,36.5
31.5,36.5,43.5
41.5578,39.8414,53.5667
43.3044,38.2156,32.3203
45.5,36.5,40.5
44.1677,38.7569,36.5613
41.5,51.5,40.5
44.5,45.5,44.5
46.5,48.5,34.5
32.5,41.5,49.5
31.5,34.5,36.5
42.48,42.8349,46.6761
45.5,31.5,42.5
43.6707,41.2257,38.52
42.5,30.5,37.5
42.5,50.5,43.5
39.5,38.5,31.5
44.7195,43.5356,50.4158
30.5,38.5,33.5
44.9535,42.1144,52.6882
41.3131,43.0483,53.8323
44.2594,46.2009,48.8208
42.8167,42.972,35.4911
30.5,36.5,38.5
45.5,38.5,38.5
34.5,32.5,41.5
36.5,33.5,29.5
37.5,35.5,32.5
32.5,33.5,38.5
39.5,32.5,41.5
44.5,42.5,50.5
50.5,35.5,43.5
47.5,41.5,43.5
31.5,36.5,33.5
46.5,30.5,38.5
41.5,34.5,49.5
39.8595,31.7574,43.8049
31.5,45.5,32.5
49.5,42.5,32.5
42.5,47.5,30.5
38.5,34.5,44.5
36.5,50.5,38.5
32.5,45.5,34.5
42.4562,36.1798,43.2239
32.5,38.5,43.5
44.4893,39.4251,37.2628
32.5,38.5,42.5
45.5,41.5,30.5
39.5,29.5,41.5
32.5,40.5,42.5
37.9578,38.6764,55.8517
40.8811,45.1297,28.9789
46.5,29.5,40.5
43.315,40.984,35.495
39.8686,35.6801,38.8169
30.5,42.5,44.5
32.5,39.5,38.5
31.5,35.5,44.5
43.5,33.5,30.5
32.5,40.5,44.5
48.5,39.5,33.5
44.5,39.5,37.5
39.5,34.5,35.5
36.5,50.5,39.5
33.5,42.5,38.5
37.5,33.5,40.5
47.5,41.5,40.5
46.5,34.5,45.5
40.5,36.5,45.5
33.5,38.5,30.5
36.5,29.5,38.5
36.5,41.5,45.5
31.5,35.5,46.5
43.5,37.5,35.5
43.0291,34.4814,29.8514
39.5,27.5,40.5
31.5,44.5,39.5
36.5,44.5,45.5
48.5,33.5,35.5
42.0047,42.7379,53.0949
40.5871,33.7109,37.5825
36.5,34.5,30.5
31.5,45.5,42.5
43.1258,42.7755,32.4076
46.5,42.5,43.5
34.5,50.5,42.5
45.5,34.5,49.5
31.5,35.5,33.5
39.7597,42.1599,49.4913
38.5,36.5,37.5
40.5,29.5,44.5
47.5,36.5,44.5
31.5,46.5,33.5
40.5927,36.9806,35.2251
41.5,44.5,46.5
40.5,48.5,35.5
43.5,31.5,35.5
31.5,40.5,39.5
40.5,40.5,46.5
44.5,34.5,46.5
46.5,44.5,46.5
35.5,45.5,38.5
36.5,34.5,47.5
29.5,39.5,34.5
36.5,50.5,37.5
44.2134,43.5288,51.2858
40.7744,33.7639,43.3326
33.5,49.5,35.5
46.5,43.5,39.5
32.5,30.5,37.5
40.2727,42.7506,48.8369
32.5,40.5,38.5
48.5,32.5,38.5
47.5,33.5,34.5
39.7407,35.2095,39.6708
44.5,44.5,32.5
36.95,35.0963,43.0473
34.5,33.5,38.5
47.5,38.5,45.5
45.5,40.5,37.5
46.5,32.5,43.5
38.5,44.5,30.5
42.5,50.5,38.5
42.5121,43.1207,42.6499
41.5,37.5,50.5
40.5,50.5,33.5
36.5,41.5,44.5
41.5311,37.0182,44.7839
39.5,42.5,41.5
28.5,43.5,42.5
46.5,46.5,39.5
40.5,39.5,30.5
38.8444,39.9874,51.4249
32.5,36.5,38.5
34.5,38.5,32.5
38.5,36.5,44.5
40.5719,35.0563,27.8487
30.5,41.5,39.5
40.5,30.5,35.5
34.5,40.5,47.5
44.5,32.5,34.5
38.5,48.5,37.5
44.5,44.5,40.5
32.5,41.5,43.5
46.5,41.5,44.5
38.5,29.5,44.5
38.5,38.5,44.5
39.5,37.5,33.5
33.5,40.5,49.5
32.5,32.5,32.5
41.5165,34.5,34.5827
42.5,34.5,32.5
44.5,31.5,47.5
44.5,32.5,31.5
40.5,40.5,47.5
33.5,50.5,39.5
30.5,44.5,43.5
43.5,42.5,34.5
49.5,34.5,44.5
38.5,33.5,48.5
36.5,35.5,30.5
35.5,38.5,30.5
37.5,49.5,44.5
38.7027,37.2177,54.6681
38.4901,39.2961,55.1119
35.5,35.5,31.5
47.5,43.5,33.5
46.5,34.5,39.5
39.5,40.5,40.5
34.5,33.5,40.5
34.5,45.5,44.5
39.5,41.5,32.5
40.5,39.5,45.5
42.5,30.5,32.5
44.5,32.5,33.5
45.8118,41.0703,44.8705
39.5,34.5,32.5
40.7772,38.5153,43.6784
40.5709,43.3438,54.4874
40.5,37.5,27.5
44.1375,44.3073,43.876
37.5,45.5,50.5
28.5,42.5,37.5
44.5,44.5,42.5
40.5,39.5,32.5
35.5,36.5,31.5
38.5,44.5,39.5
36.5,38.5,30.5
38.5,33.5,36.5
35.5,35.5,39.5
40.0208,34.6134,27.0451
47.5,38.5,43.5
33.5,42.5,43.5
45.5,31.5,35.5
39.5,46.5,35.5
45.5,33.5,32.5
40.5,29.5,36.5
36.5,33.5,31.5
42.5,39.5,42.5
48.5,44.5,37.5
29.5,35.5,45.5
48.5,44.5,38.5
39.5,45.5,32.5
39.5,42.5,48.5
36.5,37.5,32.5
43.3237,36.9399,34.3662
37.5,47.5,41.5
39.4489,41.3848,50.1441
42.5,35.5,40.5
38.5,43.5,40.5
33.5,37.5,32.5
39.5,47.5,46.5
33.5,40.5,32.5
36.5,50.5,34.5
36.5,47.5,35.5
40.5,45.5,39.5
42.5,34.5,45.5
45.5,33.5,37.5
41.5,39.5,32.5
35.5,44.5,46.5
46.5,40.5,46.5
48.5,43.5,32.5
31.5,34.5,43.5
36.5,34.5,35.5
36.5,35.5,46.5
45.793,45.0303,45.1795
37.5,30.5,34.5
30.5,43.5,42.5
41.7966,35.639,39.5436
34.5,44.5,48.5
43.5,45.5,47.5
31.5,30.5,40.5
35.5,34.5,41.5
37.5,34.5,49.5
33.5,46.5,47.5
45.5,50.5,41.5
37.5,40.5,42.5
36.5,40.5,43.5
45.5,49.5,38.5
43.5,40.5,36.5
48.5,31.5,41.5
42.5,47.5,37.5
41.5,43.5,34.5
40.5,42.5,30.5
32.5,34.5,40.5
47.5,48.5,36.5
39.5,38.5,28.5
41.5,35.5,49.5
40.5,39.5,40.5
32.5,41.5,46.5
41.5,35.5,43.5
43.4097,41.0735,36.5106
36.5,42.5,42.5
43.9424,41.3457,40.5875
35.5,43.5,30.5
48.5,38.5,45.5
45.6981,43.0653,44.4556
43.5,50.5,42.5
35.5,49.5,43.5
34.5,48.5,37.5
47.5,41.5,46.5
39.5,40.5,37.5
32.5,39.5,30.5
47.5,40.5,36.5
39.5,35.5,44.5
43.8716,38.198,35.8064
35.5,40.5,42.5
40.5,47.5,35.5
43.5,35.5,48.5
47.5,32.5,34.5
39.0069,38.0505,43.1656
43.55,41.1226,37.5662
35.5,46.5,36.5
38.5,31.5,33.5
35.5,36.5,44.5
41.5,47.5,46.5
39.5,31.5,43.5
40.5,47.5,41.5
39.5,34.5,28.5
32.5,45.5,38.5
40.5,45.5,33.5
40.5,48.5,48.5
45.5,46.5,46.5
42.5,40.5,39.5
37.5,42.5,51.5
41.5,40.5,44.5
46.5,33.5,36.5
48.5,45.5,45.5
40.5,44.5,30.5
33.5,38.5,38.5
38.5,39.5,43.5
44.5,49.5,41.5
46.8442,42.8503,39.5417
42.5,45.5,30.5
35.5,42.5,32.5
47.5,39.5,44.5
31.5,40.5,35.5
42.1211,40.5444,53.0825
42.5,36.5,45.5
40.4421,34.2082,42.4984
41.5,29.5,36.5
38.5,28.5,42.5
41.5559,36.1519,40.3927
28.5,39.5,43.5
41.5,50.5,42.5
41.5,47.5,40.5
50.5,45.5,40.5
46.5664,42.186,38.7394
39.5,47.5,38.5
47.5,30.5,40.5
32.5,49.5,39.5
41.5,35.5,32.5
39.4379,40.298,53.5551
34.5,39.5,38.5
45.5,48.5,39.5
36.5,32.5,36.5
50.5,42.5,43.5
33.5,30.5,37.5
43.5,34.5,34.5
42.536,42.8775,39.5482
44.5,43.5,39.5
38.5,37.5,27.5
35.5,30.5,36.5
31.5,36.5,46.5
45.5954,42.6694,43.4853
33.5,32.5,43.5
36.5,28.5,42.5
39.5,32.5,33.5
40.5,29.5,35.5
47.5,44.5,39.5
46.5,39.5,49.5
40.7973,38.6488,34.1165
35.5,29.5,41.5
38.5,35.5,33.5
44.5,42.5,32.5
35.5,32.5,46.5
37.5,50.5,43.5
42.5,41.5,28.5
37.5,42.5,48.5
30.5,36.5,40.5
40.6896,37.769,34.6073
30.5,32.5,43.5
42.0528,36.5579,44.0638
42.8141,37.7028,31.5356
42.5,43.5,41.5
44.5,44.5,48.5
38.5,42.5,32.5
35.9282,35.9446,41.5582
30.5,44.5,36.5
33.5,45.5,46.5
43.5,30.5,34.5
31.5,42.5,37.5
41.5,36.5,28.5
42.9261,42.778,33.3822
41.5,37.5,32.5
34.5,39.5,49.5
32.5,42.5,41.5
40.5,39.5,28.5
44.5,41.5,42.5
47.5,39.5,43.5
30.5,37.5,44.5
44.5,32.5,45.5
29.5,46.5,40.5
37.5,47.5,36.5
39.0931,44.9809,28.6199
36.5,34.5,39.5
45.5,46.5,42.5
39.5452,37.7304,54.5503
35.5,35.5,38.5
38.1243,39.1329,49.3852
29.5,38.5,34.5
47.5,37.5,42.5
44.0207,41.5831,41.6136
41.5,36.5,34.5
48.5,40.5,39.5
39.5,49.5,42.5
45.5,37.5,38.5
43.5,44.5,43.5
37.4016,37.1833,42.2931
30.5,42.5,43.5
37.5,48.5,34.5
47.5,35.5,41.5
45.5,32.5,44.5
34.5,43.5,30.5
42.5457,42.8946,38.4916
31.5,37.5,36.5
42.5,32.5,49.5
44.5,44.5,41.5
33.5,32.5,44.5
37.5,38.5,46.5
47.5,48.5,38.5
29.5,39.5,40.5
37.5,42.5,34.5
43.5759,40.0046,33.7277
45.7905,42.264,45.6539
37.5,43.5,47.5
35.81,34.9755,40.6671
35.8539,35.3494,42.3407
32.5,42.5,32.5
44.1532,45.4514,49.9822
42.5,33.5,41.5
40.5,36.5,37.5
38.5,49.5,39.5
40.5,35.5,32.5
44.5,41.5,33.5
47.5,30.5,41.5
43.3021,39.6136,32.7467
42.5,34.5,44.5
38.5043,41.4565,49.7636
28.5,40.5,42.5
40.5,35.5,48.5
44.5,49.5,34.5
41.5,45.5,35.5
39.669,42.1388,31.7283
36.5,51.5,39.5
39.5,47.5,40.5
45.2168,41.8765,37.0389
36.572,37.8776,55.8231
39.5,43.5,38.5
40.2572,38.6811,45.8201
31.5,35.5,36.5
43.4633,42.6144,43.5449
33.5,45.5,31.5
34.5,43.5,40.5
41.5,40.5,40.5
33.5,40.5,40.5
39.5,40.5,45.5
37.5,34.5,31.5
34.5,41.5,40.5
34.5,44.5,47.5
44.3947,38.6962,37.9795
31.5,38.5,43.5
46.5,39.5,46.5
40.5,30.5,37.5
39.5,31.5,37.5
40.5,43.5,51.5
47.5,38.5,37.5
33.5,42.5,47.5
43.9442,42.9514,46.7411
39.5,31.5,48.5
34.5,42.5,36.5
28.5,41.5,40.5
46.5,42.5,49.5
32.5,35.5,45.5
32.5,44.5,34.5
35.5,35.5,40.5
45.5,46.5,33.5
47.5,37.5,32.5
35.5,43.5,35.5
39.5,38.5,46.5
46.5,29.5,37.5
37.7115,36.3225,42.6869
44.1697,37.9933,37.2332
38.5,38.5,29.5
45.1038,41.5336,36.029
46.5,41.5,32.5
42.5,32.5,36.5
41.5,39.5,40.5
46.5,45.5,36.5
37.5,39.5,33.5
49.5,40.5,38.5
41.5,51.5,42.5
38.5,32.5,32.5
31.5,30.5,41.5
34.5,40.5,29.5
38.3567,39.3797,53.6505
38.5,42.5,39.5
35.5,44.5,31.5
43.5,37.5,31.5
39.5,46.5,33.5
36.5,35.5,50.5
41.5,50.5,35.5
28.5,42.5,41.5
37.9217,38.82,54.4479
43.5,32.5,39.5
46.5,41.5,46.5
44.9243,44.5899,45.0074
43.1046,36.8671,32.0382
42.738,41.9087,34.4098
42.5,37.5,31.5
42.5,33.5,29.5
43.5,39.5,51.5
49.5,37.5,40.5
45.5,36.5,38.5
49.5,36.5,42.5
50.5,35.5,40.5
32.5,44.5,45.5
34.5,40.5,40.5
49.5,44.5,40.5
39.5,45.5,48.5
28.5,42.5,43.5
36.5,35.5,35.5
36.5,43.5,35.5
40.7438,40.2258,53.1472
36.5,30.5,44.5
36.747,50.051,41.3779
40.5,38.5,36.5
49.5,33.5,38.5
43.3783,43.271,50.808
38.1512,39.6131,50.7859
49.5,38.5,41.5
28.5,42.5,44.5
30.5,31.5,41.5
43.3332,37.3792,32.9342
44.5,33.5,44.5
46.5,47.5,39.5
35.5,39.5,41.5
37.5,29.5,44.5
33.5,47.5,40.5
39.7742,38.7012,34.22
36.5,51.5,37.5
41.5,46.5,37.5
44.5,35.5,41.5
34.5,46.5,40.5
47.5,35.5,38.5
45.7917,43.4234,40.135
38.5,46.5,48.5
38.6055,39.7409,48.1151
33.5,41.5,37.5
33.5,31.5,45.5
39.5,27.5,41.5
48.5,44.5,34.5
38.5,40.5,47.5
39.9733,44.7119,54.921
49.5,38.5,46.5
35.5,29.5,40.5
43.3962,42.3975,47.6126
32.5,35.5,35.5
37.5,49.5,42.5
39.5,33.5,47.5
31.5,32.5,37.5
38.5,46.5,38.5
40.5,42.5,50.5
43.5,36.5,28.5
50.5,37.5,44.5
46.5,35.5,42.5
36.5,34.5,34.5
46.5,39.5,32.5
34.5,38.5,47.5
41.5,36.5,40.5
42.7511,45.5513,51.6526
50.5,43.5,39.5
35.5,43.5,29.5
36.5,33.5,43.5
39.5,47.5,41.5
47.5,39.5,48.5
39.5,45.5,45.5
50.5,40.5,35.5
30.5,40.5,41.5
45.5,45.5,41.5
38.5,47.5,33.5
31.5,35.5,31.5
43.5,50.5,36.5
40.8381,44.3521,54.3538
40.5,36.5,32.5
48.5,31.5,39.5
43.5,48.5,46.5
35.5,50.5,43.5
35.5,43.5,34.5
43.724,43.3467,49.7485
34.5,48.5,43.5
39.5,34.5,43.5
33.5,33.5,36.5
40.5,40.5,36.5
43.1081,41.541,53.4661
48.5,40.5,43.5
50.5,34.5,36.5
49.5,43.5,41.5
50.5,41.5,40.5
42.5,40.5,32.5
49.5,46.5,37.5
48.5,45.5,38.5
41.4026,35.1263,35.8712
35.5,44.5,34.5
44.5,43.5,29.5
39.5588,36.2035,36.101
48.5,37.5,40.5
40.7078,42.0714,49.9198
45.4401,41.7077,43.6889
41.5,48.5,40.5
41.0995,37.7101,44.2011
39.5,42.5,49.5
41.0516,41.4418,46.256
49.5,41.5,40.5
44.5,40.5,34.5
39.5,44.5,35.5
35.5,35.5,44.5
37.5,42.5,44.5
42.5,49.5,33.5
45.5,48.5,36.5
43.5,49.5,33.5
34.5,34.5,35.5
40.5,31.5,32.5
42.5,44.5,39.5
48.5,35.5,38.5
44.5,45.5,48.5
36.5,33.5,48.5
43.5,42.5,43.5
49.5,42.5,42.5
43.5,44.5,49.5
39.5,44.5,49.5
40.5,39.5,46.5
41.5,29.5,41.5
40.5,35.5,29.5
45.5,47.5,45.5
41.5,49.5,42.5
34.5,48.5,39.5
49.5,38.5,33.5
31.5,43.5,46.5
43.5,41.5,43.5
32.5,47.5,34.5
44.5,37.5,49.5
38.5,47.5,42.5
33.5,38.5,33.5
33.5,40.5,29.5
40.5,36.5,49.5
39.9502,44.5436,29.6064
37.5,33.5,47.5
40.5,36.5,42.5
29.5,43.5,37.5
43.5,45.5,46.5
35.5,45.5,35.5
39.5844,37.091,35.3722
41.5,42.5,36.5
40.5,38.5,41.5
44.5,44.5,36.5
44.4674,44.5014,50.1853
32.5,41.5,36.5
44.5,43.5,30.5
43.8472,45.2824,48.8759
41.5,49.5,38.5
46.5,38.5,30.5
30.5,38.5,42.5
28.5,40.5,37.5
34.5,35.5,30.5
36.5,41.5,36.5
46.5,40.5,41.5
45.5,33.5,35.5
39.4002,34.6009,37.1636
38.5,31.5,47.5
46.5,34.5,36.5
37.5,49.5,37.5
31.5,40.5,43.5
35.5,28.5,37.5
45.5,45.5,38.5
34.5,49.5,40.5
46.5,38.5,46.5
37.5,47.5,46.5
33.5,45.5,48.5
39.5728,33.8189,37.8856
33.5,32.5,38.5
39.7119,41.2787,32.304
40.5,44.5,38.5
32.5,42.5,48.5
45.0049,42.1809,39.1574
37.5,47.5,33.5
43.0326,41.9941,36.4516
36.5,33.5,30.5
42.5,45.5,38.5
35.5,36.5,28.5
37.5,40.5,45.5
41.7798,41.9791,51.7664
44.8688,39.2521,38.7048
39.5,50.5,37.5
50.5,40.5,43.5
36.7893,38.6883,37.0322
36.5,41.5,29.5
45.2866,41.0262,41.6409
37.5,38.5,39.5
38.5,35.5,28.5
39.7092,42.9864,31.0667
47.5,35.5,40.5
38.0677,40.1034,49.0373
39.5,45.5,29.5
36.5,33.5,40.5
36.1863,50.502,42.1794
43.5,49.5,40.5
38.5,44.5,28.5
29.5,44.5,35.5
43.5,32.5,38.5
37.5,44.5,30.5
47.5,44.5,37.5
45.5,38.5,39.5
37.5,41.5,43.5
36.5,46.5,43.5
30.5,43.5,33.5
39.5,43.5,50.5
46.5,40.5,48.5
33.5,34.5,32.5
28.5,41.5,35.5
44.5,41.5,47.5
41.5,44.5,37.5
36.5,40.5,29.5
29.5,35.5,34.5
39.5,42.5,28.5
40.5,41.5,46.5
38.5,40.5,31.5
33.5,42.5,34.5
34.5,32.5,37.5
28.5,39.5,37.5
37.5,46.5,44.5
44.5,45.5,32.5
45.5,39.5,34.5
35.5,36.5,46.5
51.5,40.5,42.5
41.5,38.5,34.5
31.5,31.5,41.5
36.5,39.5,32.5
37.5,29.5,43.5
43.5,46.5,36.5
44.5,48.5,33.5
48.5,46.5,36.5
42.5,32.5,45.5
36.5,29.5,34.5
36.5,44.5,31.5
43.5,42.5,48.5
37.5,47.5,39.5
43.4391,42.509,45.6964
43.5,33.5,39.5
46.5,38.5,29.5
32.5,46.5,37.5
43.5,34.5,43.5
31.5,47.5,39.5
31.5,36.5,34.5
47.5,47.5,43.5
40.5,28.5,36.5
51.5,42.5,39.5
45.0552,39.9527,39.5147
36.5,39.5,39.5
42.5,29.5,33.5
37.5,50.5,38.5
34.5,44.5,36.5
44.1272,42.2837,52.1254
34.5,36.5,30.5
31.5,44.5,33.5
40.5,35.5,39.5
34.5,37.5,37.5
43.1654,42.089,39.5123
41.5,45.5,40.5
43.5,38.5,31.5
29.5,35.5,42.5
30.5,32.5,39.5
39.7884,43.79,30.4134
42.5,28.5,43.5
46.5,44.5,41.5
43.5,49.5,39.5
45.3295,42.2502,37.9828
28.5,36.5,43.5
34.5,33.5,47.5
37.5917,39.2369,51.5731
36.5,43.5,41.5
37.5,46.5,40.5
46.0672,42.7418,48.7182
37.5,51.5,42.5
49.5,33.5,39.5
36.5,40.5,36.5
44.5,30.5,36.5
42.1152,36.314,41.7327
43.511,36.8074,35.8138
30.5,44.5,40.5
47.5,38.5,34.5
31.5,37.5,33.5
38.5,39.5,34.5
49.5,38.5,44.5
42.5,28.5,40.5
28.5,38.5,38.5
50.5,38.5,38.5
32.5,39.5,36.5
49.5,35.5,35.5
47.5,41.5,32.5
50.5,34.5,41.5
48.5,40.5,31.5
47.5,45.5,40.5
34.5,32.5,44.5
38.5,38.5,43.5
37.5,46.5,49.5
45.5,38.5,40.5
44.6905,42.2061,51.1713
35.5,35.5,36.5
39.6851,40.4655,32.9237
43.5321,43.2314,40.7612
38.5,31.5,35.5
44.5,50.5,36.5
45.5,39.5,41.5
48.5,43.5,37.5
51.5,42.5,38.5
45.7514,42.0791,44.6283
43.5,36.5,33.5
48.5,43.5,44.5
32.5,40.5,46.5
46.0984,42.5183,46.6564
43.8791,42.4068,33.6431
34.5,48.5,33.5
30.5,40.5,37.5
37.5719,49.4164,39.5709
35.5,45.5,49.5
34.7065,34.5747,42.3468
45.5,43.5,30.5
30.5,34.5,42.5
45.5,45.5,44.5
48.5,39.5,47.5
50.5,36.5,39.5
32.5,46.5,44.5
39.5,46.5,32.5
43.5,34.5,46.5
40.5,33.5,32.5
40.5,36.5,31.5
36.5,48.5,34.5
46.5,30.5,40.5
35.5,43.5,46.5
37.5,35.5,49.5
39.5,36.5,33.5
32.5,48.5,36.5
47.5,37.5,37.5
43.011,41.9829,35.4489
38.5,38.5,39.5
44.5,45.5,43.5
44.5,50.5,39.5
46.5,48.5,37.5
39.5,33.5,30.5
43.029,36.2233,34.9749
36.5,36.5,29.5
30.5,35.5,46.5
37.1577,49.689,40.4866
47.5,34.5,34.5
40.7559,35.5316,40.5373
31.5,36.5,41.5
48.5,41.5,40.5
30.5,37.5,39.5
44.5,37.5,47.5
28.5,40.5,44.5
41.7747,42.1554,46.4364
39.8579,32.7173,39.6512
44.3403,42.8126,42.2727
38.5,41.5,48.5
43.2671,45.3938,50.7274
40.5,31.5,35.5
38.4128,37.9343,55.3132
49.5,43.5,33.5
40.5,37.5,40.5
40.7935,35.72,39.2249
40.2777,39.7443,53.905
40.3715,40.6643,46.1327
38.5,40.5,46.5
39.5,46.5,36.5
43.0901,42.05,37.5648
47.5,48.5,43.5
32.5,44.5,39.5
37.2974,37.3894,54.5613
40.5,40.5,41.5
31.5,47.5,43.5
35.5,34.5,49.5
38.5,39.5,41.5
43.3713,43.6148,42.7477
31.5,43.5,37.5
33.5,38.5,32.5
41.5,39.5,47.5
37.5,43.5,45.5
50.5,44.5,39.5
47.5,44.5,47.5
44.6841,44.5188,46.0382
42.5,39.5,29.5
40.5,38.5,50.5
42.8981,36.3494,31.1447
40.3263,32.8676,43.0323
32.5,41.5,33.5
39.702,39.6677,33.7031
36.5,49.5,46.5
38.5,49.5,42.5
46.5,36.5,35.5
45.4178,44.5331,47.4049
40.5,32.5,35.5
48.5,38.5,34.5
32.5,44.5,31.5
36.5,48.5,32.5
44.5,43.5,32.5
40.5,32.5,36.5
48.5,42.5,45.5
37.5,32.5,46.5
40.5,42.5,45.5
49.5,32.5,41.5
41.5,42.5,40.5
45.6154,42.699,49.6695
47.5,42.5,39.5
46.5,38.5,36.5
43.5778,42.6623,44.572
39.5,31.5,40.5
38.5,40.5,49.5
41.5,41.5,44.5
48.5,47.5,37.5
45.5,43.5,36.5
44.5129,40.5362,40.7435
32.5,44.5,41.5
41.5837,44.0158,53.68
43.5,43.5,43.5
43.5,39.5,43.5
40.7702,38.2849,44.9753
51.5,39.5,36.5
49.5,33.5,42.5
49.5,40.5,45.5
44.5,50.5,37.5
41.5,45.5,34.5
32.5,33.5,41.5
43.5,37.5,40.5
40.5,30.5,43.5
47.5,36.5,40.5
32.5,32.5,43.5
37.5,37.5,51.5
42.5,32.5,35.5
37.5,49.5,32.5
49.5,37.5,41.5
44.5,49.5,44.5
42.5,43.5,39.5
43.9869,43.2494,48.2718
32.5,35.5,47.5
41.5,40.5,51.5
40.5,50.5,35.5
45.1713,44.5781,43.9939
36.5,37.5,48.5
36.5,30.5,39.5
42.5,49.5,35.5
43.9322,42.8637,53.3687
31.5,40.5,45.5
45.5,44.5,45.5
41.6024,37.225,43.4042
42.2736,43.7012,52.928
45.5,35.5,42.5
38.5,30.5,35.5
41.5,39.5,51.5
46.5,46.5,45.5
33.5,46.5,37.5
51.5,40.5,40.5
41.5,38.5,40.5
39.6702,37.9586,34.8477
38.5,30.5,31.5
45.3897,41.4568,42.6754
33.5,48.5,41.5
35.5,41.5,45.5
35.5,44.5,45.5
31.5,48.5,36.5
32.5,36.5,44.5
33.5,44.5,39.5
51.5,38.5,36.5
41.3616,40.856,52.4679
34.5,34.5,33.5
35.5,46.5,40.5
38.5,33.5,44.5
36.5,42.5,36.5
32.5,42.5,46.5
31.5,39.5,48.5
36.5,38.5,47.5
32.5,32.5,36.5
49.5,36.5,39.5
46.5,33.5,34.5
45.5,31.5,39.5
39.5,31.5,41.5
38.5,36.5,46.5
40.5,32.5,42.5
46.5,47.5,33.5
48.5,44.5,45.5
42.5901,35.7814,30.2744
43.5,30.5,32.5
28.5,38.5,43.5
39.2184,39.5044,47.3488
27.5,38.5,37.5
37.5,46.5,43.5
37.5,37.5,38.5
43.2084,42.2651,41.6829
32.5,33.5,35.5
32.5,42.5,33.5
39.5,37.5,49.5
42.5,29.5,45.5
38.5,47.5,30.5
39.2117,34.3292,39.2936
46.5,44.5,33.5
47.5,42.5,43.5
39.5,44.5,36.5
43.5,39.5,45.5
46.1512,42.259,40.0947
43.5,45.5,43.5
39.2793,35.8379,37.4051
46.9813,44.7831,40.9196
44.5,43.5,46.5
32.5,33.5,33.5
44.5,46.5,44.5
47.5,35.5,35.5
42.6215,42.8108,50.2953
36.5,32.5,31.5
