38.4966,39.7948,24.8883
38.887,38.7167,25.0299
39.7253,39.8616,25.2869
38.2648,39.2169,25.8546
39.9459,38.7609,25.1593
39.1035,40.7515,24.8221
37.6454,38.3425,24.7706
40.8368,39.3804,25.138
37.9133,40.2996,25.6215
39.3722,37.7487,25.2721
39.6423,40.8787,25.6418
37.1459,39.1597,25.8275
40.2971,39.0589,24.1679
38.3992,41.3308,25.3186
38.1641,37.3999,25.2238
40.5305,40.487,25.0822
37.6824,39.7564,26.5909
39.7412,37.6398,24.3252
39.2963,41.8879,25.1904
37.2528,37.9551,25.7559
40.9122,40.0151,24.2262
37.7284,41.1972,26.3176
38.8919,36.8442,24.4614
40.2347,41.4398,24.5894
37.3502,38.6251,26.8672
40.7851,37.9663,24.6821
38.7815,41.898,26.2412
37.1427,37.0382,25.0534
41.689,40.5106,25.131
36.9545,40.5773,26.7947
39.6736,36.5226,25.1082
40.3207,42.0336,25.4484
36.4382,38.2961,26.31
41.518,38.7807,24.5536
37.6299,41.9686,25.612
37.9644,36.2072,24.6391
41.1774,41.4657,25.0256
36.6554,39.5376,27.1432
40.4495,37.2535,25.3322
39.6374,42.4703,26.2305
36.8811,37.0443,26.0845
41.9645,39.7529,24.2879
36.5953,41.5777,26.0898
39.1283,35.5961,24.5318
40.9148,42.6455,24.7964
36.3064,38.4837,27.4126
41.7035,38.0022,25.2738
38.4044,42.7383,25.7152
37.6097,36.0107,25.6261
42.203,41.2895,24.4523
35.8818,40.2541,26.9883
40.612,36.1821,24.6318
39.8371,43.0249,25.2223
35.8043,37.5846,26.9922
42.0805,38.9543,25.4769
37.3487,42.4648,26.4949
38.1436,35.1924,24.8791
41.7515,42.191,24.1827
35.8713,39.5566,27.8131
41.3653,37.0065,24.9285
38.8531,42.8882,26.8959
36.4052,36.3017,25.218
42.7021,40.4486,24.0044
36.0592,41.5284,27.2417
39.9679,35.4222,25.1352
40.574,43.7327,24.7755
35.2936,38.5307,26.7282
42.6218,38.3063,24.7299
37.4395,43.5865,25.5685
37.645,34.7153,25.6998
42.1281,42.0347,25.1717
35.3657,40.7641,27.7616
41.1232,36.6945,26.0302
39.1894,43.4238,25.9784
35.6885,36.7932,26.1677
42.9246,39.7798,24.9184
36.2351,42.4802,26.6337
39.1123,34.528,25.1566
41.7632,43.3793,24.7195
35.2192,38.7058,27.9982
42.3534,37.2612,24.6046
38.0918,43.73,26.4618
36.6235,35.1597,25.609
42.8003,41.097,25.2953
35.2046,41.0248,26.6813
41.0411,35.6698,25.4086
40.3695,43.7089,25.8241
34.8894,37.4596,26.4909
43.1345,38.8988,25.6506
36.9134,43.2817,27.1402
38.4558,35.3684,25.9527
42.7353,43.0428,24.5523
34.7757,39.6413,27.5546
42.3267,36.9584,25.6804
38.9833,44.4531,26.2583
35.6901,35.5279,26.126
43.7967,40.5338,24.4536
35.1815,42.2861,26.6987
40.1654,34.3301,25.0407
41.284,44.24,25.3228
34.806,37.8712,27.4844
43.2291,37.8098,25.6664
37.0833,44.0987,26.4727
37.4285,35.3559,26.5441
43.1419,42.1498,25.0092
34.4411,40.3684,26.8608
41.816,35.8497,26.3605
39.7679,43.912,26.7602
34.8653,36.0805,26.758
43.9651,39.6093,25.1279
35.8643,43.3581,27.1232
39.2329,34.5919,26.2327
42.6615,44.0664,24.9949
33.8801,38.8673,27.657
43.1941,36.6516,24.9833
37.87,44.8232,26.4503
36.4914,34.717,26.5209
43.9024,41.3517,25.1005
34.4634,41.728,27.2094
40.9152,34.7204,25.8388
40.3872,44.6823,26.2586
34.1658,36.8191,27.2062
44.1386,38.3698,25.3508
36.5262,44.2481,27.6036
38.2554,34.6287,26.7548
43.2577,43.2624,25.5559
33.7028,39.633,26.8358
42.5168,35.7648,25.3414
38.6385,44.3871,27.3177
35.0518,34.9521,27.0354
44.8308,40.1723,24.7711
34.8196,42.8048,27.7488
40.167,33.9744,26.1328
42.0055,44.7216,26.0311
33.6275,37.9025,27.4096
44.1492,37.269,25.3358
37.3968,45.2191,27.278
37.0631,34.9118,27.3439
43.3742,41.9684,26.0313
33.6072,40.948,26.6784
42.0563,34.7186,25.5991
39.6252,44.9834,27.0113
34.2004,35.6376,27.6049
44.7878,38.8829,24.6366
35.3208,43.8962,27.9269
39.0404,33.9039,27.07
42.9093,44.1361,26.0492
32.8797,38.4469,26.922
43.3451,36.3963,25.9935
38.6798,45.4458,26.7897
35.5394,34.4401,26.3269
44.95,41.2158,24.8158
33.9842,42.6495,27.1306
40.9759,33.5897,25.5273
41.1238,45.3365,26.1155
33.9684,37.2649,28.279
43.9921,38.0296,26.2785
36.2792,45.1221,26.7875
37.5071,33.9531,26.4494
44.0287,42.8551,26.0347
33.4966,40.2022,28.003
42.6923,35.2438,26.2714
39.4132,44.5045,28.022
34.126,34.6068,26.826
44.9145,39.4899,25.5704
34.4597,43.6979,27.2672
39.2385,33.4561,26.1152
42.8163,45.2178,25.3833
32.7935,38.3377,27.9506
44.2767,36.2701,25.1026
37.772,46.1741,26.7693
36.0959,34.361,27.4267
44.7584,42.1131,25.8068
33.5038,41.6591,27.618
41.4457,34.0057,26.3747
40.3997,45.6806,26.88
33.3028,35.9297,28.0848
45.1927,37.7313,25.6409
35.6928,44.9431,27.7041
38.1053,33.8775,27.4711
43.302,43.4794,26.7853
32.4355,39.6534,27.1128
43.4895,35.42,25.4737
38.4109,45.0143,28.298
34.5541,33.7637,26.4782
45.5549,40.5169,25.6595
33.5433,43.424,27.6984
40.2559,32.792,26.0666
42.2009,45.6753,26.4036
32.9391,37.1322,27.8438
44.6376,36.962,26.2721
36.7627,46.0787,26.9816
36.9659,33.912,27.9666
44.2351,41.9857,26.6766
32.7609,40.8739,27.7496
42.6221,34.2729,26.5726
40.3067,45.0815,27.8572
33.4182,34.817,27.5874
45.8195,38.5598,25.4232
34.7072,44.6639,27.2976
38.5434,32.8485,27.0277
43.1837,45.1379,27.0407
31.8086,38.5155,27.1786
44.3055,35.8863,26.0892
38.2564,45.9542,27.7157
35.1441,33.6659,27.4189
46.0175,41.502,25.6042
32.8588,42.5032,27.451
41.2674,32.4412,25.8561
41.3217,46.3266,26.6829
32.889,36.6739,28.8807
45.5245,37.7223,26.682
35.774,46.0485,27.2613
37.5017,32.8333,27.304
44.1727,42.9759,27.1463
32.41,39.9546,28.3145
43.2628,34.3867,25.8092
39.25,45.6341,28.0713
33.1084,33.9286,26.9799
46.1756,39.6368,25.0559
33.5286,44.402,27.1245
39.6743,33.0754,27.018
43.4697,45.858,26.1567
31.8833,37.6958,27.9762
45.2646,36.0921,25.2289
37.2085,46.8375,27.6889
36.0525,33.4041,27.9784
45.3517,41.6891,26.5847
32.5342,41.7634,28.292
41.9882,32.9367,26.6672
41.0239,45.9002,27.8692
33.2655,35.1335,28.7977
46.4837,38.3658,26.2212
34.8195,45.6282,27.6855
38.2114,32.33,27.9909
44.0255,43.974,27.3894
31.5191,39.1686,28.0207
44.0847,34.8817,26.1847
38.3769,45.8393,28.8539
34.0045,33.3402,27.403
46.6539,40.659,25.6959
32.447,43.6305,27.8393
40.6774,32.3569,26.8836
42.7934,46.6284,26.7407
31.9728,36.7463,28.3501
45.5868,36.68,26.2352
36.0757,47.0425,27.4393
36.6141,32.3917,27.8068
45.0236,42.3792,27.4351
31.7337,41.1103,28.3664
42.9253,33.3571,26.172
40.4545,46.2611,28.6238
32.4627,34.3355,27.8063
47.0057,38.8611,25.2698
33.7942,45.216,27.7936
38.9665,31.9739,27.3304
44.3837,45.3231,26.9441
31.0011,38.2378,28.2211
45.1457,35.2086,25.9209
37.4121,45.972,28.4136
34.7128,33.1017,28.2927
46.3661,41.3078,26.6359
32.7748,42.9227,28.5233
41.6212,31.7628,26.9722
41.9103,46.651,27.5607
32.2179,35.7248,28.9473
46.4116,37.3298,25.8559
35.1292,46.9147,27.8981
37.2963,31.6502,27.3668
45.3364,43.5344,27.1094
31.0044,40.0316,28.4228
44.0147,33.6368,26.0485
39.1623,46.6395,29.0348
33.1399,33.6141,28.1057
47.423,39.9318,25.8603
33.0994,44.469,28.1786
39.8855,32.3606,27.8184
44.002,46.4097,26.9666
31.2383,37.3532,28.828
46.1661,35.5217,25.7652
36.3602,46.3688,28.8144
35.7324,32.2067,28.4402
46.1132,42.0578,27.3661
31.6575,42.167,28.8137
42.5992,32.1634,27.2738
41.2889,47.0967,28.4734
32.2261,34.6949,28.9788
47.3818,37.9031,25.569
33.9882,46.3839,27.9903
38.0692,30.9424,27.5412
44.805,44.8648,27.9331
31.2384,38.9899,28.9992
44.9436,34.3211,26.6043
37.9867,46.9293,28.9823
33.6858,32.5502,28.1466
47.4685,40.7615,26.5729
32.2717,43.7573,28.9835
40.9511,32.1753,27.8975
43.2554,46.4584,27.7599
31.0338,36.1671,29.1039
46.742,36.3515,26.323
36.0381,47.3169,28.4347
36.5271,31.3622,28.0118
45.7341,42.9726,27.9551
31.3502,40.8814,29.4957
43.4591,32.8408,27.2071
40.2126,47.4356,28.5263
32.1008,33.641,28.4765
47.9195,38.7769,26.0811
32.9916,45.6062,28.6523
39.0355,30.9976,28.0139
44.86,45.8599,27.6552
30.7323,38.1658,29.4344
46.1654,34.5778,26.3532
37.6295,46.2159,29.785
34.6713,32.0178,28.5021
47.3654,41.7468,27.1275
31.6037,43.0792,29.5442
42.202,32.0528,28.2184
42.2869,47.4021,28.5658
31.3975,35.1854,29.4037
47.2482,37.2156,26.5934
34.6423,46.4293,28.8353
37.414,30.8719,28.3335
45.7794,44.3441,27.8208
30.9635,39.9016,29.6207
44.4318,33.1731,26.9308
39.0584,47.8331,29.2115
32.5679,32.5578,28.2385
47.878,39.9014,27.1794
32.7895,44.6641,29.2748
40.2616,30.9315,27.598
44.3271,46.6643,28.0414
31.064,36.8405,29.861
47.0809,35.4136,27.041
36.5003,47.1429,29.6282
35.3886,31.1392,28.1017
46.9372,42.617,27.6437
31.5256,41.9164,29.9303
43.4169,32.0534,28.095
41.2646,47.9312,29.1312
31.5181,33.9901,29.5286
48.127,37.8923,26.8647
33.6598,46.5916,29.05
38.276,30.2133,28.2913
45.7881,45.3936,27.8497
30.5794,38.9534,30.0831
45.8267,33.7322,26.936
38.1622,47.042,30.035
33.4671,31.6403,28.6378
48.2089,41.0881,27.4839
31.7957,44.3462,29.6738
41.5006,31.2204,28.0207
43.6202,47.4812,28.5113
31.28,35.9375,30.2227
46.7562,36.6272,27.4018
35.3298,47.5045,29.3883
36.2596,30.6595,28.857
46.5435,43.6598,27.4872
30.4723,41.2633,30.1782
44.2867,32.6064,27.8336
40.1912,47.637,29.6325
32.0856,32.9314,29.5355
48.5946,39.0911,27.0671
32.8855,46.0202,29.6619
39.4288,30.0052,27.87
45.1754,46.8709,27.4369
30.8409,37.7673,30.4505
46.2559,34.5483,27.4832
37.0963,47.0215,30.4799
34.2683,30.9649,28.584
48.1726,42.1998,28.0654
32.1907,43.1355,30.3541
42.5501,30.7325,28.1752
42.5527,48.2513,29.208
30.8657,34.7673,30.3842
48.0013,36.5186,26.8063
34.1049,47.5345,28.6109
37.3076,29.9197,28.7222
46.7459,44.9794,27.7532
29.982,40.3474,29.5825
45.3818,32.8238,27.3244
39.2415,47.4091,30.1151
32.5524,32.0118,29.217
48.8161,40.301,26.9897
31.6971,45.5963,29.4143
40.5644,29.8363,27.6609
44.4386,47.6919,27.8436
31.0614,36.8554,30.9626
46.4667,35.7925,27.9195
36.2411,47.6498,30.6786
35.1618,30.8914,29.3891
47.7982,43.4969,27.5393
31.6346,41.2896,30.8238
44.4165,31.5744,27.3365
40.3541,48.4711,28.9449
31.0321,33.4597,28.7372
49.0973,38.2379,26.5474
32.3194,46.6406,28.9421
39.0646,30.4707,29.2846
45.8125,46.5154,28.1824
29.8131,38.1288,30.0281
46.9731,33.9828,26.9034
37.9495,46.352,30.9215
33.741,31.2272,29.7569
48.569,42.1256,27.0669
30.5636,43.5811,30.2037
41.9731,30.8056,29.0001
43.0797,48.4037,28.2108
30.1915,35.5927,30.0811
47.8297,37.1511,27.6994
34.4372,47.0213,29.7767
37.0093,30.6303,29.5866
46.5511,44.4201,28.585
30.4066,40.0276,30.5759
45.0027,32.9554,28.4816
39.5808,48.4573,29.9534
31.7075,32.0205,28.6493
48.9557,39.6364,28.007
32.2433,45.3154,30.2789
40.2668,30.2277,28.6107
45.0883,47.6194,28.6699
29.9484,37.0638,30.7092
47.2333,35.0074,28.0471
36.0566,46.5682,30.5859
34.7543,30.0047,28.7236
47.8909,43.0991,28.5361
31.8585,42.3548,31.0333
43.5938,30.9937,28.2191
41.759,48.9048,28.5774
30.4623,34.431,29.1456
49.0544,37.2075,26.9908
32.9395,47.4404,28.7161
38.1794,29.511,29.19
46.8149,46.1243,27.749
29.4543,39.2222,29.7888
46.6065,32.9588,27.2654
38.8289,47.0122,31.0633
32.7633,30.8493,29.0591
49.4416,41.2879,27.1241
30.724,44.4801,29.6833
41.5936,29.8829,28.2189
44.0064,48.8779,28.2474
30.5489,35.8202,31.0123
47.3942,36.3245,28.3872
35.1412,47.3011,30.4029
35.7833,29.8887,29.5975
47.6422,44.4003,28.1802
30.8979,40.8052,31.2615
45.2339,31.8913,28.0327
40.815,48.5862,30.0534
31.0878,32.5189,29.3285
49.2155,38.6229,27.8904
32.2409,46.5362,30.3436
39.4801,29.441,28.7863
45.933,47.7262,27.9945
29.9954,38.1645,31.2564
46.8341,33.9326,28.2225
36.8098,46.7455,31.5145
33.8259,30.1913,29.4129
48.8788,42.9928,28.2252
31.4409,43.6634,30.9701
43.2134,30.2051,28.8908
42.7784,49.2138,28.8151
29.5083,34.7509,29.8356
49.087,36.2608,27.3814
33.5752,48.1286,29.3913
37.2409,29.0061,29.6957
46.7243,45.3523,29.0844
29.3027,39.8295,30.6724
46.2036,32.4029,28.1947
39.1872,48.1755,30.9049
31.7225,31.0863,29.2557
49.5309,40.5508,28.0854
30.9696,45.6598,30.0719
40.7731,29.0174,28.475
44.7577,48.8189,29.1535
30.6285,36.4425,31.9684
47.0718,35.5224,29.0251
35.3125,46.9522,31.422
34.7961,30.2671,30.0959
48.5153,44.0326,28.7169
31.0402,41.8059,31.5607
44.8147,30.7878,27.8848
41.0682,49.206,29.2731
30.1638,33.257,29.223
49.8884,37.9695,27.4102
31.9073,47.4878,29.3269
38.9546,29.6479,29.9266
46.5543,46.9336,28.8681
29.0569,38.6645,30.7724
47.6953,33.3977,27.5262
37.7448,47.3226,31.3875
32.6879,30.0662,29.7159
49.6458,42.2711,27.5854
30.8107,44.4525,30.9967
42.4134,29.4873,29.013
43.6651,48.8793,29.3794
29.893,34.8646,30.9535
48.4681,36.3564,28.3796
34.154,47.8782,30.3108
36.6132,29.9276,30.3932
47.4382,44.4634,29.3209
29.8377,40.5139,31.4201
45.972,31.5907,28.8158
40.0618,49.094,30.8454
30.8313,31.3583,28.4221
50.025,39.4438,28.3343
31.6722,45.9641,30.9668
40.2826,29.1277,29.5669
45.6561,48.6536,28.3985
29.444,37.1888,31.5879
47.4316,34.1892,29.025
36.1272,47.5478,31.6688
34.5218,29.1709,29.6294
49.46,43.8935,28.2083
31.4813,42.878,31.9012
44.1067,29.7696,28.0032
42.0233,49.2507,29.6733
29.0374,33.7133,29.5389
49.93,36.9441,27.5486
32.5951,48.2896,29.5504
38.229,28.8039,29.9881
47.3588,46.1372,28.802
28.1718,39.3946,30.8463
47.2326,32.229,27.7521
38.8033,47.8237,31.8749
31.9187,30.1164,28.64
50.027,41.399,28.2484
30.1858,45.0655,30.4227
41.9261,28.6829,28.3248
44.2816,49.7563,28.8894
29.661,35.7185,31.5264
48.0568,36.0551,29.3872
34.8197,47.9686,31.291
35.6012,29.2719,30.4805
48.3558,45.0141,29.0688
30.3179,41.0938,32.2503
45.9537,30.7212,28.2268
40.3581,49.6101,30.0161
30.1366,32.1331,28.914
50.4777,38.8485,27.6331
31.1153,46.8765,30.5994
39.1659,28.5753,29.2772
46.7467,48.217,28.5258
28.8557,38.0524,31.6948
48.0816,33.4682,28.6526
37.1152,47.6917,32.1764
33.3129,29.1518,29.5119
49.9489,42.9361,28.3952
30.505,43.4418,31.4548
43.7115,29.1678,29.1141
42.9335,49.9641,29.6231
29.4083,34,30.662
49.4325,37.2834,28.4496
33.4412,48.6754,30.2266
37.4705,29.1437,30.7959
47.6311,45.4644,29.7133
28.5661,40.6354,31.0745
47.0624,31.2598,28.0952
38.8696,49.1236,31.2948
30.7952,30.2921,28.7606
50.4321,40.3359,28.7104
30.5448,45.9788,30.9864
41.3832,28.7808,29.4117
45.4918,49.4334,29.4077
29.6477,36.3296,32.4154
47.8515,34.9394,29.5809
35.1853,47.9637,32.3897
34.4745,29.3364,30.7503
49.4243,43.9681,29.4993
30.2858,42.3516,32.2389
45.1079,29.9006,28.4941
41.3239,49.3271,30.5816
29.3455,32.5509,29.7127
50.9032,37.5286,27.7355
31.4146,47.9482,30.3639
39.2464,28.6204,30.4005
47.5854,47.3928,28.8414
27.9744,38.7543,31.7316
48.3353,32.5957,27.9797
37.9913,48.432,31.6922
32.2728,29.2172,29.2264
50.7707,42.2542,27.9843
29.7656,44.1413,30.9954
42.5816,28.2712,29.1015
43.9861,49.8236,29.8909
29.0361,34.6,31.5843
49.103,36.6405,29.4052
33.8251,48.4068,31.2374
36.4827,29.2563,31.2974
48.4212,44.5247,29.9719
29.1431,41.1738,31.8627
46.7436,30.6645,29.0369
39.4384,50.0064,30.9431
30.1036,31.0558,29.1932
51.0834,39.7463,28.1319
31.0282,46.5087,31.8505
40.5401,28.4512,30.3024
46.6409,49.1553,29.3739
29.1444,37.4251,32.6667
48.4861,34.1636,29.2807
36.3012,48.1483,32.7017
33.4723,29.0305,30.5474
50.3247,43.9975,29.0068
30.4205,43.4048,32.5437
44.6163,28.9633,28.5429
42.2985,49.8068,30.6274
28.7692,33.0399,30.4825
50.449,36.9671,28.6089
32.3689,48.7828,30.4173
38.1854,28.1491,31.1281
47.9025,46.577,29.6815
27.4949,39.7401,31.7567
47.7955,31.7732,28.6829
38.8037,48.8581,32.3466
31.5406,30.0408,29.5986
51.126,41.2363,28.56
29.9276,45.0995,31.7474
41.7415,27.4182,28.9404
45.0119,50.0965,30.063
29.1383,35.308,32.4184
48.977,35.8284,30.0445
34.404,48.7192,32.1941
35.2168,29.1246,31.6414
49.3562,45.1392,29.492
29.4888,41.8066,32.7713
46.0485,29.8604,28.9439
40.6757,49.9458,31.1014
29.3245,31.4266,29.9141
51.2031,38.4471,28.3044
31.0792,47.6026,31.3607
39.4569,27.6879,29.827
47.4152,48.3948,29.4559
28.3464,38.2574,32.6845
49.1187,33.1873,28.7892
37.2985,48.6328,32.6329
32.5338,28.4912,30.0456
50.9798,42.927,28.8351
29.3619,43.5786,31.9731
43.557,28.0068,28.8048
43.2911,50.3106,30.5824
28.8082,33.5237,31.4295
49.9432,37.2613,29.7004
32.9713,49.1223,31.3058
37.0742,28.2139,31.0478
48.5246,45.8517,30.196
28.4425,39.966,32.2931
47.779,30.4304,28.503
39.538,49.641,32.0904
30.5931,30.1679,29.9178
51.4141,40.2257,29.1486
29.8307,46.1827,31.7932
40.8076,27.6275,29.7095
45.9426,49.5049,30.4222
28.5112,36.3345,32.8517
48.7863,34.6873,30.1623
35.4188,48.9173,32.9554
34.4856,28.4474,31.2804
50.1441,44.5896,30.1847
30.0112,42.5235,33.2632
45.6342,28.8182,28.7839
41.5466,50.6113,30.6524
28.6221,31.9943,30.6517
51.4618,37.2971,28.7813
31.3396,48.6648,31.1904
38.9058,27.4888,30.6624
48.1064,47.7513,29.9646
27.6374,39.0356,32.7525
48.8116,32.1111,28.7698
37.958,49.4315,32.0239
31.5265,28.531,30.1547
50.748,42.0614,29.4623
29.1868,44.5752,32.3173
42.8019,27.1936,29.2894
44.2669,50.3887,30.9114
28.8102,34.3154,32.6994
49.8993,36.2645,29.9816
33.9732,49.7116,31.7416
36.0239,28.1251,31.2988
49.5033,45.3956,30.4819
29.0126,40.8712,32.9963
47.1623,29.4604,28.7769
40.0758,50.8207,31.3148
30.3487,31.2437,30.5418
51.1663,39.1938,29.2306
30.2298,47.3242,32.0146
40.0445,27.4138,31.0438
46.7781,48.6291,30.6104
28.0168,37.2675,33.1925
48.5061,33.463,29.9854
36.377,49.4444,32.4174
33.1826,28.0404,30.9177
50.7623,43.4072,29.7707
29.1931,43.3377,33.0661
44.7873,27.6538,28.9262
42.505,50.7847,31.3317
27.9521,32.7003,31.325
50.9953,37.4446,29.7383
32.4175,48.5222,31.9424
37.7702,27.3073,30.6219
48.2383,46.7959,30.6872
27.4688,40.0964,32.8577
48.6781,31.0281,28.897
38.5048,50.176,32.5293
31.2662,29.4759,30.5794
50.7451,40.8787,29.7098
29.0129,45.6415,32.343
41.9155,27.6884,30.0887
45.2658,49.9467,31.1356
28.109,35.2815,33.1245
49.8319,35.1209,29.8242
34.5843,49.555,32.9606
35.1621,27.9178,31.9897
50.3282,45.5806,29.9586
29.558,41.6426,33.7876
46.6451,28.732,29.4937
41.0419,51.1935,31.6029
29.4938,31.77,31.2915
51.7371,38.1776,29.3608
30.5645,48.4933,31.9793
39.247,26.5463,30.6697
47.7623,48.9456,30.9764
27.2213,38.1342,33.1793
49.128,32.5887,29.7871
37.4413,49.6304,32.9634
32.0557,27.904,30.986
51.5806,42.5981,29.7409
28.4366,44.0922,32.8792
43.9566,27.1414,29.4592
43.4386,50.5161,31.6951
27.9026,33.3014,32.1613
50.5552,36.7163,30.9063
33.0854,49.5772,32.3404
37.0855,27.1742,31.4767
49.112,46.1574,31.1094
28.4638,39.9548,33.507
47.7079,30.5794,29.5433
39.45,50.7738,32.413
30.703,30.3445,30.984
50.8699,39.8114,30.1741
29.3341,46.7131,32.6125
41.0818,27.0531,30.6551
46.3599,49.3707,31.3384
27.5176,36.2804,33.1602
49.4938,33.5875,30.3745
35.5964,49.9801,33.1198
34.2366,27.5184,31.7098
51.1968,44.7985,30.1059
29.1254,42.6724,33.9639
45.7527,28.1474,29.7504
41.6842,50.1861,31.6725
28.5109,32.0329,31.8949
52.0531,37.1079,29.8408
31.212,49.2956,32.2339
38.8247,26.9194,31.5825
48.1407,47.959,30.955
27.0974,39.1354,33.7436
49.2564,31.3923,29.7539
37.4838,50.6421,32.6046
31.9504,28.9111,31.1952
51.5693,41.5778,29.9974
28.7332,45.0427,33.2283
43.0798,27.7766,30.2131
44.5746,50.21,31.995
27.6479,34.2842,32.6508
50.2705,35.6002,30.7796
33.7,49.1527,33.5337
36.1432,27.323,32.018
50.3195,45.7205,31.0998
29.0302,40.6672,34.1568
47.2136,29.6978,29.9058
40.2911,51.796,32.2074
29.7257,30.6728,31.4692
51.5382,38.779,30.3129
29.7473,47.9217,32.7345
40.3654,26.2724,30.5828
47.0009,48.5096,31.6356
27.0068,37.1707,33.6347
48.887,32.766,30.8566
36.5723,49.791,33.5887
33.0394,27.2877,31.7419
51.875,43.6583,30.2954
28.2899,43.3954,33.6373
44.944,27.5098,30.0945
42.804,50.9686,32.4413
27.5909,32.2621,32.2912
51.4568,37.2401,30.7722
32.4873,48.8858,32.9108
37.9654,26.0807,31.6102
48.8488,47.0325,31.6182
27.0962,40.1747,33.9079
48.7385,30.5001,30.008
38.4949,51.2746,32.8589
31.6032,29.8803,31.6333
51.2125,40.5513,30.8577
29.232,45.9834,33.3474
42.1778,27.2354,31.0163
45.414,49.175,32.1463
27.0817,35.186,33.3097
50.144,34.3679,30.9569
35.014,49.6597,34.3267
35.1596,26.8217,31.7459
51.3094,45.4252,31.057
28.4696,41.6411,33.8388
46.4128,29.0588,30.6246
41.4623,51.4346,32.5832
28.6945,31.0229,31.798
52.3731,37.9713,30.4543
30.7488,48.4622,33.0386
39.8581,26.0061,31.5082
47.8656,48.9342,32.086
27.6017,38.2865,34.3225
49.6606,31.9321,30.618
37.3812,50.4367,33.762
32.6648,28.4566,31.8991
52.329,42.4035,30.5036
28.4244,44.5649,34.0915
43.7587,27.1396,30.6662
43.8709,50.2578,32.8005
27.1817,33.1896,32.9411
51.2913,35.8879,30.7256
32.916,50.1831,33.235
36.8141,26.3083,32.1857
49.7335,46.5996,31.9575
28.0495,40.3081,34.4129
48.1894,29.5713,30.3895
39.4536,51.7683,32.9578
30.6726,30.147,32.1173
51.9456,39.8724,30.3961
29.4042,47.3122,33.7533
41.6421,26.402,31.3906
46.6286,49.1058,32.5068
27.8027,36.0629,34.1777
50.0898,33.365,31.3843
35.8641,50.21,34.2191
33.8344,26.8551,32.4161
51.2503,44.3714,31.2029
28.2066,42.5943,34.469
45.4181,28.282,30.8769
41.8102,50.468,32.728
28.4355,32.0398,33.0122
52.5035,36.7535,30.7696
31.5868,49.3395,33.4291
38.9687,25.9214,32.091
48.5972,48.1224,32.144
27.3164,39.0722,34.9404
49.3362,30.9461,30.9478
37.7218,51.5108,33.53
32.4163,29.6204,32.2898
52.0155,41.2119,30.9876
29.4158,45.2362,34.0643
43.2557,27.6491,31.533
44.5598,49.463,32.7633
27.2699,34.0978,33.7144
51.0918,34.9488,31.2672
33.6033,49.9683,34.274
35.9635,26.6212,32.8559
50.7862,46.2301,31.9521
28.3173,41.1962,34.807
47.5782,28.6739,30.54
40.6372,51.8164,33.2637
29.518,30.2295,32.5518
52.5436,38.9655,30.9138
30.5082,47.5417,33.5888
40.7718,26.2478,32.07
47.2774,48.0819,32.5761
27.3043,37.0507,34.7063
49.9437,32.36,31.493
36.3015,51.1579,33.4992
33.663,27.9284,32.5935
52.1703,43.4882,31.4051
28.2782,43.6417,34.731
44.3056,27.9583,30.9933
42.7457,49.8569,32.8841
27.3639,32.149,33.4627
51.7059,36.4836,31.6048
32.4928,49.3138,33.923
37.896,26.6944,32.5138
49.6903,47.6039,32.3818
27.1281,40.0806,35.0198
49.3063,29.7269,30.6548
38.9321,51.4855,33.93
31.4963,29.8981,32.6888
52.4437,40.2799,31.3877
29.0551,46.4803,34.3575
42.5574,26.7749,31.8912
45.4291,48.4196,33
27.4277,35.1043,34.4929
50.8783,34.0321,31.7327
34.7389,50.6663,34.6592
34.9595,27.1312,32.825
51.064,45.0001,32.0113
27.6015,41.798,35.2159
46.7087,28.1095,31.082
41.2756,50.8711,33.5424
28.5057,30.9293,32.9441
53.3336,37.3224,31.1162
31.5242,48.3841,33.941
39.889,26.1005,32.7483
48.3409,48.8961,33.1505
27.383,38.0433,35.3126
50.3273,31.3289,31.3994
36.9831,51.3167,34.3016
32.8681,28.7346,32.985
51.9054,42.1819,31.6296
29.2126,44.2862,34.7648
43.8726,26.72,31.7964
43.6006,49.1291,33.1577
27.3597,33.0398,34.1178
51.99,35.4602,31.8915
32.6722,50.585,34.3361
36.9641,26.878,33.1012
50.3675,46.8137,32.8549
28.1342,40.2491,35.446
48.5976,28.9049,31.1402
39.8917,52.0441,33.9487
30.5648,30.058,33.1704
51.64,39.4771,31.3093
30.3053,46.786,34.3506
41.7051,26.6182,32.6565
46.3903,48.1922,33.2571
27.0053,36.0015,34.9981
50.7641,32.9451,32.1557
35.3724,51.4759,34.1779
34.0751,27.3137,33.4545
51.6614,44.0933,32.2279
27.9365,42.8992,35.6517
45.6947,27.6157,31.669
42.2276,50.3337,33.7545
27.9078,31.2604,33.774
52.9787,36.5553,31.863
31.4075,49.5382,34.5328
38.9507,26.4215,33.1196
48.9712,47.9566,33.1817
26.2396,38.844,35.4098
49.9287,30.1446,31.5566
38.1732,51.9939,34.471
32.2863,29.5802,33.5402
52.2506,41.1336,32.178
29.6596,45.3276,35.16
43.4481,27.3169,32.567
44.5309,48.8426,33.6947
27.1061,34.1,34.8905
51.5952,34.6716,32.3324
33.7991,51.2829,34.8009
36.0999,27.6342,33.3245
51.0548,45.6493,32.9195
28.4598,41.1312,35.9554
47.6218,28.3732,31.4711
40.2812,51.0409,34.1263
29.5897,30.2624,33.6219
52.2806,38.572,31.9317
30.8924,47.9208,34.5892
40.8707,26.1544,33.2239
47.357,48.587,33.5689
26.8725,36.8324,35.7183
50.2618,31.8976,32.4239
36.2527,52.1874,34.3011
33.7187,28.3206,33.6227
52.2121,43.0072,32.3886
28.8863,43.4928,35.6525
45.1343,26.7007,31.9539
43.0503,49.5994,34.0108
27.4148,32.0179,34.5713
52.4927,35.9382,32.7752
31.8193,50.4424,35.1006
37.9379,26.8936,33.5875
50.058,47.6565,33.5482
27.2211,39.6874,36.0794
48.9124,29.7919,31.8717
39.1701,51.8013,34.8498
31.4372,30.2018,33.8555
51.6554,40.2196,32.3014
30.33,46.2253,35.241
42.7034,26.7831,33.023
45.5867,48.1154,34.0914
26.8737,34.9559,35.427
50.9685,33.9335,32.8798
34.4701,52.0966,34.3687
35.1979,27.2906,33.9806
51.1352,44.5778,33.0665
27.8378,41.8649,36.3333
46.7547,27.7858,32.1344
41.7566,50.8912,34.6345
28.5622,30.5447,34.4066
52.8902,37.5854,32.1591
32.1243,48.4417,34.8682
39.9926,26.5392,33.7586
48.3745,48.3081,34.0828
26.4827,37.8242,35.8938
50.12,30.8081,32.436
37.1699,52.2642,34.9284
32.9816,29.1133,34.2225
51.5954,42.0037,32.6878
29.246,44.5293,35.7825
44.3469,26.5673,32.7119
43.9637,49.354,34.5208
27.4695,33.0394,35.3519
52.692,34.7728,32.3115
32.597,51.3285,35.1553
36.8029,26.9766,34.1832
51.1171,46.6667,33.5998
27.8398,40.4856,36.5327
48.1947,28.9769,32.1353
40.2503,51.687,34.9106
30.5378,30.0837,34.4402
51.6553,39.1759,32.5423
31.3704,46.423,34.9328
41.8266,26.003,33.742
46.8031,48.5696,34.4646
26.5177,35.8906,36.0771
51.011,32.6087,33.0926
35.2116,52.6187,34.9778
34.5285,28.0292,34.2856
51.9634,43.8866,33.3554
28.8301,42.541,36.1837
46.159,26.9979,32.5187
42.7991,50.0699,34.9673
27.6501,31.1434,35.1298
53.4725,36.8788,32.8172
32.2798,49.4556,35.3435
39.0331,26.9873,34.1154
49.2938,47.706,34.4579
26.6915,38.6938,36.5591
49.6565,29.7501,32.5895
38.3307,52.7295,35.2672
32.3635,30.0789,34.4703
51.2258,40.9511,33.0772
30.1746,45.3485,36.0312
43.6927,26.7298,33.5594
44.9014,48.6126,34.8312
27.5459,34.0003,36.1329
51.728,34.3952,33.5696
33.2631,52.2222,35.6263
36.1463,27.7662,34.3844
51.0527,45.4899,33.9252
28.2462,41.209,37.3477
47.1383,28.5861,32.7841
40.7664,50.7872,35.1276
29.5452,30.4127,34.6715
52.3193,37.9324,32.9895
31.6702,47.5527,35.4869
40.7877,25.8377,34.3566
47.6251,47.9492,34.8002
25.881,36.8073,36.2198
51.2441,31.5275,32.8955
36.3458,52.4716,35.5211
33.9793,28.8823,34.6158
51.4423,42.7595,33.5257
29.3568,43.7721,36.5597
45.4187,26.2727,32.9043
43.1185,48.9953,35.0483
27.0687,32.0079,35.5963
53.3615,35.3973,33.0225
32.7663,50.3617,35.8327
37.7891,26.6878,34.8205
50.0053,46.7166,34.2871
27.6498,39.223,36.952
48.6763,29.5171,32.9199
39.5667,52.1938,35.8237
31.3941,30.241,34.9868
51.8256,39.6111,33.4828
31.3351,45.3601,35.6313
42.8389,26.7377,34.1661
46.018,48.6234,35.1827
26.7112,34.8062,36.4472
51.6391,33.2516,33.7492
34.3229,52.1831,35.6694
35.1904,27.5942,35.0052
51.4516,44.5036,34.138
28.1746,42.3265,37.3144
45.952,28.255,32.9231
41.3289,49.9043,35.1754
28.7382,30.9202,35.5121
53.5871,37.6272,33.6076
31.8283,48.615,35.8966
39.7237,26.266,34.7836
48.933,48.4858,35.2325
26.6394,37.4665,36.9875
50.2403,31.0064,33.5077
37.3672,52.335,35.9786
33.4552,29.8045,35.1416
51.1272,41.5016,33.9407
29.7168,45.0321,36.9844
44.2408,25.7958,33.4404
44.1754,49.0776,35.5942
27.0071,33.054,36.6848
52.7095,34.7297,33.5702
32.4472,51.4958,36.2168
37.007,27.4273,35.0782
50.8887,46.282,34.6552
27.3411,40.6512,37.5206
47.7091,29.346,33.3328
39.9832,51.0498,35.8638
30.5251,29.8688,35.5218
51.5051,38.0139,33.8763
31.6015,46.6437,35.9904
41.5745,26.5911,34.8825
46.93,48.7734,35.6272
26.5005,35.8097,37.1164
51.0832,31.9998,34.0358
35.4368,52.8534,36.0528
34.7775,28.6369,35.466
51.2446,43.4131,34.5589
28.4069,43.3465,37.0831
45.2537,27.4708,33.2638
42.3669,49.164,35.7235
27.986,31.3324,36.2121
53.7598,36.4081,33.902
32.3973,49.4745,36.4505
38.8496,27.1737,35.3546
49.2383,47.0276,35.3444
26.7996,38.3399,37.5708
49.3235,30.4211,33.5133
38.3868,52.1645,36.153
32.3897,30.0503,35.6438
51.1638,40.2654,34.1738
30.8377,44.7595,36.5963
43.4127,25.8546,34.098
45.2525,48.8484,35.9545
27.2319,34.0157,37.1288
52.0019,33.988,34.5215
33.6078,51.3356,36.3169
36.1047,27.7103,35.5709
51.5459,45.4352,34.947
27.4213,41.6907,37.8693
46.437,29.2177,33.3628
40.8921,50.3013,36.1952
29.6019,30.1845,36.0434
52.6659,37.6794,34.0229
31.9633,47.5993,36.5699
40.6488,26.8416,35.4019
47.9133,48.3398,35.8226
25.8587,36.7762,37.2923
51.2253,30.9332,33.9518
36.6078,52.9211,36.5582
34.1305,29.3974,35.8828
51.6884,42.424,34.5571
29.4424,44.0429,37.715
44.7494,26.62,34.0084
43.4965,48.8585,36.4204
27.723,32.2657,36.7566
53.119,35.5892,34.1485
31.8173,50.3399,36.7295
37.9107,27.1951,35.7996
50.4046,47.0691,35.2097
26.7483,39.5946,37.5977
48.3176,29.8344,34.0109
39.2668,51.4167,36.5967
31.4773,30.0562,36.0909
51.3463,39.1358,34.3528
31.1614,45.7093,36.5874
42.6768,26.173,35.0087
46.2076,49.3164,36.1421
26.6247,34.8954,37.612
52.1085,32.3958,34.394
34.344,52.4086,36.7351
35.0258,27.7988,36.1596
51.9821,44.4126,35.1143
27.7819,42.7235,38.2292
45.7598,28.4225,33.9598
41.6373,49.5176,36.455
28.7611,30.6422,36.5602
53.9768,37.2944,34.4569
32.2256,48.6924,37.2652
39.7371,26.7028,35.9215
48.7913,47.6138,36.4145
26.0484,37.483,38.21
50.278,30.2752,34.3238
37.6376,52.544,37.0402
33.4098,30.1912,36.2091
50.9465,40.9403,34.966
30.4236,43.975,37.1299
44.475,25.6776,34.6444
44.4537,48.7855,36.9308
27.4088,33.0731,37.6763
52.8027,34.5939,34.8948
32.6962,50.9988,37.1171
36.8885,27.2309,36.1728
51.4703,46.249,35.7448
27.3917,40.8072,38.6926
46.873,29.9435,33.9596
40.7606,51.1725,36.825
30.6203,30.3676,36.6556
52.2208,38.4773,34.5543
31.1646,46.6834,37.1209
41.5913,26.2377,35.9126
47.5126,49.3867,36.4347
25.4433,35.5908,37.7438
51.9822,31.4078,34.7818
35.7821,52.3557,37.1001
34.0011,28.4245,36.3179
52.1716,43.0876,35.2487
28.9967,43.1381,37.9524
45.4061,27.3189,34.5962
42.6676,49.058,37.0556
27.9403,31.0736,37.2525
53.9577,36.1369,34.8717
31.5021,49.4787,37.3463
38.4712,26.0679,35.7951
50.0627,47.5444,36.1352
26.0443,38.6478,38.1576
49.0327,30.4057,34.6789
38.7615,52.2321,37.1925
32.4658,30.1306,36.6784
51.1888,40.009,35.3286
30.908,44.7181,37.7381
43.7344,26.0162,35.3123
45.4976,49.1714,36.9667
26.2537,33.668,37.6418
52.5994,33.2662,34.9609
33.2709,51.9057,37.2206
35.751,26.7337,36.1615
51.5693,45.1063,36.0548
27.7774,41.8957,38.8441
46.2826,29.1986,34.5181
41.0205,50.3802,37.418
29.656,30.3739,37.1638
53.3217,38.2014,34.8072
31.5666,47.809,37.6753
40.5039,25.9435,36.1613
48.289,48.4877,36.951
25.3965,36.6534,38.3245
50.7943,30.989,34.9709
36.6584,52.8247,37.632
33.8126,29.3408,36.9637
51.9165,41.4611,35.3941
30.1552,43.1067,37.6938
45.5625,26.3053,35.0104
43.6314,49.3946,37.3081
27.3607,31.759,37.9497
53.6002,35.1804,35.1403
31.2472,50.9651,37.3925
37.4292,25.9037,36.0339
50.9833,47.012,36.3829
26.4488,40.2761,38.5028
48.1327,30.1137,35.3944
39.9547,51.9448,37.4754
31.5877,30.1743,37.2054
51.8385,39.1611,35.3764
31.6275,45.8685,37.6528
42.9163,26.1667,36.2307
46.5452,49.4178,37.272
25.6432,34.622,38.2254
52.0789,32.2662,35.7407
34.8751,51.8567,37.4126
34.1729,27.4891,36.8792
51.637,43.8318,36.0415
28.8059,42.2557,38.8856
46.2256,28.0898,35.0215
41.9789,49.6125,37.8528
28.7096,30.4339,37.8387
53.5389,37.206,35.479
31.0603,48.7845,38.047
39.5329,25.5325,35.9442
49.4962,48.2978,36.8789
25.1344,38.0415,38.2973
49.7079,31.2556,35.1398
38.3591,53.2922,37.2579
33.3685,30.1305,37.4149
51.3562,40.7683,36.0556
31.062,43.7621,38.1328
44.7775,25.9305,35.6883
44.6277,49.8719,37.3591
26.1153,32.6331,38.1441
53.5665,33.5287,34.9867
32.2035,51.7809,37.4871
36.6647,26.7265,37.0763
51.4546,45.9432,36.8153
26.5889,41.4114,39.2883
46.7886,29.9998,35.1497
40.0654,50.6585,37.482
30.7232,29.6446,37.4718
52.6473,38.8091,36.0698
32.0028,46.8781,37.9228
41.6511,26.6111,36.9226
47.4204,48.8155,37.648
25.7366,35.5916,38.8404
51.7406,31.2512,35.9346
36.3376,51.8874,37.9176
35.1669,28.807,36.771
51.4892,42.7761,36.0377
29.673,42.3526,38.2456
46.2702,27.0679,35.4501
43.0276,49.4509,38.2914
28.1984,31.3149,38.4018
53.6291,35.9759,35.8352
30.6085,50.1761,37.7829
38.1597,25.0955,35.9651
50.4142,47.4873,37.2202
25.7735,39.4683,38.8713
48.525,31.2667,35.2062
39.3636,52.8084,37.9915
32.4158,30.3221,37.7356
51.3238,39.4711,36.3021
31.6298,44.8404,38.4859
44.0545,26.1769,36.4595
45.6563,50.1034,37.4448
25.1324,33.6592,37.8799
53.1377,32.466,35.6246
33.9386,52.2741,38.1127
35.3206,27.3122,37.1247
52.5525,44.6022,36.083
27.7664,43.0763,39.3198
45.2753,28.8784,34.8533
41.0762,49.0571,37.2809
28.7371,29.436,37.3038
54.4873,37.795,35.3209
32.1205,48.1401,38.5407
39.916,26.1584,36.9887
48.9593,47.7842,37.6349
25.3732,37.3258,39.1434
50.0996,30.2667,35.3317
37.748,52.535,38.1796
34.2223,30.5042,36.8295
50.9256,41.7025,35.7653
31.4381,43.0874,37.2141
45.5203,25.1978,35.1465
44.478,49.0985,38.0965
26.9698,32.9527,38.6715
53.6474,34.2729,35.8202
32.0833,51.0028,38.2269
36.5595,25.6966,36.782
52.1518,46.8289,36.4259
27.0394,40.3041,39.5792
47.1061,30.9731,34.636
40.862,51.6067,37.8402
30.7916,30.8273,37.5975
52.0652,37.9824,35.6199
31.365,46.1954,38.7206
42.2044,25.7219,36.9815
47.8679,49.8017,37.4265
24.7699,35.1204,38.6996
52.8737,31.0596,35.3766
35.4307,52.2763,38.2994
34.2835,28.4608,37.6167
52.5287,43.3512,36.297
29.4173,43.2248,38.8839
45.1904,27.3448,35.6155
42.7551,48.4335,37.8763
27.5349,30.4906,38.0377
54.8398,36.4717,35.6345
30.1231,49.294,38.023
39.0165,24.5982,36.2643
50.5685,48.5425,37.3099
25.5222,38.4329,39.3198
49.1619,30.6352,35.8467
39.0871,53.9871,37.754
33.1196,31.2329,37.7707
50.3037,39.9349,36.1591
31.9589,44.5272,37.5207
44.0103,25.1232,35.9974
45.7764,49.2076,38.0201
25.8342,33.5983,38.6106
52.9368,33.4683,36.0971
32.8499,52.098,38.3252
35.7394,26.2811,37.3981
52.5485,45.5893,36.514
27.0836,42.3083,39.6417
45.6461,30.0566,34.9516
40.249,49.65,37.8116
29.6738,29.4602,37.8995
53.715,38.5743,35.7026
31.533,47.2888,38.712
40.965,25.839,37.227
48.4732,48.7758,37.9767
25.3677,36.3137,39.5818
51.2919,30.1059,35.3607
36.9517,51.9898,38.7717
34.7489,29.8196,37.4104
51.9564,41.8374,36.4125
31.0502,42.3558,38.0047
46.4771,25.9945,35.507
43.865,50.1392,38.1236
27.4677,32.0483,39.0397
54.5334,34.7385,35.8258
31.0201,50.9621,38.3746
37.3481,24.9475,36.683
51.4843,47.5843,37.1238
25.9037,40.4055,39.3865
47.5817,31.0003,35.5605
40.6177,52.5739,38.2396
31.7256,31.1044,37.789
51.2502,38.3457,36.2089
32.3829,45.6861,38.3972
43.3823,25.891,37.3052
47.0294,50.5226,37.6597
24.7214,34.0318,38.7677
52.6651,31.587,36.3129
34.6431,52.1768,39.0103
34.5993,27.4893,37.9646
52.1071,44.1957,36.8933
28.8217,43.2969,39.7758
45.4642,28.2949,35.9125
41.6075,48.4072,38.2665
27.7056,29.4648,38.0357
54.3417,37.309,36.3741
31.2996,48.9532,39.1163
39.3889,25.0423,37.1478
49.6726,48.6314,37.8337
24.514,38.0244,39.2505
50.1807,31.0359,36.1438
38.4252,53.4271,38.4243
33.7594,30.617,38.3771
50.3685,40.7896,36.6628
32.1305,43.5,37.9675
45.3693,25.2013,36.1929
45.1602,50.2204,38.3519
25.9007,32.4894,39.3036
53.9766,33.249,36.0058
31.9569,51.9816,38.8385
36.336,25.4839,38.0182
52.2223,46.3169,37.4892
27.3632,41.3714,40.0935
46.0102,31.1241,35.1843
40.3637,50.9127,38.5316
30.236,30.2296,38.3086
53.1477,37.9204,36.4731
32.4,46.7003,38.9334
41.8645,26.2421,37.9314
47.6833,49.3852,38.5391
25.0621,35.2054,39.8148
52.4573,30.1858,35.9119
35.9328,52.048,39.2512
35.3265,28.9034,37.9971
51.8481,42.6752,37.1281
30.4918,42.6952,38.9332
45.7085,26.5024,36.1927
43.5744,48.814,38.8691
27.3913,30.8983,39.0522
54.7292,35.7099,36.4553
30.1368,50.4164,38.7731
38.3608,24.6173,37.0511
51.0965,47.9686,38.0929
24.9424,39.7072,39.5737
48.5441,31.3873,36.3491
40.4748,53.651,38.5005
32.5495,30.8974,38.5831
50.4197,38.9748,36.5036
32.6268,44.6153,38.3237
44.4937,25.3495,36.9709
46.3141,50.3505,38.3605
24.6676,32.8676,38.8326
53.1382,32.4481,36.9076
33.4979,52.3493,39.2212
35.4057,26.729,38.3141
53.4467,44.772,36.7127
28.093,42.4323,40.1084
45.2895,29.4819,35.7794
41.1251,49.3159,38.3984
28.8349,29.1709,38.4267
54.661,38.4396,36.2096
31.8325,47.9939,39.5665
40.0254,25.3495,37.9249
49.0084,48.1791,38.7322
25.1421,37.2932,40.3732
51.0234,30.4009,36.3736
37.4761,52.807,39.1852
34.6137,30.9365,37.8217
51.2678,41.3381,37.0186
32.0839,42.2723,37.8682
46.5314,24.785,35.8501
44.3556,49.9028,39.0981
26.9215,32.8045,39.7983
54.4785,34.2231,36.7762
31.4627,51.1385,39.2779
36.4593,24.7035,37.3643
52.7565,47.2192,37.3262
26.4152,40.9145,40.2532
46.682,31.2299,36.0853
40.9788,51.8076,38.9465
30.8564,31.258,38.5726
52.0418,37.8621,36.777
32.1836,45.8962,39.7007
42.8147,25.8557,38.1909
47.7585,50.4393,38.7283
24.0506,34.7704,39.4825
53.474,30.9126,36.316
35.2499,53.0402,39.192
34.559,28.4926,38.7742
52.9633,43.1171,37.2861
30.052,43.1859,40.0483
45.3172,27.4207,36.8317
42.3234,48.3408,39.0846
28.2038,29.8925,39.0913
55.2457,36.6108,36.5985
30.2667,49.3724,39.1986
39.2142,23.6515,37.2456
50.6264,48.9646,38.2608
25.0207,38.7667,40.2649
49.1971,31.1916,37.2043
39.4468,53.8317,39.0937
33.3096,31.578,38.8061
50.7418,39.9283,37.1767
33.1392,43.6298,38.3232
44.903,24.284,36.7794
46.0472,49.662,39.1769
25.2399,33.3679,39.5668
53.73,33.455,37.2092
32.4128,52.681,39.6297
35.1345,25.5548,38.1127
53.2465,45.6194,37.3606
27.3821,41.9927,41.0123
45.4007,30.5278,35.9176
40.6939,50.0425,39.1107
29.4843,30.0324,39.1001
53.6075,38.8254,36.7579
31.7632,46.9198,39.8065
41.0344,25.5902,38.3189
48.5524,49.1042,39.1097
24.9037,36.0606,40.6631
51.7228,29.6275,36.4222
36.7351,52.2432,40.0484
35.5293,30.2061,38.2557
52.1878,41.5771,37.4978
31.2883,41.9267,39.0115
46.7072,25.9199,36.6224
43.3361,50.2891,39.3846
27.2476,31.722,39.9967
55.4472,34.9392,36.317
30.4524,50.8499,39.6603
37.486,24.1717,37.773
51.9576,47.2531,38.2539
25.3616,40.4543,40.3493
47.4451,31.7555,36.595
40.1845,52.7916,39.3012
31.7553,31.3384,39.1466
51.6778,38.9123,37.1093
33.0354,45.1183,39.1226
43.9783,25.5743,38.14
46.9974,51.2237,38.7102
24.0935,33.5735,39.5161
53.8608,31.6938,37.0358
34.2309,52.914,39.8198
35.7033,27.6703,38.8219
52.9564,44.3878,37.6842
29.1346,42.4489,40.4158
45.8802,29.032,36.554
41.2185,48.5998,39.3143
28.0594,28.7349,39.1891
55.2319,37.6725,36.9096
30.7563,47.9948,39.5479
39.6258,24.3451,38.1103
50.0496,48.4784,39.0617
24.1924,38.1547,40.334
50.0593,30.3627,36.9626
38.532,53.3473,39.6585
34.3648,31.4061,38.8859
50.5604,40.9688,37.8228
32.6783,42.7566,38.802
46.0921,24.0724,36.6736
45.0408,49.4866,39.7356
25.8954,32.8131,40.4428
54.6642,33.1573,36.8125
31.5263,52.0587,40.0405
35.4614,24.4525,38.0637
53.7407,46.7975,37.5686
27.1709,40.9037,41.0832
45.5581,31.4632,36.4867
40.3778,51.0694,39.59
30.1816,30.8069,39.2022
53.0133,38.307,37.5683
32.8887,46.9808,39.9824
41.9667,25.5069,39.0621
48.0256,49.905,39.6871
24.1879,35.1373,40.4691
52.4873,30.2808,36.9767
35.5112,52.7171,40.355
35.6042,29.0202,39.0929
52.2545,42.5119,38.1225
30.9215,42.6153,39.9425
46.4091,27.1515,36.9571
42.85,49.2463,39.7073
27.3192,30.3688,40.0433
56.0652,35.9577,36.5956
29.8255,50.0405,40.0936
38.5163,24.1608,38.255
51.7029,48.829,38.3066
24.7062,39.7756,40.7332
47.8872,30.4229,36.6236
40.306,53.8631,39.8282
32.6138,31.8401,39.5212
50.4648,38.9923,37.5974
33.5224,44.1844,39.1578
44.2563,24.5259,37.689
46.0029,51.0115,39.3192
24.3905,32.5907,39.8414
53.5156,32.4106,37.9294
33.29,52.7348,40.2736
34.7585,26.0996,38.9119
53.9266,44.8257,37.6694
28.473,41.6311,40.8125
45.2704,29.9357,36.9992
41.214,49.4776,39.9298
29.0704,28.9497,39.4827
54.2344,38.027,37.3088
31.1793,47.6435,40.4367
40.7758,24.4224,38.1154
49.057,48.5172,39.8363
23.9315,37.0097,40.6594
50.8041,29.688,37.1245
37.6468,52.7907,40.4076
35.4627,31.006,39.1562
51.6454,40.8363,38.1402
32.3217,41.6449,38.8229
46.3179,25.0269,37.0849
44.2549,50.6192,39.8507
26.6748,32.0239,40.9659
55.4894,33.9637,36.86
30.9046,51.3105,40.6212
36.3744,23.9414,38.2682
53.1905,47.2494,38.3633
26.2105,40.7744,41.2905
46.4868,31.7151,36.9937
40.6575,52.0605,39.9745
30.8587,31.1709,40.0475
52.0196,37.9657,37.8679
33.5522,46.0189,39.7613
42.9729,25.1022,39.0875
47.8159,51.2098,39.5735
23.2849,34.5994,40.3299
53.5382,30.4221,37.2636
35.0022,53.6466,40.4172
35.3481,28.2335,39.7302
53.0412,43.3373,38.399
30.2051,42.1831,40.8717
46.021,28.111,37.6726
41.9725,48.539,40.1007
27.4875,29.2973,39.9422
56.0354,36.8187,37.2581
29.9961,48.7895,40.1707
39.1723,23.2448,38.3602
51.086,48.7549,39.2386
24.1391,38.9533,41.163
49.0285,29.8296,37.0851
39.4198,53.5062,40.332
33.5972,31.0613,39.7309
49.8398,39.8068,38.1827
33.6884,43.1117,39.11
45.4634,24.2964,37.6832
46.0283,49.7317,40.2342
24.8838,32.9486,40.7527
54.5045,33.1025,38.0864
32.2893,52.6715,40.7022
34.7846,24.8744,38.8958
54.0995,46.0268,38.3206
27.8816,41.3755,41.7467
44.4992,30.6098,36.768
40.5835,50.2052,40.2214
29.8052,29.5187,40.0093
53.8243,38.8719,37.9675
32.1997,47.279,40.6905
41.1738,24.7759,39.2405
49.1254,49.6674,39.8108
23.8914,36.108,41.2886
51.8311,29.7153,37.6755
36.4951,53.0296,40.855
35.7504,29.943,39.5003
52.3779,41.3798,38.6643
31.9708,42.0466,39.9755
46.845,26.0168,37.8392
43.6364,49.7445,40.3098
27.5453,31.1285,41.14
56.0567,34.9291,37.157
30.6995,50.276,40.6173
37.4729,23.6926,38.7708
52.5762,48.1129,38.917
25.7803,39.7597,41.4153
47.1641,30.9686,37.2302
41.0179,53.0348,39.9931
31.8201,31.6939,40.2185
51.2288,38.5803,38.2021
34.1505,44.6446,40.1182
44.1177,24.8282,38.8659
46.8613,51.4813,39.9252
23.466,33.1636,40.3187
53.5146,31.251,38.1011
33.9835,53.2689,40.9421
35.1774,26.9967,39.6621
53.4296,44.2845,38.6266
29.2741,41.6513,41.6134
45.4168,28.9275,37.8687
40.9004,48.4353,40.305
28.2496,28.4168,40.4079
55.3488,37.3457,37.9678
29.9738,47.7581,40.2261
40.1846,23.4721,38.3802
50.4345,48.4535,40.1623
23.7021,37.7396,41.3931
49.968,29.5267,37.6878
38.4534,53.3323,40.9485
34.8549,31.6553,39.8958
50.801,40.2566,38.77
33.4875,42.0722,39.2937
46.7901,23.9366,37.6093
45.1184,50.1519,40.6122
25.6194,32.2361,41.4156
55.6209,33.0871,37.4743
31.806,51.7968,41.215
35.706,24.0667,39.3597
53.5943,46.6244,39.1805
26.9552,40.8957,42.1422
45.3054,31.2155,37.5527
40.244,51.1259,40.6775
30.6968,30.1674,40.3229
52.6401,38.6678,38.4886
33.0993,46.3578,40.8957
42.2767,24.2942,39.2414
48.7323,50.7643,39.9654
22.9576,35.281,41.2031
52.7481,30.1471,38.0083
35.5933,53.0551,41.4743
36.3716,28.8585,40.1663
53.1202,42.3599,39.0744
31.1678,41.5974,40.7144
46.2858,27.0496,38.133
42.5943,49.1393,40.8029
27.8509,29.8591,40.9091
55.7125,35.8782,37.6145
30.0964,49.2832,41.1784
38.4491,23.5754,39.1842
52.0658,48.9975,39.2321
25.2377,38.86,41.4738
48.1731,30.1267,37.5793
40.392,53.4708,40.823
32.8267,31.4455,40.4907
50.3792,39.0375,38.9041
34.4253,43.535,39.8363
44.5287,23.7384,38.4152
46.8098,50.4456,40.4467
23.8017,32.2392,40.7805
54.018,32.0624,38.8534
33.0737,52.828,41.4687
34.8822,25.8568,40.0702
54.1213,44.9972,39.0014
28.5797,40.6508,41.0139
44.4132,29.3901,37.4637
40.0879,49.3235,40.6167
29.094,29.0387,40.5787
54.5629,38.194,38.334
30.6185,46.7883,40.2813
41.3513,23.7207,38.7568
49.9954,49.4994,40.4329
24.2929,36.9778,41.8064
50.846,29.561,38.3263
37.4903,53.1608,41.492
35.3426,30.7705,40.272
51.3753,41.352,38.9664
33.0408,41.1029,39.6872
46.7887,24.9602,37.993
43.7281,50.6933,40.862
26.4988,31.2563,41.6437
56.6323,34.0813,37.8064
31.3365,50.8367,41.4483
36.7872,24.3082,39.3226
53.156,47.607,39.6772
25.7341,40.4484,42.2004
46.2831,30.7812,37.8012
41.1987,51.8227,41.0256
31.5755,30.663,40.5783
51.9821,37.6349,38.8519
33.1668,45.0275,40.4555
43.3609,24.076,39.2356
48.4441,51.8275,40.2952
23.6787,34.0602,41.1912
53.8459,30.0394,38.2974
34.6741,53.9647,41.5326
36.1299,27.4655,40.0036
53.5225,43.2874,39.3951
30.3889,41.2445,41.5388
45.4535,28.0683,38.7628
41.5362,48.6832,41.2855
27.2922,28.6118,40.9245
56.1843,36.7276,38.4224
30.6568,48.405,41.1088
39.528,23.5609,39.3959
51.4981,49.0451,40.1323
24.4964,38.206,41.8928
49.1184,29.9536,38.1813
39.5226,53.9949,41.267
33.8926,31.7017,40.5475
49.8257,39.8673,39.4484
34.4901,42.4075,39.7699
45.7861,23.4869,38.2721
45.7367,51.0216,40.6258
24.5966,31.7163,41.42
55.2138,32.5049,38.6476
32.4771,52.156,42.0201
34.9252,24.6482,40.0607
54.4127,46.0912,39.7143
27.9434,40.0896,41.8111
44.7536,30.3845,37.9533
40.0484,50.2165,41.2861
29.6435,29.9815,40.9272
53.5703,38.8215,39.0929
31.8394,46.3702,41.2052
41.5115,24.0612,40.1384
49.1928,50.0509,40.9551
23.3355,35.766,42.1333
52.1138,29.4144,38.7242
36.4492,53.7317,41.5904
35.4877,29.4732,40.5847
51.9811,41.9354,39.6457
32.2767,41.086,40.4963
45.792,25.9101,38.2806
42.8098,50.2355,41.1784
27.0235,30.2736,41.512
55.9477,35.0317,38.3646
30.4375,50.1194,41.6738
37.6067,24.407,40.0236
52.8354,48.6001,39.8609
25.8787,39.1873,42.2984
47.5944,30.6535,38.3612
41.0144,52.8361,41.4417
32.1022,31.505,41.2736
51.0166,38.3145,39.5824
33.7495,44.0024,40.84
44.7605,24.177,39.5101
47.1679,51.8008,41.2053
23.4157,33.0226,41.3908
54.3143,30.9523,38.826
33.8702,53.2802,42.1028
35.6106,26.5001,40.4525
53.7696,44.1252,39.9274
29.7462,40.4736,41.1075
44.4753,28.5057,38.3734
40.4582,48.513,41.3716
28.6374,28.2546,41.3864
55.3933,37.6296,39.1141
30.3322,47.4122,41.2774
40.6926,23.5318,39.6425
50.9985,49.1995,41.1045
23.8361,37.6688,42.6886
50.023,30.301,38.6228
38.3075,53.806,41.8867
34.4859,30.9432,41.0427
50.6167,40.9658,39.5769
33.9783,41.5437,40.2163
46.4612,24.2187,38.669
44.7027,51.0218,41.1308
25.4272,31.1664,41.6858
56.0273,33.2469,38.4854
31.9758,51.1937,42.2581
36.2873,24.5399,40.2084
54.2413,47.226,39.8912
27.0819,39.5957,42.1085
45.5888,30.7529,38.6828
40.3858,51.4007,41.7767
30.4558,30.4151,41.5551
52.884,37.954,39.3267
32.4725,45.268,41.2414
42.6983,23.4805,39.895
49.0834,51.217,40.9919
23.9322,34.8459,41.8918
53.084,30.0821,39.118
35.6399,54.051,42.332
35.8541,28.2624,40.9997
52.644,42.769,39.998
31.5645,40.9468,41.4946
45.1061,26.9913,38.4669
41.8302,49.7942,41.4808
27.5169,29.3701,41.9197
55.4955,35.8374,38.7535
30.9071,49.0881,41.8552
38.8915,24.05,40.0754
52.9004,49.7024,40.3592
24.7937,39.1469,42.5093
48.6465,30.905,38.6922
40.151,53.444,41.8732
33.2943,31.2281,41.506
50.0534,38.8611,40.0872
33.7351,42.9275,40.3961
45.1205,23.1474,39.2576
46.7087,50.4508,41.5081
23.7374,31.9864,42.0152
55.3386,31.4402,39.0812
33.1348,52.7854,42.6344
35.6522,25.3001,40.6038
54.2843,45.1893,40.3674
28.9203,39.8061,41.4364
44.4708,29.5856,38.6082
39.6986,49.3512,41.9017
28.9371,29.2894,41.6778
54.4885,38.2865,39.4505
30.8122,46.346,41.3381
41.7254,22.903,39.9479
50.0052,49.4856,41.6441
23.602,36.6208,42.9167
50.8657,29.5705,39.5522
37.4353,53.8268,42.4688
34.9275,30.0643,41.2911
50.8219,41.9999,39.9867
33.3083,40.8934,40.7162
46.5386,25.3904,39.0091
43.8711,49.9204,41.4823
26.034,30.1716,41.8658
56.3694,34.1015,39.1584
31.0002,50.7739,42.581
37.1493,23.4117,40.2718
54.2403,48.0589,40.5081
26.4334,39.9577,42.8211
46.6007,31.5263,38.8124
41.1646,52.1041,42.1894
31.5479,30.3245,41.9181
52.2732,38.6252,39.8815
32.6109,44.1521,41.0465
43.7658,24.0318,40.4292
48.1111,51.1945,41.3754
23.7488,33.8511,42.1707
54.2436,29.8487,39.221
34.4569,54.1586,42.6315
35.045,27.336,41.0662
52.9418,43.8024,40.5352
30.7959,40.2145,41.7036
44.3272,27.5799,39.0056
40.9346,49.3903,42.005
27.5544,28.301,42.0898
56.2271,36.896,39.5213
30.1018,48.0506,42.1038
40.0179,23.8397,40.4158
51.9303,49.697,40.8642
24.3608,38.4749,43.2118
49.0271,30.199,39.3999
39.2607,54.0839,42.3201
34.0777,31.936,41.676
50.2826,39.8151,40.4134
34.4129,42.1849,40.9469
46.2673,23.2689,39.2998
45.506,51.0255,41.8331
24.3693,30.9717,42.453
55.7636,32.427,39.5631
32.805,51.75,42.9884
35.6417,24.0998,40.9376
54.8013,46.1232,40.7845
27.9783,38.9076,41.9287
44.5157,30.7973,39.1391
39.7572,50.4649,42.4969
29.5124,30.3211,42.0379
53.6481,38.4815,40.1942
31.3379,45.6269,41.93
41.9567,23.5288,41.1264
49.5355,50.6312,41.7845
24.3359,35.8154,42.6079
52.0948,30.1533,39.6109
36.5994,54.5501,42.7613
35.5825,29.1153,41.5428
51.832,42.2832,40.6196
32.5742,40.7834,41.5292
45.7461,26.4919,39.3911
42.8377,50.0959,42.2546
26.483,29.3241,42.1946
56.276,35.4099,39.2919
30.3777,49.9243,42.863
38.054,23.5792,40.667
53.5667,48.9281,41.0137
25.675,39.4258,43.3518
47.674,31.4138,39.2094
40.8925,53.1194,42.6549
32.4267,30.9679,42.1362
51.3199,39.0284,40.3405
33.0235,43.0879,41.3164
44.8977,23.6745,40.4417
47.3131,51.3249,42.1665
24.272,32.9345,42.3258
54.4802,30.7076,39.8191
33.7466,53.3559,43.298
35.1333,26.2057,41.403
54.1501,44.2433,41.1005
29.8784,39.6269,41.7889
44.6311,28.7749,39.3496
40.3447,48.5905,42.584
28.7285,28.198,42.477
55.5138,38.1146,40.2832
30.1862,46.9037,42.3226
40.8756,23.1181,40.5898
51.0498,50.3043,41.2084
24.5588,37.0029,43.1777
50.2628,30.4781,39.7015
38.3747,54.2571,43.0948
34.526,30.8276,42.1411
50.4946,40.9216,40.598
33.7207,41.6459,41.5294
46.089,24.6158,39.6282
44.9151,49.9956,41.8152
25.5692,30.6702,42.6092
55.5576,33.6039,39.8441
32.0394,50.9446,43.2908
36.7153,24.0265,41.0458
54.1186,47.0236,41.0268
27.2567,38.9857,42.9182
45.7024,31.7243,39.544
40.4056,51.5697,42.9208
30.6874,30.1409,42.6856
52.5377,38.0726,40.7772
31.5833,44.5936,41.5885
43.0241,23.207,40.814
49.0505,51.5893,41.9944
24.2999,34.6445,42.8825
53.0349,31.0776,39.9292
35.4211,54.1624,43.3481
35.2419,28.0187,41.8906
52.7734,42.7023,41.038
31.8524,39.8336,41.5908
45.0214,27.026,39.9597
41.9934,49.4114,42.5718
27.2102,28.9916,42.9073
55.7451,36.1089,40.1011
30.6423,48.8431,42.9261
39.332,24.2645,41.1444
52.983,49.9511,41.3998
25.3376,38.0732,43.5205
48.5502,31.2078,39.7438
40.0276,53.669,43.0385
33.246,31.7046,42.5222
50.0258,39.2072,41.1864
33.9488,42.7433,41.8407
45.7918,22.9857,40.3475
46.3942,50.5507,42.5802
24.1655,31.9949,43.3136
54.7558,31.8767,39.9725
33.0308,52.5665,43.7273
35.4236,25.0078,41.6549
54.3296,45.2674,41.4315
29.1792,38.5615,41.9343
45.3068,29.8833,39.1961
39.7565,49.4056,43.0212
29.2726,29.4621,42.715
54.4374,37.7747,40.5458
30.8495,46.09,42.6625
41.7045,22.4494,40.9565
50.5971,50.7662,42.0754
23.949,35.9575,43.6785
51.3076,30.3659,40.4958
37.3787,54.2917,43.4698
34.9983,29.944,42.4964
50.5512,42.0752,41.0457
33.8746,40.6562,41.6478
46.127,25.717,40.0777
44.0316,50.1778,42.526
26.0582,29.8298,43.0867
56.4804,34.0809,40.2527
31.2788,50.1589,43.3833
37.3493,23.0419,41.4544
53.5851,47.9705,41.5577
26.7582,39.3322,43.8408
46.9273,32.2213,39.7894
41.1944,52.45,43.4377
31.6407,30.7293,42.9354
52.4153,39.1265,40.9036
32.1574,43.3388,41.9623
44.2294,23.125,41.0591
48.0725,50.9919,42.7977
24.9337,33.6574,42.7048
53.7559,29.9695,40.3983
35.0332,53.1688,43.2589
35.275,27.0273,42.2514
53.096,43.6348,41.5133
30.8399,39.1196,42.0169
45.1233,28.1488,40.0788
41.6111,48.5567,43.1564
27.9888,28.3495,43.2194
55.95,37.0808,40.5318
30.3782,47.7362,43.3054
39.9416,23.1179,41.1794
52.0578,50.3291,41.7988
24.5979,37.5878,44.2066
49.2509,30.6133,40.3889
38.8013,53.3199,43.3303
34.4414,31.698,42.6391
50.7828,40.0086,41.3294
34.6193,41.8884,41.983
46.3412,23.8242,40.3471
45.27,50.6873,43.0724
25.0406,31.302,43.3383
55.0548,32.801,40.4067
32.2693,51.8428,43.9527
36.1349,24.1465,41.9039
53.9001,46.155,41.827
28.2609,38.516,42.9259
45.679,30.7279,39.7764
40.8468,50.278,42.7421
29.843,30.2249,43.2431
53.6189,37.7872,41.2445
30.8318,44.7154,42.5305
42.5448,22.6862,41.5132
49.9823,51.4607,42.6257
25.0882,35.6607,43.4901
52.1296,31.0168,40.5015
36.444,53.8456,43.8201
35.3991,28.8135,42.6345
51.5388,42.8296,41.5506
32.8889,39.8046,41.8637
46.1012,26.9,40.4819
43.3056,49.3968,43.0578
26.1897,28.7134,43.0719
56.2815,35.1464,40.6947
30.2449,49.6622,43.8731
38.5196,23.0558,41.4029
53.6596,48.9101,42.0957
25.9993,38.4835,44.2108
47.8578,32.0467,40.2542
40.1964,52.5749,43.2258
32.6733,31.0451,43.2468
51.1777,39.0383,41.3125
33.1501,43.2344,42.6596
45.1592,22.3944,41.0359
47.1449,50.9206,43.3015
24.6501,32.9018,43.5442
54.1638,31.1447,40.7671
34.0928,52.5236,44.0166
35.7556,25.9629,42.3815
53.9234,44.0336,42.213
30.1109,38.475,42.3674
45.2953,29.2396,39.9975
40.6112,48.3273,43.6884
29.1418,28.5844,43.6098
55.2565,37.7446,41.2662
30.2998,46.6803,43.3709
40.8557,22.4117,41.5249
51.2129,50.0491,42.5155
23.7317,36.7012,44.4041
50.2253,30.413,40.7969
38.3993,53.8277,44.1825
34.6775,30.8134,43.2324
50.3324,41.1274,41.6472
33.9585,41.3239,42.4851
46.7514,24.9992,40.6573
45.2648,49.45,42.8827
25.7005,30.5237,43.8186
55.8602,33.3611,40.9335
31.4664,50.9521,44.2202
37.2042,23.9362,42.0096
53.6534,47.1494,42.3464
27.6964,38.4216,43.8512
46.6567,31.1329,39.9949
41.2634,51.3056,43.4696
30.7996,29.9276,43.7975
52.8079,38.2102,41.9091
31.8031,44.3922,42.6476
43.5834,22.6643,41.944
48.9141,51.7433,43.1572
25.474,34.5078,43.397
53.0753,30.915,40.9791
35.8083,52.9361,44.0091
34.766,27.7229,42.9615
52.3647,43.0448,42.112
31.7939,39.0857,42.4819
45.2602,27.5759,40.9643
42.6076,48.6055,43.5515
27.5527,29.0862,43.9491
55.8905,36.0388,41.2353
29.8625,48.5684,44.1401
39.465,23.5851,42.0069
53.0193,49.6564,42.6722
25.7146,37.4127,44.7756
48.5548,31.4249,40.794
39.706,53.2356,43.9648
33.7035,31.2919,43.6111
50.5736,39.2269,42.1919
34.0267,42.6022,42.9536
45.9082,23.3428,41.5094
46.0993,50.795,43.6009
24.3291,31.8221,44.3987
54.1974,32.2907,40.8561
33.2993,51.6768,44.3279
35.8415,24.8497,42.7088
53.5926,45.0719,42.3006
29.3959,37.7929,42.8074
44.7799,30.252,40.3856
40.7351,49.399,43.6997
29.5146,29.5545,44.1455
54.4401,38.1985,41.7887
30.4236,45.2825,43.4256
41.6925,22.6142,42.2752
50.3149,50.4927,43.1234
24.3205,35.6953,44.7027
51.0944,31.3027,41.1479
37.3114,53.9323,44.5217
35.1005,29.6456,43.5197
50.6121,42.1506,42.1678
33.17,40.3856,42.7029
46.3986,26.0969,41.0739
44.3837,49.0581,43.4082
26.4863,29.5805,44.0802
55.7438,34.4808,41.2803
31.2331,49.8034,44.3954
38.2835,23.6255,42.3905
53.2485,48.0789,42.67
26.8943,37.9896,44.4446
47.0302,31.6159,40.8827
40.2766,51.8084,43.995
31.9508,30.2838,43.9593
51.7576,38.4401,42.2428
32.2104,43.2067,43.0664
44.6937,22.7739,42.0414
47.904,51.6899,43.5468
24.727,33.8668,43.9893
53.6459,30.2841,41.5651
34.8671,52.6633,44.661
34.7915,26.363,43.0873
52.5701,44.0986,42.3441
31.3778,38.0917,42.6356
45.4775,28.6504,40.933
41.6907,47.9044,43.9569
28.3616,28.5476,44.5255
56.0057,37.0289,41.7038
29.9229,47.4382,44.1575
40.1956,22.846,42.3192
51.9662,49.581,43.1393
24.704,36.8884,45.1095
49.6741,31.64,40.7915
39.5159,54.0286,44.6794
34.7984,31.3861,44.4068
50.044,40.2374,42.1726
34.557,41.6814,43.2245
46.2174,24.3589,41.4005
45.4417,49.9764,44.0001
24.8157,30.7651,44.2884
55.0857,32.6607,41.4815
32.3365,51.2714,45.0443
36.2973,23.6691,42.8049
53.3003,46.2002,42.7694
28.8241,38.5691,43.8045
45.819,30.6976,40.9736
41.5936,50.1627,43.6451
30.0726,30.3841,44.4151
53.7166,37.5162,42.2877
31.5462,45.4794,43.1366
42.6685,22.4504,42.6227
49.8481,51.5546,43.7534
25.2599,35.1046,44.5729
52.2407,31.2622,41.6972
36.5916,53.2026,44.7054
35.2882,28.387,43.6351
51.5645,42.4102,42.5558
32.9028,39.1913,42.8171
45.8918,26.9914,41.6274
43.5546,48.5051,44.0755
26.7946,28.3715,44.1781
56.6454,35.3205,41.7673
30.7081,48.7672,44.7499
38.6942,22.4792,42.4264
53.7429,49.0951,43.4787
26.6256,38.3716,45.4847
47.824,32.0087,41.5553
40.5499,52.8385,44.5229
32.8175,30.7353,44.4224
51.7253,39.6273,42.3068
33.1643,42.6852,43.6292
45.718,22.4542,42.0897
46.9623,51.6845,44.1018
24.693,32.7757,44.7235
53.9286,31.4504,41.7195
33.9894,52.1688,45.0266
35.4902,25.6,43.3664
53.2554,44.2536,43.1818
30.5101,37.8363,43.1668
44.9528,29.5635,41.2665
41.1002,48.5627,44.6883
29.5179,28.4963,44.6553
55.4616,38.1086,42.2395
30.7054,46.5281,44.3489
40.8832,22.2634,42.8115
51.1244,50.0836,43.8258
23.8469,36.3552,45.5533
50.1865,31.3495,41.7602
38.2318,54.1362,45.122
35.46,30.2122,44.2312
50.2669,41.3003,42.718
34.0784,40.6518,43.3987
46.6883,25.2872,41.7651
45.5589,48.9269,43.7897
25.4675,29.7412,44.7904
55.2955,33.7941,41.8599
32.3891,50.212,44.6693
37.3223,23.0749,42.8042
53.1284,47.2135,43.3131
28.0071,38.1805,44.8365
45.8606,31.7338,40.8858
41.065,50.7758,44.4825
31.1492,30.328,44.7961
52.4911,37.7574,42.8425
32.3589,44.29,43.7349
43.7998,22.5887,43.0193
48.8268,51.9371,44.3685
25.7368,34.1162,44.3261
52.9768,30.6402,42.4335
35.8807,52.415,44.9682
34.7961,27.307,44.0083
51.5125,43.6142,42.9331
32.3596,38.3084,43.2776
45.296,27.8244,42.0908
42.9116,47.7077,44.402
27.6184,27.7865,44.4881
56.5551,36.316,42.2568
30.0879,48.0163,45.2306
39.3889,23.0186,43.1321
52.6977,49.1511,43.8158
25.2586,37.8739,45.7069
48.97,32.3102,41.302
40.1986,53.4194,45.2969
33.8852,30.6728,44.7048
50.6601,39.8664,43.0382
34.3037,42.6901,44.168
46.0116,23.8902,42.4489
46.3657,50.3175,44.4512
25.4986,31.499,44.9752
53.7391,32.4813,41.9204
33.3377,51.4494,45.4163
36.1529,24.5769,43.8021
53.9596,45.4176,43.2542
29.535,37.7113,43.8125
44.6689,30.5118,41.6232
41.9813,49.3715,44.5952
30.011,29.2497,45.3661
54.5691,38.105,42.8964
30.6383,45.4332,44.4322
41.8603,21.7469,42.9268
50.5949,50.8831,44.1566
24.7509,35.2257,45.6361
51.2735,31.332,42.1776
37.3366,53.595,45.4897
35.6142,29.1258,44.3743
50.7137,42.0301,43.2933
33.404,39.6225,43.633
45.9233,25.9995,42.1262
44.6061,48.3247,44.1151
26.5674,29.0618,44.9688
56.0959,34.5117,42.3184
31.5381,49.5575,45.3667
38.2614,22.9821,43.4565
53.2792,48.1199,43.9009
27.5938,37.931,45.7873
46.833,32.6268,41.4483
40.361,51.8634,45.0457
32.0973,30.803,45.2324
52.4641,39.09,42.8154
32.2639,43.3579,44.2402
44.8828,22.1509,42.9051
47.9351,51.3478,44.6367
25.7303,33.0513,44.49
54.0924,30.7041,42.5736
35.1201,51.9348,45.4419
34.7318,26.2034,44.209
52.2794,44.3485,43.5218
31.8141,37.4035,43.4234
45.3323,28.8519,42.0726
42.1935,48.1156,44.9644
28.9122,27.5203,44.8309
56.0282,37.2413,42.7466
29.8597,46.8327,45.4257
40.4155,22.7601,43.5898
52.1624,49.8388,44.3902
24.3438,36.9883,46.3735
49.8334,32.4082,42.0194
39.146,53.6137,45.5414
35.1068,30.7143,45.1301
49.9728,40.4466,43.4578
34.1351,41.4935,44.2198
45.9034,24.9655,42.6242
46.2687,49.2238,44.6558
25.2587,30.5311,45.4453
54.7375,32.755,42.5147
32.4311,50.7739,46.0147
36.9685,23.9104,43.6086
54.1221,46.3776,43.6813
28.5724,37.4262,44.1616
45.0836,31.5207,41.5975
42.0439,50.5598,44.7623
31.0017,29.3453,45.0363
53.3463,38.2418,43.3833
31.8913,45.0652,44.3539
43.1214,21.6778,43.3349
49.744,51.606,44.8271
25.4374,34.4195,45.4145
51.9724,30.7256,42.8796
37.2316,52.3826,44.9633
35.8462,27.8462,44.3979
51.3904,42.7759,43.6389
32.6859,38.9286,44.1306
46.3008,26.965,42.61
43.9027,47.8952,45.0266
27.4928,28.6931,45.312
56.5883,35.318,42.9834
30.8866,48.6973,45.7876
39.044,22.0031,43.6221
53.6271,49.2002,44.5697
26.5317,37.2264,45.5558
48.1004,33.0329,41.6164
40.9499,52.6254,45.561
33.0578,30.0658,45.1725
51.4158,39.0334,43.2224
33.2355,42.9093,44.7955
45.4965,23.0016,43.0907
46.9719,51.0106,45.1154
25.5525,32.4774,45.4592
53.4383,31.7847,42.7423
34.4457,50.9564,45.3465
35.8667,25.3763,44.4794
53.1699,45.1211,43.8971
30.8081,37.3308,44.1064
44.2934,29.7084,42.3323
41.7274,48.899,45.6279
29.8614,28.1254,45.6435
55.6347,38.2753,43.4081
30.8461,46.0885,45.3171
41.452,22.7195,43.5707
51.4067,50.4354,44.8246
24.8551,36.1158,46.1781
50.4554,31.6449,42.9213
38.2426,53.5676,46.2344
35.9706,29.9306,45.1369
50.0624,41.3796,43.9719
33.9213,40.3814,44.3713
46.807,25.8215,42.7583
45.0868,48.9516,44.8315
25.9763,29.4667,45.8721
55.2548,33.8007,42.9549
32.5452,49.6424,45.8127
37.3951,23.1335,44.113
54.1077,47.4264,43.9727
28.5255,37.2918,45.5919
45.8325,32.1153,42.0513
41.3167,51.4262,45.3357
30.9671,30.5101,45.9329
52.5548,38.7217,43.8182
31.9771,43.9915,45.1307
44.3214,22.3366,43.8867
48.659,51.7099,45.4203
26.3342,33.6496,45.1122
53.0904,30.3935,43.5015
36.4492,51.153,45.0806
35.5576,26.7397,44.7651
51.9576,43.6044,44.1439
32.7466,37.8308,44.24
45.8222,28.3155,42.9142
42.9729,48.1021,45.6934
28.0617,27.7456,45.5668
56.1972,36.1993,43.3883
30.5495,47.5617,46.1546
39.459,22.843,44.2921
52.51,49.1023,45.0955
25.6487,37.4739,46.6766
48.789,32.6467,42.3937
40.1971,53.4217,46.6482
34.1864,30.2126,45.6135
50.7093,39.9002,44.116
34.0714,42.2836,45.1847
45.3194,24.3658,43.3684
46.4884,49.9665,45.4948
25.4228,31.4725,46.0303
53.5059,32.8998,42.8981
33.6967,50.9417,46.3771
36.5944,24.6527,44.727
54.0429,45.4725,44.414
29.6977,37.264,44.7369
44.4814,30.9628,42.7038
42.0146,49.9071,45.6915
30.876,28.4734,45.7919
54.6234,38.8882,43.609
31.2053,45.0847,45.3877
42.5661,22.5067,43.7311
50.4287,50.6112,45.2415
25.6228,35.081,46.1928
51.1911,31.1032,43.6203
37.7023,52.53,46.0013
35.9314,28.409,45.3092
50.7259,41.9401,44.4665
33.3749,39.494,44.7897
45.7534,26.1268,43.1342
44.9003,47.9783,45.338
27.0091,29.1743,46.0992
55.6873,34.8352,43.3814
32.0415,48.5409,45.7675
38.2477,22.4634,44.4084
53.871,48.1477,44.7269
27.4641,36.7785,45.4701
46.7737,32.6059,42.4979
40.3753,51.2792,45.8917
32.1324,29.9055,45.9633
52.0437,39.7307,43.7618
32.4431,43.0782,45.5902
45.4108,22.5194,43.9868
47.8626,51.1192,45.752
26.6073,32.5267,45.6043
53.8669,31.1262,43.6708
35.5815,51.0271,45.8264
35.082,25.7263,45.1198
52.7709,44.2638,44.4183
31.671,37.7997,44.8288
44.7471,29.0039,42.9373
42.0901,48.1425,46.3574
29.0993,27.1879,45.8924
55.5129,37.272,43.6946
30.4473,46.433,46.4307
40.6646,22.7224,44.6428
51.7148,49.6455,45.6022
25.1907,36.6016,47.135
49.7269,32.6291,43.0896
39.1469,53.3201,46.8386
35.2343,29.8325,45.8379
49.8124,40.4618,44.7528
33.8041,41.0881,45.1908
46.3188,24.8172,43.7015
45.3507,49.7691,45.4158
25.832,30.301,46.4299
54.3933,33.2443,43.3717
33.4996,49.9417,46.0628
37.6878,24.1168,44.6335
53.9564,46.5127,44.8078
28.7999,36.5365,44.9576
45.6816,31.0933,42.6033
42.1727,51.0519,45.9143
30.7596,29.4565,46.1589
53.6259,39.4561,43.5651
32.5178,44.9654,45.3061
43.3105,22.0091,44.6632
49.5455,51.1704,45.7503
25.8061,33.5931,46.0941
52.4054,31.1819,43.8751
37.2157,51.4004,45.8602
36.0282,27.4251,45.5951
51.2723,42.9867,44.6797
32.7002,38.6878,45.205
45.6519,27.2709,43.4461
44.0883,47.3987,45.9502
27.7028,28.4449,46.3415
56.1673,35.3681,44.2169
31.4378,48.0008,46.4338
38.6555,22.1956,45.2951
53.4338,48.7082,45.6233
26.7921,37.501,46.57
47.7565,32.9793,42.5663
40.2982,52.3469,46.387
33.3235,29.9358,46.283
51.4511,39.2783,44.5799
33.1014,42.2545,45.7114
44.8938,23.4318,43.8517
46.6938,50.8126,46.1662
26.5456,31.7092,46.2471
54.1733,32.2588,43.858
34.6436,50.4485,46.5138
36.1053,25.4872,45.5661
53.4467,44.7882,44.9832
30.804,37.1198,45.1505
44.4858,30.0411,43.3347
42.183,49.237,46.602
30.1827,27.4762,46.4319
54.6908,37.8583,44.0493
31.5547,45.9972,46.1189
41.7139,22.3107,44.5907
51.152,50.5387,46.0733
25.948,35.9954,46.556
50.5671,32.1982,43.8614
38.3216,52.6618,46.9513
36.3076,29.4213,46.0243
49.9755,41.4389,45.0982
33.9151,40.0136,45.5101
46.5904,25.856,43.8446
45.6018,48.8134,45.939
26.8468,30.1458,46.7003
55.4468,33.7558,44.1162
33.1375,48.8744,46.166
37.8525,23.1598,45.1615
53.1416,47.1669,45.0619
28.2906,35.9276,45.6159
46.3263,31.775,43.0499
41.4541,51.6719,46.3841
31.7594,30.2218,46.9294
52.8842,39.9029,44.268
32.9483,43.9916,45.6539
44.1087,22.3124,45.3288
48.8114,50.9558,46.5177
26.9943,33.5608,46.0824
52.8252,30.551,44.6103
36.5763,50.1974,45.7626
35.3531,26.4958,45.82
51.9929,43.4989,45.203
32.3911,37.752,45.6761
44.7524,28.1332,43.6261
43.1249,47.4206,46.5258
28.6356,28.0357,46.6119
55.3414,36.4803,44.5189
31.1891,47.0371,46.9544
39.8937,22.7867,45.4675
52.5233,49.292,46.2664
26.1401,37.0835,47.5883
48.9309,33.3842,43.1338
39.6341,52.5003,47.2079
34.3163,29.4866,46.4025
50.7945,40.3783,45.1599
34.2989,41.761,46.102
45.5538,24.6165,44.4366
45.6574,50.5081,46.1043
25.838,31.192,47.0819
53.5308,33.5373,43.8679
33.8443,50.3168,47.2177
37.1128,24.9639,45.6424
54.0128,45.541,45.5067
29.9816,36.9845,45.7943
45.4344,31.158,43.6444
42.6599,50.2109,46.417
30.5965,28.472,46.994
53.7921,38.6091,44.3854
31.9012,44.985,46.2207
42.8544,23.1635,44.549
50.0409,51.0372,46.7276
26.6218,35.0304,46.6544
51.9176,32.0674,43.514
37.9616,51.6361,46.5822
36.4135,28.2703,46.3176
50.4705,42.3652,45.5923
33.0219,39.4484,45.9225
45.5792,26.3831,44.1506
44.5913,48.3057,46.3281
27.8859,29.5006,46.7699
56.0173,34.5044,44.8595
32.4863,48.3927,46.9016
38.5638,22.7553,46.4193
53.8622,47.4676,45.9229
27.4111,36.4726,46.5024
47.3333,32.4172,43.601
40.3396,51.4031,47.0282
32.7344,29.8956,47.2066
52.2363,40.145,45.1354
33.615,43.1771,46.058
44.7568,23.045,44.8738
47.8395,50.6087,46.8269
27.0445,32.6284,46.6638
53.5256,31.4189,44.6346
35.7074,50.207,46.4875
35.4442,25.6884,46.5317
53.2177,43.7485,45.5047
31.7653,36.7925,46.0016
44.3774,29.195,44.1271
43.0454,48.381,47.0965
29.2653,27.2205,47.2987
55.5208,37.4222,44.9717
31.1387,46.0254,47.1702
40.8645,22.4586,45.8198
51.4834,49.4774,46.8163
25.7041,36.0678,47.9192
50.3654,33.2596,43.6815
39.2295,52.7449,48.2346
35.4199,29.3072,46.7365
50.2683,40.8618,46.0976
33.1925,40.7507,46.252
46.4057,25.1064,44.9755
45.1871,49.459,46.6866
26.2428,29.982,47.5906
54.4523,33.3652,44.4944
33.6763,49.3136,47.0492
37.0481,23.7038,45.4477
53.6159,46.4762,45.8732
29.3281,36.1294,45.9874
46.2654,30.5637,43.3849
42.131,51.0395,47.155
31.3056,29.2463,47.164
53.9066,39.625,45.0126
33.0818,44.7015,46.4101
42.8143,22.3006,45.688
49.5378,49.9177,46.0576
26.3148,33.9447,47.0579
51.8586,31.2807,44.7282
37.0955,50.6165,46.5816
35.4378,27.3524,46.4643
51.4369,42.8345,45.8653
31.9469,38.7847,45.9445
44.9268,27.2273,44.4738
44.1793,47.4777,47.0437
28.0478,28.6429,47.3461
55.2741,35.4204,44.829
32.0231,47.6686,47.4659
39.3679,22.0294,46.0837
52.9218,48.2627,46.4797
27.3606,37.136,47.3485
48.3407,32.858,43.8619
40.739,52.3313,47.4641
33.8044,29.665,47.3096
51.6298,39.3846,45.5902
33.974,42.6322,46.9706
44.4865,24.1923,44.6509
47.3584,49.7582,46.2013
27.0427,31.7487,47.2215
53.309,32.4356,44.6393
35.1504,50.4488,47.4568
36.229,25.0896,46.5559
53.7429,44.6292,45.973
30.8044,37.1923,46.3031
45.2734,30.0489,44.2469
43.211,49.3965,47.0231
29.6198,28.2559,47.1877
54.5476,37.894,45.165
32.2787,45.9842,46.8956
41.55,23.143,45.2813
50.7142,50.2345,47.0452
25.9981,35.0011,47.5261
51.2759,33.0255,44.1804
38.5863,51.6957,47.4973
35.7895,28.3556,47.1646
51.0831,41.5112,45.8541
33.6149,39.7333,46.7721
46.366,26.244,45.1525
45.4563,48.4589,46.9718
27.1764,29.3612,47.6928
54.9479,34.0893,45.1287
33.5322,48.0881,46.9429
38.28,23.7279,45.8897
52.5998,47.1452,46.019
28.542,36.722,46.645
46.76,31.3949,43.8988
41.0823,50.7069,46.9758
32.3075,28.8394,47.3098
52.9116,39.3628,45.4291
32.9102,43.6437,46.6904
43.5835,23.197,45.3769
48.6192,49.8651,46.7078
27.301,33.3878,47.367
52.6746,31.4475,45.4518
36.6124,49.2871,46.6589
36.3102,26.4635,46.4605
52.3323,43.3641,46.1818
31.6629,37.8929,46.4753
45.1542,28.3815,44.5289
43.3931,47.7554,47.8095
28.5938,27.875,47.7693
54.8419,36.6417,45.3602
31.6767,46.6977,47.8068
40.4486,22.7653,46.7327
52.2786,48.889,47.3216
26.6478,36.4181,48.3362
49.5694,32.7553,44.2535
39.6537,51.7311,47.9202
34.6685,28.9985,47.4992
51.4915,40.4941,46.0272
33.629,41.4997,46.8984
45.1524,25.0052,45.3512
46.2452,49.7653,46.7895
26.8357,30.8273,47.7773
53.4907,33.6508,44.9207
34.3642,49.6095,47.8609
36.8591,24.1024,46.4344
53.5442,45.6746,46.5525
30.4187,36.3691,46.8206
46.0645,30.7288,44.525
43.1146,50.6192,47.3521
30.4554,28.9704,48.0887
53.4442,38.2196,45.4882
32.3341,44.5595,47.1863
42.4288,23.7661,45.3554
49.7093,50.1098,47.1406
27.1897,34.5535,47.6561
52.1362,32.4207,44.9141
38.2179,50.6706,47.2567
36.4006,27.4671,47.0809
50.8237,42.4383,46.6677
32.5064,39.0287,47.006
45.9782,27.2628,44.8225
44.4566,48.488,47.4031
28.4026,29.5914,47.7652
55.5797,35.2597,45.8862
32.8489,48.2746,47.9933
39.3204,23.4571,46.2448
53.2055,47.2866,47.0595
27.8871,36.0665,47.3494
47.7468,32.0921,44.5388
41.2587,51.3215,48.0019
33.0674,29.4682,48.167
52.8058,40.2539,46.0596
32.6843,42.5969,46.9165
44.7122,23.923,45.8743
47.7732,49.859,47.551
27.8572,32.2646,47.7238
53.683,32.0213,45.6167
36.2122,50.3084,47.5502
36.3297,25.6655,47.4149
53.3478,43.9465,46.6956
31.5293,37.092,47.1897
45.191,29.4953,45.1527
42.7124,48.7381,48.033
29.5479,27.189,48.3439
55.2592,37.3795,45.9807
31.8007,45.5732,48.0074
41.4159,23.2023,46.5326
51.2293,49.125,47.9014
26.0084,35.5836,48.8858
50.3694,33.0664,44.875
38.6727,51.6132,48.9532
34.6372,28.1181,46.9464
51.1772,41.2567,46.8825
33.0757,40.7854,47.4242
45.9717,25.7607,45.9362
45.69,49.6183,47.7078
26.866,30.095,48.6617
54.1191,33.4493,45.8105
34.4975,48.6242,47.3001
37.9372,24.6971,46.4013
52.3646,45.7696,46.1142
29.5122,36.8587,47.1132
46.9899,30.4125,44.3086
42.2393,50.0196,47.4254
31.3811,28.376,47.972
54.1512,38.9546,45.7761
33.4409,44.3885,47.3933
42.9715,23.2494,46.175
49.3876,49.0214,46.7943
26.5166,33.5248,48.1926
51.6317,31.7982,45.6695
37.3053,49.9774,47.4647
35.7384,26.5623,47.4358
51.5548,43.364,46.8586
31.2932,39.1489,46.8693
45.2579,27.6648,45.3829
44.5561,47.9453,48.3148
28.164,28.6175,48.5415
54.4928,35.4294,45.5984
33.1081,47.0028,47.6425
39.4267,23.0269,47.2165
52.4594,47.7665,47.5327
27.7093,36.6159,48.234
48.8201,31.7925,44.2602
40.1829,50.7226,47.9115
33.4776,28.6719,47.6709
52.1764,39.5042,46.5962
33.275,42.1197,47.6604
44.1876,25.045,45.8873
47.0948,48.8996,47.1805
26.8942,31.9988,48.1541
53.1776,32.9552,45.6273
35.5153,49.3582,47.4904
37.3394,25.4222,46.873
52.7932,44.8525,46.5354
30.2614,37.5577,47.2179
46.2898,29.6421,44.9348
43.2738,49.8247,48.0653
30.3709,27.8567,48.0733
54.1774,37.4694,46.0396
32.8182,45.333,47.589
41.5948,24.0353,45.8739
50.4044,48.9232,47.1531
26.4392,34.615,48.4825
51.0997,32.2133,44.861
38.4104,50.7732,48.2602
35.1888,27.6743,47.7051
51.9152,42.3322,46.7139
32.3961,40.1062,46.8461
45.4185,26.6906,45.6985
45.4327,48.7122,48.1457
27.9509,29.6408,48.8282
54.4505,34.428,45.9493
33.8432,47.6676,48.1023
38.5344,23.9619,47.086
52.4509,46.5901,47.0424
28.6948,36.6679,47.761
47.8873,31.0618,44.4503
41.2015,50.3385,48.2749
32.1229,29.0546,48.3591
53.1254,39.1068,46.445
33.1122,43.285,47.7827
43.7314,23.9583,46.5056
48.4422,49.012,47.3803
27.5994,33.0187,48.388
52.5758,32.2063,46.2888
36.4648,49.2172,47.9271
36.9105,26.584,47.5917
52.361,43.8735,47.2539
31.2226,38.2103,47.498
45.9188,28.5007,45.348
43.5594,48.6799,48.6099
29.2224,28.4717,48.5053
54.2868,36.4153,46.2187
32.4725,46.3627,48.4405
40.5603,23.851,46.824
51.2979,47.9721,47.5187
27.1358,35.565,48.5554
49.8684,31.9194,44.9084
39.4053,50.6644,48.704
34.2847,28.253,48.2753
52.2262,41.0019,46.7743
32.3254,41.6402,47.2662
44.9557,25.8061,46.169
46.4707,49.0728,48.1326
27.5089,30.9182,48.5621
53.4172,34.0955,46.2188
34.8216,48.6508,48.3205
37.5536,24.5245,47.4044
52.7459,45.5645,47.3393
30.2632,36.5676,47.9113
46.7744,30.4245,45.4089
42.4207,50.5432,48.4223
30.7061,28.6009,49
53.9127,38.3488,46.6612
32.3217,44.4402,48.3341
42.4192,23.8768,46.8495
49.424,49.2272,47.8468
27.304,34.0886,48.7389
51.6338,32.7985,45.8265
37.4808,50.2209,48.6398
36.0935,27.3358,48.0704
51.3865,42.6619,47.6236
31.7492,39.5229,47.7503
46.2168,27.5055,45.8531
44.617,48.9546,48.7323
28.8994,29.2584,49.1998
54.7875,35.4277,46.6422
32.9645,47.3543,48.6857
39.5724,24.0703,47.2988
51.8569,47.0336,47.9546
28.3515,35.7588,48.4075
48.454,31.368,45.2673
40.7293,50.9996,48.9478
32.9486,28.5311,48.9205
53.0213,40.0789,47.2495
32.241,42.6341,47.9484
44.0608,24.9437,46.9475
47.617,48.9815,48.1185
27.8287,31.9682,48.8588
53.0577,33.2077,46.6617
35.7322,49.2048,48.6849
37.3048,25.6579,47.9102
53.1148,44.5562,47.5783
30.848,37.4277,48.1412
45.8064,29.5685,46.1324
43.4735,49.5692,49.2373
30.074,27.7958,49.121
54.6614,37.5637,47.0214
32.5787,45.3059,48.8825
41.4882,23.7596,47.4636
50.2876,48.5602,48.2782
26.7051,34.5679,49.5348
50.4962,32.309,45.7056
38.5793,50.217,49.1777
34.9113,27.6334,48.7842
51.8847,41.7175,47.8409
32.11,40.7431,47.8646
45.8809,26.6007,46.6312
45.7063,49.5439,48.7639
27.6506,29.9023,49.8122
54.1185,34.7096,46.9204
34.1525,47.9986,49.239
38.7678,24.9899,47.7056
52.0328,46.0633,47.9496
29.3658,36.2723,48.6422
47.6704,30.767,45.8914
41.5427,50.3884,49.2894
31.978,28.633,49.3553
53.8344,39.2906,47.4105
32.4158,43.4422,48.6813
43.2159,24.5329,47.5166
48.5394,49.0395,48.7108
28.4606,33.0361,49.2986
51.9629,32.9178,46.9199
36.8788,49.3125,48.911
36.8568,26.2612,48.754
52.3093,43.1956,48.0473
31.348,38.7872,48.3691
45.4673,28.5644,46.2887
44.4797,49.9606,49.0663
29.0999,28.1591,49.6732
54.6605,36.5153,47.2576
33.1226,46.2768,49.2942
40.5096,24.1726,47.8502
50.8965,47.4946,48.4445
28.0875,35.2945,49.3946
49.5636,31.399,45.8425
40.0434,49.8474,49.3735
33.9181,27.7151,49.2418
52.8043,41.0328,47.7481
32.2494,41.6199,48.4487
44.7637,26.0047,47.4156
46.6873,49.3914,49.141
27.6718,31.0978,49.7832
53.2302,34.0441,47.3702
35.1058,48.5203,49.345
37.9024,24.8806,48.3413
52.234,44.855,48.1246
30.1828,36.9719,48.9604
46.8006,30.1067,46.5579
42.5983,50.0387,49.4525
31.3142,27.7503,49.2435
54.8349,38.6466,47.698
33.1072,44.3288,49.038
42.3037,24.1664,48.0141
49.5963,48.8493,49.1368
27.6662,34.2709,49.7566
50.7082,33.1038,46.4396
37.886,49.3739,49.3469
35.6474,26.9295,49.1347
51.5528,42.5117,48.6862
31.3545,39.8828,48.6555
45.5618,27.6561,46.7795
45.1404,49.3249,49.7277
28.65,29.327,50.2326
54.5131,35.5064,47.6463
34.0024,47.0788,49.6647
39.5201,24.2652,48.3269
50.9203,46.4221,48.1411
29.4174,35.5536,49.3864
48.647,30.7471,46.3161
40.7461,50.3236,50.1134
33.1348,28.1592,49.8549
53.5945,40.2467,48.1685
32.9611,42.5612,48.8137
43.8427,25.3231,47.9009
47.6587,48.5494,49.5438
27.9828,32.2545,49.9565
52.1972,33.9942,47.2399
36.0592,48.4078,49.6301
37.1999,25.3825,49.1917
52.7555,44.0297,48.6193
30.9622,38.0297,49.0551
45.8666,29.839,47.3112
43.7612,50.2761,50.1277
30.4635,27.8679,50.1109
54.7362,37.5295,48.017
32.9781,45.3524,49.9028
41.5042,23.9435,48.671
49.7743,47.7762,49.1798
27.4553,35.2529,50.2524
50.0825,32.1981,46.8727
38.9173,49.4434,49.7856
35.1007,27.6333,49.7988
52.4962,41.7477,48.635
32.1579,40.5571,49.0777
44.7887,27.0789,47.1607
46.2053,49.8244,50.1456
28.4335,30.4538,50.5167
53.2872,35.1315,47.6271
35.051,47.4375,49.5277
38.6997,24.5413,48.9053
51.3847,45.3877,48.4554
29.2401,36.8722,49.5412
47.8146,30.9096,46.9908
41.8265,49.9863,50.225
32.1585,27.5008,50.0528
54.5158,39.4568,48.4263
33.2565,43.2869,49.5208
42.8413,25.075,48.4027
48.609,49.0208,49.831
27.8999,33.32,50.2609
51.0308,33.7665,47.253
37.0279,48.9798,49.9543
36.2614,25.9281,49.7502
52.3404,43.1816,49.0613
30.8385,39.1523,49.3214
45.7975,28.7499,47.3463
44.9105,50.4443,50.3482
29.7471,28.6942,50.3048
54.6071,36.3594,48.3667
33.6635,46.1238,50.2367
40.3836,23.2851,48.9028
50.2991,46.8241,49.2053
28.6345,35.3138,50.3623
49.0912,31.849,46.7238
39.7563,50.0497,50.5901
34.13,28.1432,50.3471
52.6427,40.5685,48.7391
32.496,41.5862,49.4767
44.0672,26.652,47.8613
47.2359,49.373,50.1803
28.6181,31.5332,50.4794
52.5858,34.4593,48.2395
35.3165,48.3125,50.4144
38.2173,25.1306,49.6694
52.2201,44.9477,49.2803
29.8277,37.8265,49.3927
47.0149,30.3612,47.5989
42.7379,49.4313,50.4016
31.3629,28.4921,50.3156
54.7689,38.3797,48.7638
33.4025,44.3351,50.1317
41.7063,24.9879,48.4968
49.4907,48.1757,50.2863
27.607,34.3694,50.8831
49.9836,33.4332,47.1319
38.0734,49.2327,50.4797
36.092,26.9355,50.2424
52.016,42.1995,49.5888
31.5286,40.0354,49.7331
45.8231,27.58,47.9544
45.3208,49.6057,50.7995
29.4294,29.8343,50.8255
54.0154,35.2957,48.6616
34.6715,46.9544,50.5104
39.4734,23.7727,49.2374
50.4008,45.4922,48.9249
29.2627,36.27,50.4009
48.7548,30.8984,47.4383
40.8777,49.2328,50.4115
33.3224,27.1776,50.3945
53.6128,39.6568,49.0748
33.501,42.1304,49.6757
43.1561,26.1741,48.1732
47.6303,48.5212,50.7401
28.307,32.6572,50.9703
51.5307,34.4963,48.2263
36.3809,48.3119,50.6251
37.1367,25.3264,50.242
52.9386,44.2967,49.6265
30.047,38.8844,49.9224
46.14,29.6667,48.3282
44.2574,49.4297,50.937
30.3267,28.2333,51.069
54.9343,37.1778,49.0458
34.1305,45.043,50.447
40.7624,24.648,48.968
49.6621,47.137,49.9602
27.8412,35.3246,51.2354
49.0988,32.7656,47.7604
39.1997,49.0384,50.9017
35.3106,27.4412,50.8295
52.6174,41.3935,49.7314
31.922,41.1183,50.2422
44.3246,27.6358,48.1086
46.3986,49.2264,51.0354
29.3386,30.9525,50.8428
52.9667,35.489,48.7221
35.6103,47.3845,51.236
38.7597,24.2981,50.145
51.3765,45.2547,49.8209
29.2324,37.8242,50.2921
48.0329,30.1845,48.004
41.8881,49.279,51.1632
32.0936,27.9568,51.0609
54.3433,39.0227,49.5252
33.8181,43.0565,50.3485
42.1353,25.8482,48.745
48.6515,48.3187,51.1102
27.6243,33.4888,51.4899
50.4807,33.9153,48.2022
37.4069,48.2862,50.6648
36.3697,25.9573,50.8245
52.8312,43.1629,50.0979
30.485,39.8452,50.2877
45.5619,28.5561,48.6103
44.9145,50.1633,51.5625
30.042,29.2503,51.465
54.2628,36.1113,49.3331
34.5737,45.9643,50.7927
40.603,23.9871,49.942
49.5758,46.1356,49.5207
28.6882,36.0578,51.4526
49.502,31.5191,48.2349
40.1761,49.1923,51.258
34.1095,27.6931,51.3073
53.3658,40.576,49.6052
32.0889,42.3608,50.247
43.4753,27.0777,48.6455
47.3721,49.6885,51.2861
28.9363,31.9914,51.4063
51.8063,35.3946,48.6509
35.6606,48.4817,51.4713
38.0152,24.9615,50.7392
52.3351,45.0381,50.3691
30.5794,37.7538,50.1964
47.1443,29.7874,48.6063
42.812,49.9472,51.4055
31.2693,28.1555,51.6607
54.2781,37.7746,49.5713
33.9864,43.9152,51.1824
41.4706,25.66,49.5515
48.6371,47.3622,50.3909
28.4449,34.5411,51.6287
49.9798,32.9877,48.4646
38.0172,48.7972,51.499
36.1644,26.8717,51.3777
52.2932,42.1633,50.6
30.9988,40.7069,50.6084
45.205,27.6302,48.8915
45.5821,49.2543,51.7334
30.1275,30.4263,51.7042
53.5127,35.3946,49.6859
35.2333,46.5135,51.7421
39.7078,24.0046,50.6222
50.5326,45.8038,49.955
29.0742,37.0442,51.3788
48.8113,30.5616,48.734
41.095,49.8857,51.5348
33.152,27.2011,51.5193
53.757,39.6046,50.3189
33.236,42.3062,50.7426
42.8366,26.594,49.3465
47.8948,48.6587,51.9323
28.8624,33.0156,51.9193
50.9093,34.5414,49.0365
36.7343,48.0807,51.6198
37.4809,25.9121,51.1874
52.3232,43.929,50.6077
30.9409,38.8515,50.5082
46.4987,28.9806,49.0406
43.7864,49.8132,51.8625
30.4597,28.4886,52.2393
54.802,36.9905,50.0835
34.449,44.8631,51.4897
41.3332,24.763,50.3291
49.1949,46.3899,50.5653
28.3723,35.5001,52.2659
48.995,32.3821,48.7829
39.0003,49.6247,51.8112
35.2872,27.407,52.0028
53.0067,41.2758,50.7943
31.2782,41.8073,51.1002
44.2324,27.9836,49.1876
46.3893,50.045,51.6461
29.6504,31.3963,52.0941
52.3533,35.6418,49.6241
35.6286,47.6877,52.2788
39.2678,24.9291,51.0071
51.2018,45.2771,50.8852
29.9419,37.6354,51.08
48.0274,30.0507,49.1038
42.0329,49.6875,52.1833
32.1031,27.5889,52.0749
53.5077,38.488,50.2644
33.4698,42.9488,51.5706
42.5287,25.5923,50.0046
48.3869,47.4436,51.8154
28.1647,33.8043,52.4868
50.4746,33.6159,49.2888
37.782,47.8117,51.9778
36.43,26.0019,51.9217
53.0316,43.3964,51.3229
31.6324,39.6532,51.1054
46.1319,28.0556,49.4078
44.5263,49.0784,51.9909
30.86,29.5751,52.0642
54.5462,35.77,50.5623
34.35,46.0285,52.1083
40.6711,23.9574,51.2347
49.4574,45.1929,49.9495
28.7903,36.515,52.3914
48.7591,31.3749,49.3027
40.0426,49.6178,52.1594
34.2395,27.0871,52.1911
52.7446,40.201,50.7855
32.3582,42.3202,51.3254
43.9558,27.0336,49.7054
46.952,48.9607,51.9475
29.6523,32.4737,52.4522
51.2381,35.3207,49.6871
36.3212,48.4535,52.597
38.5116,25.6872,51.8223
52.1868,44.7966,51.846
31.3744,37.7433,51.0518
47.1645,29.4709,49.7272
43.0511,49.8933,52.7219
31.2017,27.6194,52.7373
54.3436,37.965,50.8012
33.5216,44.3537,52.1299
41.3532,25.7099,50.6616
48.4129,46.3861,51.2999
29.0266,34.6452,52.5023
49.3804,33.309,49.3332
38.4018,48.636,52.6888
35.9345,26.8935,52.5853
53.2041,42.225,51.1975
31.9294,40.8301,51.2506
45.0326,27.933,49.9309
45.3174,49.9093,52.6051
30.9608,30.9012,52.1712
53.0981,35.3751,50.6829
35.2157,46.5333,52.7603
39.7359,24.2594,51.7495
50.1471,45.3112,51.0225
29.6296,37.1318,52.3264
49.0387,30.3118,49.7867
41.0826,49.3208,52.5558
33.1385,27.5226,52.5722
53.3594,39.095,51.2021
31.8996,43.262,51.6441
43.3307,26.0665,50.4902
47.803,47.762,52.7194
29.6184,33.6949,52.7771
50.366,34.7604,50.0165
36.9357,47.471,52.6001
37.6194,26.409,52.1511
52.1229,43.7052,51.7266
31.9012,38.6468,50.8487
47.0562,28.358,49.861
44.2266,49.6933,52.8263
31.0223,28.9271,53.0885
54.2798,36.7666,51.0217
34.1711,45.0983,52.8238
41.0323,24.921,51.3583
48.4925,45.4121,50.6081
29.1596,35.6278,52.9895
49.0341,32.2282,49.9116
39.4331,48.7758,52.538
34.9506,26.9243,53.0007
53.577,41.1939,51.6017
31.7938,41.6497,52.0793
44.1331,27.955,50.4792
46.0233,48.8506,52.5363
30.3829,31.7327,52.7625
52.0829,34.9619,50.5522
35.7631,47.7816,53.4129
39.4048,25.2367,52.1238
50.881,44.9982,51.9567
30.7064,37.8629,51.9962
48.0889,29.9049,50.2036
41.8343,50.002,53.3629
32.2725,27.2598,53.159
54.3191,38.7375,51.63
32.7865,43.5768,52.3672
42.271,26.0656,50.9533
48.1279,46.6454,52.5756
28.9462,34.0272,53.5063
49.5063,34.1096,50.1012
37.8805,47.5641,53.0105
36.9602,25.9528,52.9215
52.2099,42.5199,51.6217
32.7307,39.7882,51.0957
46.068,27.7497,50.4573
44.4972,48.5212,52.915
30.819,29.9784,53.0294
53.9756,35.5154,51.5184
34.1673,46.1835,53.3738
40.4477,24.876,52.2921
49.2428,44.6202,50.8083
29.4928,36.5852,53.194
48.7632,31.2757,50.3823
40.2981,49.2951,53.282
34.2907,27.7518,53.1332
53.4384,40.0706,51.6801
32.371,42.515,52.4212
43.565,27.0698,50.9851
46.7936,48.0134,52.4602
30.4774,32.9165,52.9212
51.1601,34.1562,50.4589
36.8138,48.0988,53.5949
38.0556,25.3914,52.805
51.5779,44.3554,52.6653
31.9813,37.833,51.8719
47.9146,28.8568,50.4967
43.2384,50.1383,53.7452
31.9346,28.3186,53.3604
54.3629,37.57,51.8927
33.1709,44.565,53.2156
41.5169,26.1945,51.7068
48.5366,45.5581,52.0503
29.5636,34.9648,53.7757
48.8235,33.256,50.3595
38.8779,48.0109,53.3829
35.8321,26.3616,53.6298
52.6499,41.6113,52.0095
32.9173,40.9595,51.8206
45.1625,27.8816,51.1292
45.5914,49.228,53.375
30.8572,30.9829,53.3665
53.0503,35.0048,51.7631
35.0602,46.8433,53.7006
39.7841,24.7154,53.0718
49.7024,44.6979,51.8306
30.5161,37.274,52.9896
48.9426,30.2597,50.9175
41.7635,48.9444,53.4246
33.4382,27.0074,53.4933
53.6197,39.2398,52.3372
32.0806,42.9153,53.3124
42.5721,27.0477,50.9176
47.246,47.0557,52.0852
29.9143,33.4432,53.8499
50.2006,34.0698,51.0265
37.4137,47.1647,53.8527
37.9338,26.4445,53.2185
51.2047,43.4259,52.2177
32.7988,38.7511,51.6939
47.1136,28.2669,50.9989
43.5261,48.9224,53.5084
31.3911,29.2163,54.0268
53.9626,36.481,52.2922
33.6071,45.2866,53.8315
41.3551,25.3479,52.331
48.0147,44.8696,51.431
29.8678,35.9668,54.0803
48.7259,32.4715,51.0913
39.8625,48.3876,53.6965
35.056,27.5742,53.8926
52.3772,40.7038,51.6418
32.3617,41.2246,52.8328
44.2263,27.7433,51.5622
45.8323,48.0485,53.0929
31.1898,32.2032,53.2562
52.0606,34.4108,51.5301
35.9203,47.2351,54.3197
39.0502,25.4843,53.1469
50.4133,44.1503,52.4673
31.5469,37.5989,53.0047
48.1152,29.8689,51.3869
42.3932,49.7565,54.2931
32.6442,27.7043,54.2079
53.7012,38.2281,52.635
33.1666,43.491,53.4786
42.5603,26.5961,51.9824
47.2791,45.6913,52.1625
29.8224,34.2474,54.6319
49.0138,34.1213,51.1343
38.0928,47.9284,54.004
36.9528,26.6556,53.7069
51.3885,42.3473,52.2958
32.9985,39.7741,52.1638
46.0941,27.8201,51.7821
44.83,49.1137,54.0808
31.7634,30.1974,53.4814
53.4859,35.4698,52.782
34.9805,45.6726,53.9935
40.4218,25.5225,53.1869
48.7308,43.9814,51.5248
29.9759,37.1615,54.1637
48.5737,31.6177,51.6385
40.9778,48.8079,54.1288
34.3814,26.8578,54.1318
52.5336,39.6731,52.0952
32.2757,41.9443,53.6211
43.2146,28.0592,51.3532
46.9766,47.3088,53.2857
30.8008,32.7813,53.9961
50.8403,34.6933,51.5775
36.781,47.2955,54.8163
38.2921,25.4039,53.9877
51.1125,43.666,53.2835
32.073,38.534,52.7739
47.9591,28.7668,51.6427
43.3156,49.2253,54.5726
32.6237,28.7752,54.0233
53.9376,37.289,53.1952
33.2905,44.3996,54.4975
42.4519,25.7978,52.7049
47.9251,44.7813,52.6217
30.1548,35.1556,54.8924
48.3096,33.3982,51.3975
39.2231,47.8001,54.4747
36.0243,27.3503,54.205
51.465,41.2551,51.866
33.3782,40.7301,52.7421
44.8632,28.7273,51.7926
45.9494,48.4929,54.0497
31.8959,31.4639,53.7586
52.2976,35.2361,52.6078
35.709,46.2286,54.5996
39.9353,25.6922,54.1768
49.269,43.9259,52.4853
30.8717,37.6665,53.897
48.7129,30.5852,51.9951
42.0659,48.5693,54.3105
33.8381,27.713,54.3136
52.7643,38.4153,52.1619
32.5687,42.7097,54.2573
42.1362,27.6858,51.9302
46.4085,46.2554,52.9678
30.346,33.3204,54.7999
49.7,34.6126,51.9252
37.8956,47.2735,54.8783
37.7302,26.2496,54.2877
51.3683,42.5922,53.3819
33.1655,38.765,52.6986
46.2011,29.2646,51.3327
44.1115,48.3667,54.3961
32.4742,29.7286,54.4666
53.1995,36.5378,53.0661
34.0568,45.0603,54.7915
41.5136,25.9788,53.3763
47.6812,43.7825,51.7764
29.9737,36.1716,55.084
47.8868,32.4489,52.0321
40.2573,48.1188,54.6006
35.3772,26.6583,54.8212
51.8797,40.4113,52.7955
33.4106,41.7397,53.2846
43.7074,29.1797,51.6174
46.1325,47.2983,53.9814
31.6682,32.2306,54.3745
51.4952,34.5267,52.5277
35.8624,47.0933,55.3837
38.8801,26.2046,54.1643
50.0155,43.3158,53.0199
31.6072,38.5197,53.8847
48.121,29.83,52.5268
42.3723,49.0815,55.2526
33.1032,28.3966,54.85
52.7606,37.9743,53.1505
33.5065,43.3126,54.7046
42.0127,26.8735,52.9384
46.4485,45.002,52.2832
30.189,34.4462,55.7142
48.5037,34.4356,52.0631
38.499,48.1317,55.0977
37.0176,27.0766,54.7406
51.068,41.4727,52.9109
33.3618,39.6909,53.1328
45.8116,28.7922,52.2392
45.2934,47.8774,54.6486
31.9734,30.7716,54.6527
52.7105,35.4302,53.558
35.3626,45.0407,54.8996
40.7337,26.4482,53.8483
48.5699,43.0797,52.0906
30.8152,37.3687,54.9341
47.5454,31.3683,52.0219
41.3634,47.7179,54.5244
34.5232,27.3273,55.0714
52.1125,39.2225,53.0784
32.8489,41.3153,54.4031
42.8171,28.8297,52.1234
46.9898,46.4644,53.9531
31.3873,32.9726,55.1182
50.4925,34.2196,52.6236
37.1423,47.3138,55.9248
38.4106,25.8379,55.084
50.4619,43.008,54.0884
32.7473,38.2371,53.674
47.1109,29.4221,52.1234
43.7289,48.5474,55.3531
33.1521,29.343,55.3927
53.1673,37.2009,53.9433
33.975,44.0241,55.4462
42.4272,26.184,53.8656
46.6223,43.9498,52.1517
30.0389,35.6712,56.0064
47.8127,33.4345,52.4699
39.7631,47.6303,55.4077
36.1024,27.3557,55.3974
50.8621,40.4159,52.4237
33.6959,40.4732,53.7681
44.4284,29.8914,52.175
46.1573,47.6514,55.1358
32.8612,31.3898,54.2242
52.3065,34.3949,53.295
35.5939,46.1751,55.8539
39.9597,26.9707,54.4077
48.8721,42.9746,53.0971
31.8087,37.6937,54.5157
48.0113,30.7821,52.8757
42.4692,47.7472,54.9268
34.1426,28.4989,55.2524
51.7877,38.116,52.7093
33.3546,42.249,55.0216
42.609,27.8357,52.9888
46.8425,45.0461,53.4594
31.2921,34.0569,55.3811
49.6175,35.3029,52.8822
38.1938,47.5075,56.1374
37.9899,26.7827,55.3082
50.8147,41.9452,53.9239
33.8928,38.8249,53.5371
46.0704,29.9699,52.606
43.8873,47.5948,55.0483
32.5629,30.2511,55.4176
52.9781,36.2201,54.5277
34.8406,44.7292,55.7834
41.5912,26.236,54.4287
47.6148,43.2937,52.843
30.914,36.4276,55.6248
47.1163,32.7011,52.8394
40.5495,46.926,54.7809
35.1672,26.9504,55.8053
51.2649,39.9578,53.5402
33.8777,41.4599,54.2059
43.6291,29.2466,52.7011
46.4359,46.6379,54.8876
32.6083,32.5772,54.7914
51.1188,33.841,53.5871
36.185,46.6919,56.8788
38.8631,27.1552,54.7921
49.5105,42.7067,53.9216
32.2626,38.6342,54.9732
47.1157,30.0984,52.9284
42.9784,48.2284,56.103
33.3008,28.7402,56.2148
52.1817,37.625,53.9616
33.7223,43.0054,55.7571
42.097,27.3433,53.9674
46.2814,44.0972,53.2462
30.9787,34.525,56.5097
48.4258,34.4466,53.2428
38.8578,46.92,55.5559
37.0711,27.337,55.8548
50.4974,40.9098,53.7241
34.7826,39.3656,53.4553
44.9144,29.1938,52.8853
44.879,46.9931,55.0136
32.9715,31.2933,55.3089
52.4854,35.2641,54.6196
36.0307,45.1402,55.8672
40.5589,26.3289,55.0655
47.964,42.2055,52.8156
31.8213,37.0153,55.4812
47.5606,31.7671,53.2477
41.661,46.8916,55.0633
35.231,28.0853,55.9416
51.4064,38.7218,53.6113
33.271,41.345,55.6376
42.5583,28.8625,53.2057
46.4208,45.671,54.3001
32.2426,33.6193,55.2642
50.3204,34.6189,53.6351
37.2755,47.007,56.9521
38.6124,26.5709,56.1087
50.1779,42.1917,54.778
33.1611,39.2085,54.4093
46.1662,29.5165,53.5974
43.8926,47.7117,56.11
33.0583,29.7398,56.4275
52.2167,37.0326,54.8568
34.3327,43.7452,56.449
42.4862,26.5052,55.0761
46.5158,43.0435,53.1188
30.9566,35.8277,56.5496
47.5912,33.5522,53.5938
39.8085,46.3357,55.225
36.1761,26.9702,56.5581
50.398,39.2907,53.7409
34.5146,40.2271,54.3534
44.2074,30.0458,53.1848
45.7005,46.7719,55.6507
33.5961,32.2517,55.0567
51.6674,34.7672,54.0648
35.8425,45.6745,56.8141
39.7091,27.038,55.4524
48.865,41.8227,53.5703
32.657,37.7017,55.1117
47.7301,30.7751,53.9304
41.8628,47.8707,55.8133
34.4485,28.7451,56.3625
51.115,37.4791,53.5294
33.6142,42.1094,56.2747
42.9053,28.0074,54.2348
46.7517,44.6926,54.4858
32.046,34.2645,56.1181
49.2295,34.7646,54.0187
38.6606,46.678,56.8627
37.745,26.9283,56.5259
50.5273,41.03,54.8397
34.2804,39.213,54.45
45.5497,30.4365,53.351
44.2453,46.7007,55.7757
33.2694,30.8561,56.3273
51.881,36.1223,54.5555
35.6415,44.3859,56.8211
41.578,26.1494,55.7214
47.4334,42.654,53.7471
31.9142,36.2161,56.157
47.2631,32.6414,53.8834
40.8432,46.2764,55.5368
35.9048,28.0445,56.7589
51.0442,39.4072,54.5611
34.0595,40.8182,55.0946
43.2086,29.6468,53.6282
46.2223,45.6976,55.4164
33.3865,33.1993,55.4553
50.7989,34.3448,54.5964
37.0858,45.9664,56.9126
39.0812,27.8329,55.8275
49.2105,41.9089,54.6279
33.3144,38.5147,55.2091
46.7353,30.5581,53.829
43.0521,47.2931,56.7441
34.1607,29.7659,56.5307
51.2211,37.2489,54.5774
34.3612,42.6186,56.8779
42.421,27.6527,55.1767
46.7377,43.5334,54.0716
31.8583,35.118,56.99
48.682,33.6633,54.0191
39.5415,46.4391,56.2992
37.0303,27.5749,57.1079
50.1067,40.148,54.2596
35.2928,39.5633,54.5253
44.9113,29.5885,53.8326
44.89,45.7563,55.1983
34.014,31.468,55.6567
51.5509,35.1422,55.079
36.7247,44.4366,56.541
40.7417,26.549,56.2063
47.8232,41.6537,53.723
32.6764,37.2567,56.0522
47.0674,31.626,54.1445
41.6619,46.7456,56.2591
35.5515,29.145,56.4346
50.5503,38.4122,54.2362
34.4568,41.7607,55.7072
43.4675,28.9341,54.3952
46.666,44.6276,55.5653
32.741,33.4438,56.2884
49.8212,33.8294,54.276
37.9276,46.1646,57.5458
38.5541,27.4254,57.0185
49.7127,41.4935,55.5215
34.1079,39.404,55.5561
46.194,30.1124,54.6862
43.9684,46.685,56.9057
33.8329,30.5505,57.3532
51.5413,37.0241,55.8244
35.3289,43.2559,57.3466
42.2174,27.1731,56.1087
46.4703,42.1808,53.886
32.1639,36.2543,57.1682
47.5215,33.2477,54.6455
40.3763,45.4406,56.2287
36.4196,27.812,57.9462
50.0353,39.3347,55.0881
35.2282,40.7068,55.072
43.9389,30.388,54.3783
45.1865,45.739,56.3311
34.0497,32.3355,56.174
50.5848,35.4848,54.5902
36.409,44.8009,57.5844
39.9936,27.5153,56.2942
48.1457,42.1937,54.7566
33.6079,37.4873,55.4856
47.2634,30.9617,54.9661
42.0715,46.8833,57.1632
34.8605,29.2897,57.2906
50.0382,37.3641,54.3885
34.7229,41.5855,56.8118
42.296,28.6278,54.7743
45.7641,44.0332,54.7778
32.4746,34.1681,57.1988
48.8544,34.3785,54.9458
38.6219,45.5577,56.8271
37.9201,28.2922,56.5813
49.5025,40.4088,55.2038
34.85,38.6827,55.2797
45.085,30.7931,54.254
43.7213,45.8168,56.122
34.2235,31.2653,56.7147
51.0168,36.2387,55.2371
36.3303,43.5805,57.1242
41.0809,27.6442,56.1961
47.0602,42.572,54.7429
33.1608,36.3576,56.2865
47.9451,32.1778,54.7139
40.6954,46.3893,56.7791
36.1707,28.7247,57.4996
49.4698,38.6112,54.4032
34.7977,40.7921,56.0498
43.0119,29.7615,54.8718
45.6261,44.8426,55.5897
33.4711,33.049,57.0304
49.9187,34.6599,55.1834
37.6549,44.9704,57.5341
39.2782,28.2102,56.7866
48.5932,41.2492,55.1535
33.9818,38.3231,56.0224
46.151,31.1569,54.6239
42.9168,46.2178,56.7216
35.0641,30.3335,56.8959
50.401,37.1246,55.3756
35.6601,42.2993,56.774
41.8082,28.3913,55.7274
46.0538,42.9638,54.8402
32.8717,35.3676,56.7557
48.512,33.2222,55.1018
39.6892,45.3259,57.0086
37.3641,28.5397,57.6272
48.9969,39.6244,54.7327
35.2285,39.7221,55.5764
44.8455,29.8114,54.8467
44.4455,44.991,56.0938
34.0935,32.1624,57.2515
50.5599,35.3189,55.678
37.2988,43.9541,57.3374
40.539,28.4255,56.6144
47.2223,41.4337,54.67
33.7764,37.2376,56.6111
47.0552,31.9477,55.193
41.9226,45.8501,57.0994
35.9991,29.8946,57.1225
49.4108,37.6408,55.2178
35.6829,41.3456,56.3029
42.7726,28.9344,55.7067
46.139,43.7289,55.8106
33.608,34.2574,57.2979
49.503,33.7172,55.6722
38.7484,44.9315,57.6617
38.6178,28.3488,57.5754
48.4022,40.2543,55.3228
34.6286,39.0373,56.3494
45.5041,30.6714,55.4438
44.1018,45.3569,57.1554
34.7344,31.2805,57.6882
50.3997,36.2297,56.2118
36.6874,42.677,57.4776
41.7594,28.153,56.762
46.185,41.9772,55.1381
33.3107,36.2975,57.4197
47.4476,32.7949,55.583
40.805,45.2904,57.529
36.9947,29.4643,57.0998
49.2184,38.7757,55.4157
35.8418,40.3293,56.0399
43.8771,29.4468,55.4064
45.2172,44.0923,56.6387
34.0756,33.0646,57.8851
49.3919,34.6684,56.2619
38.1094,44.0232,58.1934
39.655,28.4571,57.8234
47.4251,40.7184,55.681
34.6276,38.0751,57.0644
46.3407,31.4096,55.7179
42.4844,45.0432,56.8471
35.7021,30.8451,57.6925
49.5158,36.91,56.0653
36.1608,41.4532,57.2829
42.779,28.4646,56.8493
45.9723,42.5385,55.9248
33.7267,35.2972,57.6165
48.252,33.1748,56.2132
39.9966,44.9479,58.3428
38.0168,29.2414,57.2409
48.778,39.4979,56.1529
35.657,39.3634,56.5787
44.9789,29.8045,55.9088
44.3134,44.2334,57.1891
34.9401,32.2893,58.0397
49.5303,35.6915,56.6815
37.7398,42.9628,57.865
40.9274,28.3939,57.6805
46.3195,40.8837,55.3514
34.0152,37.0723,57.6784
46.9683,32.05,56.2835
41.761,44.7853,57.631
36.7566,30.7548,57.3855
48.9949,37.7459,56.3582
36.6487,40.6941,56.7588
43.2672,29.7578,56.3971
45.9092,43.3164,57.1013
34.0644,34.2833,58.2409
49.2255,33.8363,56.8482
39.4324,44.0283,58.6134
39.1004,29.3858,57.3608
48.1135,40.3487,56.4473
35.0176,39.1821,57.3805
45.8818,30.185,56.2863
43.2466,44.4452,57.3341
35.7116,31.5485,58.5657
50.1271,36.4198,57.245
37.2781,41.8439,57.8995
41.9647,28.9369,57.5493
45.797,41.4008,56.0806
34.5668,36.0314,58.015
47.9985,32.1103,56.4921
41.1149,45.2028,58.5378
37.8749,30.3647,57.3903
48.2538,38.6357,56.6202
36.6542,39.6066,56.6587
44.1967,30.4442,56.3401
45.2247,43.8448,57.8761
34.7885,33.1352,58.712
48.9571,34.7926,57.2717
38.7954,43.149,58.5556
40.3217,29.3251,57.5522
46.8398,40.4576,56.6596
34.6458,38.3911,58.0412
46.0383,31.5234,56.7509
42.2541,43.9358,57.1428
36.7526,31.5428,58.2837
49.0446,36.8136,57.1827
36.9324,40.691,57.8191
42.4679,29.8225,57.1508
46.223,42.2055,57.0129
34.3661,35.1817,58.6762
48.5685,32.8437,57.2187
40.427,44.2387,59.103
38.5894,30.0809,58.1847
48.4678,39.5261,57.2238
36.0459,39.4818,57.5594
45.1749,30.5131,57.0619
44.161,43.625,58.0523
35.917,32.6048,58.4767
49.861,35.4845,57.6978
37.9923,42.6066,58.9643
41.1341,29.1609,58.3852
45.6761,40.41,56.1956
34.894,37.1871,58.4729
46.7632,31.9972,57.56
41.6053,44.0319,58.4721
37.6896,31.7897,57.6313
48.2816,37.4843,57.0626
37.7483,40.3531,57.2514
43.7642,29.8714,57.2976
46.0845,43.0417,58.0913
34.8437,34.2346,59.0286
49.0382,33.4265,57.9857
39.5072,43.7314,59.6699
39.7495,30.2251,58.0565
47.3799,39.7858,57.3828
35.619,38.7508,58.2513
45.0692,31.5558,56.9705
43.4206,43.2201,57.3534
36.4588,32.0096,59.2367
49.5209,36.458,58.1339
38.38,41.7303,58.2797
42.025,29.737,58.179
45.4218,41.4199,57.143
34.9898,36.1799,58.9807
47.853,32.1222,57.5623
41.4525,44.0893,59.4963
38.0881,31.1007,58.3037
48.0036,38.3009,57.6742
37.0851,39.6438,57.9276
44.165,31.0476,57.2684
44.849,42.7877,57.9055
35.7387,33.7233,58.5661
49.2421,34.7359,58.34
38.953,42.6602,59.5728
40.929,30.1766,58.0284
46.1985,39.5862,56.9959
35.2559,37.8662,59.1542
45.7234,32.4834,57.4102
42.7902,43.659,58.1814
37.5486,32.0865,58.7367
48.6178,37.2276,58.0805
37.5692,40.9602,58.6796
43.0267,30.282,58.0104
45.7332,41.9382,58.101
35.2646,35.2139,59.4254
47.9615,33.2328,58.0588
40.6444,43.3433,59.5793
39.1955,31.0213,58.3832
47.758,39.1958,58.1983
36.7452,38.8646,58.4469
44.9968,31.3367,57.9782
43.8539,42.523,58.203
36.546,33.2853,59.1772
48.6891,35.6945,57.781
38.4328,41.6469,59.3655
41.2981,30.098,59.0877
45.5928,40.4182,57.3985
35.8102,36.8536,58.8889
46.5934,33.0061,57.5353
41.989,43.2485,59.1415
38.605,32.0381,58.1298
47.1691,37.3628,57.5168
38.0313,39.9489,58.3786
43.9915,30.5606,58.3861
45.0742,42.3352,58.8611
36.0748,34.3709,59.3324
48.3993,34.0661,58.6458
40.0207,42.5277,59.9687
40.5007,31.2442,57.8079
46.7258,38.8795,57.6894
36.2489,38.012,58.7796
44.7893,32.5415,57.9532
42.8412,42.2992,57.4188
37.3756,33.2123,58.5101
48.5048,36.3442,58.6357
39.0945,40.9141,58.8241
42.0241,30.795,58.2897
46.249,41.0002,58.4252
35.8591,36.0986,59.7975
47.1411,32.6576,58.3605
41.1513,43.0358,58.5834
39.0139,31.7093,59.2377
47.843,38.1555,58.6884
37.3465,39.3885,59.1202
43.7928,31.5341,58.3474
44.6369,41.7476,57.7773
36.8357,34.3985,58.6159
48.2369,35.0889,58.7839
39.4115,41.8334,59.217
40.9545,31.0599,58.7429
46.5582,39.8963,58.1516
36.2484,37.2899,59.8193
46.1137,32.2164,58.5305
42.6473,42.6139,58.4395
38.3403,32.5818,59.2994
47.6761,37.0282,58.7957
38.207,40.4329,59.4691
42.9187,30.9127,58.8328
45.1814,41.0915,58.5236
36.4454,35.5481,58.9627
47.3478,34.0159,58.7383
40.5103,42.29,59.0301
40.0248,31.7568,58.7471
46.9643,38.856,58.8423
36.9694,38.4171,59.4524
44.9772,31.8592,58.9017
43.4916,41.5828,57.9262
37.4866,33.9151,59.3335
47.3188,35.6886,58.5414
39.0326,41.0175,59.9447
41.8788,31.4975,59.2062
45.6071,40.0531,58.4916
36.8866,36.6266,59.3673
46.3405,33.2912,58.8197
41.6687,42.1156,59.0608
39.3627,32.5802,58.8154
46.817,37.8358,58.4614
38.3168,39.3302,59.4646
44.0799,31.4684,59.3355
44.2047,41.1665,58.9204
37.1849,34.8518,59.65
47.2728,34.8336,59.3443
40.2097,41.4144,59.827
41.0628,32.1536,58.4531
45.8678,38.9104,58.3873
37.4735,37.3882,59.0408
45.3646,32.8421,59.1903
42.4332,41.5623,58.3351
38.5629,33.6933,58.8736
46.6809,36.6938,58.4165
38.999,39.7296,60.352
42.8296,31.5184,59.7224
44.5743,40.0752,58.7161
37.5902,35.7589,59.2532
46.3386,34.33,58.9752
40.4572,41.0506,58.89
40.3951,32.6354,59.3918
46.2128,38.2656,59.2955
38.0192,38.2531,59.6356
44.3535,32.5759,59.6132
43.1316,40.6633,58.5131
38.2907,34.7175,59.0764
46.2375,35.7072,58.7179
39.8231,40.279,59.6011
42.0476,32.5085,58.6385
44.8291,39.1832,58.1091
37.9053,36.7667,59.821
45.3263,33.8924,58.623
41.4782,41.0227,59.1472
39.8576,33.4773,58.8369
46.2245,36.998,59.3515
38.8994,38.6127,60.2205
43.372,32.2649,59.1681
43.6217,39.8987,59.1203
38.3876,35.4527,59.9163
46.2571,35.0905,59.8343
40.8424,40.7859,60.3189
41.0583,33.2474,58.6464
45.1788,38.7158,59.263
38.6326,37.393,59.0496
44.3303,33.2616,58.671
42.0737,40.522,58.1664
39.2672,34.3104,59.693
45.5842,36.6381,58.5519
39.7008,39.212,59.6985
42.609,32.6875,59.9239
43.8332,39.6378,58.1068
38.9334,36.395,59.2822
45.5219,34.9605,58.9316
40.8964,40.0769,59.3741
40.6982,33.8716,59.4941
45.2983,37.9426,58.5145
39.5242,38.0129,59.4079
43.6265,33.3894,59.4709
42.7322,39.6865,58.3423
39.2033,35.3231,59.2941
45.4446,35.8975,59.3733
40.4051,39.6966,60.3925
41.7016,33.4837,59.5172
44.305,38.3514,58.3923
38.9281,37.0805,60.0217
44.5819,34.4322,59.1293
41.9885,40.1039,59.2778
40.1355,34.5474,58.8331
44.9956,37.1675,59.4098
39.9714,38.5576,60.5347
42.6228,33.5637,59.0227
43.3716,38.832,58.7915
39.3511,36.054,60.2865
45.0295,35.1205,59.9557
41.5805,39.8614,60.2112
41.3885,34.2325,58.5115
44.3154,37.3382,58.6082
40.0147,37.3653,60.2014
43.743,34.1401,58.6071
42.4063,39.0737,59.2905
40.1442,35.147,59.8261
44.4725,36.1184,59.111
41.3882,38.9113,60.8025
42.0781,34.4544,59.3219
44.1767,38.2479,59.5
39.9622,36.5191,59.5294
43.6937,34.873,59.5631
42.4442,39.2015,60.3751
41.0342,35.0672,59.1473
43.9322,37.0756,59.6317
40.9584,37.7994,60.4376
42.7254,34.5764,58.5394
43.1663,38.3092,59.9028
40.7592,36.0715,60.0782
43.9767,35.8219,60.026
41.473,38.5699,59.8657
41.8287,35.2511,58.4144
43.2383,37.748,58.995
40.8944,37.0379,59.6337
43.6057,35.3537,58.5461
42.221,38.0249,59.3008
41.3131,36.2318,58.9594
43.1694,36.6673,59.071
41.8591,37.2387,60.3701
42.3088,35.5985,59.2843
42.8537,37.1779,59.9253
41.9337,36.3046,60.0224
31.5,33.5,38.5
40.2994,35.2286,37.6892
38.5,35.5,31.5
42.6446,40.1758,53.55
41.5,41.5,31.5
46.5449,35.0332,35.5085
46.1764,34.4352,36.3372
40.5,28.5,39.5
46.5458,39.8111,50.1045
47.6198,45.0286,43.652
44.0707,37.8157,40.292
37.5,32.5,30.5
43.2199,43.9591,40.321
41.5,36.5,50.5
49.5,44.5,34.5
48.5,34.5,42.5
46.1674,42.6785,49.5233
36.5,36.5,37.5
31.5,31.5,35.5
39.5,37.5,30.5
46.633,35.8326,34.8665
40.9953,40.6339,43.7513
31.5,34.5,34.5
42.5,32.5,40.5
45.5,35.5,30.5
35.5,42.5,42.5
40.6533,41.209,47.0757
32.5,31.5,36.5
35.5,47.5,47.5
44.5,45.5,41.5
42.2188,33.7125,53.362
36.5,46.5,36.5
48.0569,39.606,32.9658
42.5,33.5,42.5
32.5,40.5,40.5
39.5,37.5,34.5
45.0496,34.2973,39.8362
40.5,41.5,48.5
47.1186,44.6201,44.4793
33.5,35.5,34.5
47.4968,44.7051,39.9014
46.1388,42.9146,46.882
36.5,37.5,41.5
43.7099,34.2554,43.376
40.5,41.5,40.5
38.5,41.5,47.5
46.5,40.5,33.5
41.5,43.5,28.5
39.5,48.5,45.5
44.0318,44.122,42.619
38.5,44.5,46.5
39.6974,32.0068,42.5651
44.0424,36.6875,45.5816
45.6568,33.3029,38.0134
39.5,27.5,37.5
34.5,44.5,33.5
31.5,39.5,36.5
30.5,33.5,35.5
33.5,44.5,34.5
36.0514,29.871,55.5692
46.5,43.5,33.5
42.5,38.5,47.5
41.5,43.5,50.5
35.8538,50.0866,40.8753
45.2078,32.688,38.7611
35.5,42.5,31.5
41.0205,30.9804,55.4879
41.8107,37.0333,45.9603
48.5,35.5,40.5
35.5,34.5,37.5
34.5,36.5,48.5
38.5,42.5,49.5
40.978,47.686,45.3587
42.7827,35.4979,52.6656
46.5,41.5,37.5
36.9895,32.7782,54.2684
42.5,39.5,39.5
30.5,40.5,42.5
41.9902,36.6148,41.6538
48.5,31.5,40.5
39.5,45.5,38.5
42.1743,42.2504,49.3641
48.5,39.5,41.5
38.5,34.5,48.5
40.5674,36.3121,48.6511
40.5,46.5,35.5
40.6697,33.741,55.1555
41.692,42.0599,51.3599
46.1319,45.1008,38.0122
40.3096,34.2804,38.0363
35.5,46.5,32.5
49.9743,41.793,34.1062
50.3356,44.6054,42.8648
46.5,32.5,45.5
39.5,43.5,40.5
39.5,30.5,36.5
49.5,39.5,37.5
38.9185,33.0485,53.5049
39.5,39.5,39.5
45.5471,37.3917,35.8397
43.5327,37.669,53.9598
36.5,51.5,40.5
44.5,34.5,31.5
46.5,41.5,38.5
44.6375,44.5654,46.2631
37.5,45.5,46.5
43.5,30.5,39.5
40.8132,42.0614,54.4418
48.4059,44.8446,38.0259
43.5,47.5,33.5
43.2376,33.9165,45.3851
38.5,30.5,34.5
40.5,32.5,46.5
31.5,36.5,48.5
47.6752,41.5014,31.2409
40.5,42.5,51.5
39.7165,39.8571,48.9518
47.5,37.5,39.5
43.5,29.5,34.5
44.7178,38.8625,37.4446
38.5,43.5,34.5
44.5761,40.2606,49.5388
37.5,39.5,37.5
32.5,38.5,46.5
44.2797,46.4426,41.917
37.5,32.5,34.5
41.5,41.5,33.5
44.819,33.0846,41.5511
43.5,32.5,42.5
30.5,36.5,44.5
49.5,42.5,40.5
48.5,35.5,39.5
35.5,44.5,43.5
36.6748,30.4397,53.008
47.0823,39.1147,35.4876
36.5,29.5,37.5
46.5,47.5,45.5
34.5,29.5,35.5
27.5,41.5,39.5
43.5963,36.3276,38.5714
48.5318,43.1202,44.2279
49.3432,40.3761,31.5084
43.5,48.5,38.5
45.8266,36.8053,33.1776
40.5,37.5,46.5
32.5,35.5,33.5
29.5,43.5,34.5
48.2299,45.4464,42.9003
38.5,31.5,30.5
45.646,38.8344,41.1907
41.5,33.5,42.5
39.5,45.5,39.5
39.4687,47.8378,36.481
44.5,42.5,31.5
28.5,40.5,35.5
45.5,43.5,41.5
32.5,48.5,40.5
32.5,49.5,42.5
46.5,44.5,40.5
37.9723,32.8139,53.8457
44.0824,41.4625,49.7584
47.3775,40.9508,30.4522
43.0622,40.3808,52.5854
35.5,43.5,50.5
43.5,44.5,33.5
41.5,42.5,45.5
39.5,42.5,36.5
51.5,41.5,36.5
45.5,31.5,34.5
41.8018,36.4922,35.4685
36.4784,45.0805,45.4595
41.6166,31.7753,55.4504
34.5,31.5,43.5
36.5,35.5,40.5
40.5,49.5,33.5
42.9933,40.9868,47.1695
40.5,48.5,40.5
41.5,30.5,31.5
44.5,38.5,37.5
47.5,43.5,35.5
39.5,48.5,46.5
47.1564,43.4068,36.8913
30.5,33.5,34.5
41.5,46.5,35.5
34.5,37.5,36.5
39.5815,40.2702,55.4327
43.1052,31.9244,45.0115
42.5,48.5,36.5
43.0496,42.874,46.4343
44.5,48.5,43.5
38.5,34.5,40.5
47.3563,43.3617,35.8879
40.5,41.5,42.5
40.5,28.5,40.5
32.5,37.5,40.5
40.5,38.5,49.5
33.5,36.5,30.5
43.6,44.7857,40.7888
46.2228,39.0549,50.6977
41.5,46.5,38.5
36.5,28.5,38.5
35.5,30.5,38.5
43.5201,36.0312,27.1672
41.5,41.5,48.5
39.7866,37.5907,45.6896
37.5,35.5,35.5
38.5,45.5,39.5
43.5,39.5,48.5
42.5,33.5,37.5
42.9174,33.3331,55.2784
29.5,40.5,46.5
47.6782,41.6231,47.965
40.5,39.5,39.5
41.2162,35.64,44.7641
34.5,35.5,38.5
46.5,33.5,32.5
40.5,41.5,47.5
45.8514,44.6621,33.6219
39.3484,39.3963,34.8758
49.9001,41.376,33.2102
39.1677,45.4017,34.9564
37.5,45.5,39.5
43.5,39.5,28.5
45.3854,36.0867,37.3145
30.5,36.5,33.5
48.0155,42.1507,47.1136
48.2188,45.4392,32.3211
33.5,41.5,41.5
39.5,45.5,42.5
51.5,41.5,40.5
35.5,47.5,33.5
38.5,33.5,31.5
40.5,37.5,28.5
39.5,40.5,32.5
44.4363,43.5732,48.1464
48.8735,45.8979,42.2573
41.0219,42.1265,53.3993
41.5,36.5,33.5
44.3622,44.3794,41.6869
37.5,48.5,42.5
32.5,44.5,38.5
43.5538,36.7995,37.6527
40.2403,42.0738,47.188
29.5,40.5,35.5
46.5,41.5,31.5
40.3906,31.3442,54.0308
37.5,46.5,38.5
37.7471,30.9178,55.3366
33.5,45.5,41.5
45.5,45.5,42.5
48.5,34.5,45.5
39.5,28.5,42.5
45.9135,33.8399,37.1637
46.5,46.5,32.5
39.9833,37.8069,36.0587
40.442,31.0648,41.8399
32.5,34.5,41.5
50.5,41.5,37.5
35.5,38.5,45.5
43.5,51.5,40.5
44.6327,39.2942,53.1549
44.4817,42.2217,47.7982
32.5,49.5,38.5
34.5,44.5,39.5
49.5,44.5,37.5
37.9528,46.5521,47.092
41.9952,34.7079,49.8475
36.5,36.5,49.5
33.5,42.5,45.5
39.5,47.5,36.5
38.5,38.5,27.5
41.5954,35.6348,41.764
45.5,43.5,46.5
28.5,42.5,40.5
28.5,43.5,43.5
47.8107,37.3131,36.3132
36.5,32.5,43.5
46.9467,40.4658,49.4391
34.5,32.5,39.5
39.5834,42.9077,45.3349
32.5,48.5,39.5
40.5,27.5,38.5
37.0845,43.6323,46.794
48.1359,42.6998,38.1882
33.5,35.5,45.5
46.5,40.5,38.5
45.5,42.5,43.5
34.5,44.5,38.5
44.4601,35.5729,53.8083
48.2491,40.9149,34.5534
45.1851,42.9389,44.8459
39.5,46.5,46.5
50.5,39.5,44.5
35.5,35.5,45.5
43.5,29.5,39.5
28.5,40.5,34.5
33.5,36.5,38.5
45.058,47.3526,43.4733
42.5,43.5,36.5
44.964,42.8701,38.3908
29.5,41.5,40.5
44.0509,34.8415,54.4227
45.5,35.5,43.5
46.5,37.5,49.5
47.5,36.5,47.5
44.7926,44.8824,45.2643
48.4606,42.8829,45.1927
37.5,36.5,29.5
29.5,45.5,42.5
38.5,50.5,33.5
45.5,45.5,43.5
43.1555,38.7354,34.0683
41.3828,42.504,31.0415
48.187,43.0675,39.1504
41.4807,39.0955,36.3323
33.5,41.5,43.5
33.5,38.5,35.5
44.5,41.5,40.5
42.5,49.5,44.5
37.5,44.5,50.5
32.5,32.5,45.5
29.5,34.5,37.5
45.956,42.025,50.3408
42.5,40.5,51.5
43.2445,41.1409,46.1931
37.0777,49.6043,39.3166
38.5,38.5,37.5
33.5,37.5,44.5
48.5875,43.3012,43.2555
38.5,30.5,32.5
36.5,39.5,35.5
41.5,45.5,46.5
35.5,42.5,41.5
42.8971,39.3799,33.2544
31.5,32.5,39.5
40.5,35.5,45.5
40.1161,30.5591,39.822
41.9325,34.771,36.5329
45.0684,38.9493,34.5984
45.1656,43.6554,36.4628
41.5,28.5,39.5
35.5,38.5,38.5
44.5,39.5,46.5
46.5013,45.2317,37.1103
39.8643,39.7069,45.4713
39.1218,35.8681,43.6389
39.4495,43.9609,47.3425
39.7169,40.7477,45.4047
36.5,39.5,40.5
45.5,39.5,33.5
40.8352,39.6352,43.6652
44.7182,44.5414,40.7282
41.0238,31.6804,41.3126
48.1101,41.865,36.3763
41.3963,42.6706,43.9413
44.7111,39.3673,36.5832
46.5,48.5,42.5
34.5,42.5,44.5
29.5,36.5,39.5
45.5,37.5,41.5
36.1039,48.8732,37.2444
37.5,41.5,32.5
48.6926,44.7722,36.9615
36.5,40.5,49.5
37.5,41.5,42.5
44.5,44.5,34.5
38.512,48.9987,45.4551
35.5,37.5,35.5
39.5,32.5,45.5
43.5803,41.2639,45.2116
43.5578,42.0088,51.8453
37.5,43.5,43.5
42.448,38.6378,41.8761
48.5,35.5,46.5
40.5,29.5,37.5
41.842,31.6789,43.3904
42.7716,42.0508,54.8567
42.7221,43.0905,40.0902
39.5,50.5,35.5
39.5,47.5,34.5
41.8028,41.6958,31.5575
47.5,44.5,46.5
41.3317,42.1656,52.3365
28.5,38.5,34.5
28.5,44.5,39.5
33.5,46.5,41.5
42.2233,40.6726,42.1755
40.5,33.5,45.5
40.5963,44.0557,34.3454
42.5,44.5,29.5
43.144,37.2882,51.9084
43.5,31.5,38.5
33.5,35.5,44.5
44.5,38.5,46.5
35.5,45.5,34.5
33.5,35.5,35.5
44.5,38.5,36.5
41.5,41.5,30.5
39.5,43.5,49.5
36.5,36.5,42.5
41.5,47.5,34.5
49.5,38.5,32.5
40.5,37.5,44.5
44.5,32.5,41.5
48.2093,43.3268,40.1731
32.5,31.5,40.5
31.5,35.5,35.5
37.5,49.5,39.5
42.7805,42.6055,47.3961
31.5,46.5,40.5
41.5,29.5,44.5
36.5,30.5,34.5
41.5502,34.4193,50.7872
39.5,42.5,35.5
48.9884,44.5549,36.0031
35.5,45.5,40.5
43.5,35.5,50.5
41.1526,32.116,43.9966
39.459,43.9431,45.3001
30.5,36.5,45.5
43.4112,38.0518,51.3287
36.5,31.5,47.5
43.7441,35.232,51.3257
41.5,41.5,38.5
47.5,44.5,36.5
41.5277,37.3439,34.9392
43.3653,37.3101,42.2174
37.5,35.5,34.5
42.0596,42.6732,42.1338
44.5,32.5,35.5
30.5,35.5,37.5
42.5,37.5,33.5
45.5,44.5,32.5
40.2641,44.1654,30.4381
47.5,32.5,45.5
46.5,34.5,41.5
34.5,38.5,30.5
37.5,40.5,35.5
44.2994,31.8097,40.3217
41.813,40.1321,40.0803
40.2732,32.4478,38.9363
50.3616,45.3415,45.8086
29.5,36.5,41.5
39.5,42.5,29.5
41.5,35.5,34.5
37.5,47.5,48.5
40.5,36.5,35.5
46.5,41.5,35.5
46.5,30.5,41.5
44.5,38.5,48.5
38.5196,46.0857,35.3679
50.5,40.5,37.5
46.5785,40.0315,35.2428
50.5,42.5,42.5
44.0756,41.68,43.2534
41.371,39.5598,51.7909
40.5,42.5,34.5
38.5,46.5,35.5
44.5,39.5,40.5
43.6436,36.253,46.4083
45.5,37.5,49.5
45.5,43.5,49.5
43.4828,38.2703,34.9157
42.5688,34.5993,53.0564
41.2988,38.1285,40.0251
40.5,45.5,46.5
48.2168,38.4057,29.3625
41.2811,39.9339,35.8353
48.628,35.5827,37.1074
39.5,50.5,42.5
47.5,46.5,42.5
41.1325,36.5503,47.8112
38.5,31.5,48.5
40.5,50.5,40.5
36.5,49.5,44.5
39.5,39.5,50.5
41.5,47.5,31.5
45.7419,42.2632,47.6305
36.5,49.5,43.5
43.7294,37.5255,41.2391
40.139,36.1366,37.1898
44.244,43.1547,49.0486
37.5,30.5,36.5
39.9096,44.7506,34.6583
40.1388,34.5179,45.1885
37.5,50.5,41.5
35.5,33.5,41.5
44.9362,40.9539,48.9063
46.6962,37.9577,30.6523
33.5,30.5,44.5
42.5,34.5,36.5
40.5,36.5,33.5
41.5,36.5,37.5
30.5,32.5,42.5
49.5,42.5,46.5
38.5,28.5,36.5
29.5,36.5,42.5
44.1908,41.8098,42.2737
36.718,48.1983,36.7265
35.5,43.5,49.5
44.4084,37.1368,44.7337
50.5,33.5,40.5
42.5,48.5,37.5
43.5,30.5,45.5
41.6784,35.5512,38.339
42.5,34.5,38.5
42.7764,44.774,34.1262
42.1894,40.1788,49.9784
34.5,42.5,48.5
43.5,32.5,33.5
41.5344,37.3548,37.4767
45.5,46.5,35.5
38.5118,31.5758,55.3493
30.5,40.5,40.5
43.7072,34.5906,42.4024
37.5,37.5,42.5
42.5,35.5,37.5
32.5,37.5,36.5
41.5,46.5,45.5
36.5,39.5,36.5
37.5,31.5,45.5
43.4361,43.5596,44.5374
41.989,42.163,50.3735
30.5,46.5,43.5
31.5,41.5,48.5
39.5,40.5,49.5
42.0536,42.6532,34.0569
40.0365,32.9729,55.3047
47.9987,44.7851,38.9782
32.5,37.5,31.5
45.3877,38.1461,28.2516
33.5,40.5,41.5
32.5,47.5,36.5
46.0453,43.1862,41.9621
36.5,42.5,31.5
32.5,43.5,45.5
48.5,46.5,40.5
32.5,40.5,34.5
49.5,44.5,44.5
43.8124,41.1884,50.6838
48.1881,41.3887,35.4779
38.2058,48.7051,37.8456
40.5,39.5,36.5
43.5,40.5,41.5
45.9162,39.178,40.1978
47.5,30.5,38.5
30.5,32.5,40.5
47.443,43.1544,34.8941
31.5,43.5,34.5
50.2047,42.8158,31.3209
37.5,48.5,44.5
41.9775,44.6992,41.9087
43.5,32.5,41.5
44.3961,39.8849,35.7373
46.5,39.5,33.5
41.5,42.5,39.5
44.0955,34.5087,52.083
50.7349,46.6829,39.9488
40.5,29.5,34.5
33.5,39.5,48.5
40.5,38.5,46.5
47.5,39.5,41.5
35.5,45.5,32.5
46.9579,40.3508,29.7247
38.5,48.5,34.5
36.5,37.5,43.5
42.3655,39.71,42.0031
45.5,29.5,41.5
47.5,43.5,42.5
42.5,46.5,36.5
38.5,39.5,35.5
46.5,31.5,38.5
40.876,39.656,52.658
40.5,31.5,45.5
35.5,47.5,43.5
46.0444,40.875,35.0013
38.5,39.5,30.5
34.5,29.5,37.5
38.5,43.5,46.5
31.5,33.5,37.5
34.5,43.5,49.5
36.5,31.5,42.5
44.5,38.5,50.5
37.5,43.5,44.5
40.654,36.1055,39.9623
40.2494,31.5372,39.4545
30.5,42.5,34.5
46.6493,36.6322,34.2655
39.5,39.5,44.5
37.5,38.5,41.5
40.5,43.5,29.5
41.8304,33.05,39.9999
46.5,32.5,38.5
46.1308,37.3709,30.0237
34.5,41.5,37.5
45.1537,36.949,52.604
39.5,44.5,38.5
30.5,38.5,47.5
28.5,43.5,36.5
46.3363,38.3406,33.2297
46.3961,43.1113,48.6211
41.5,39.5,27.5
35.5,43.5,39.5
42.1461,37.2097,45.0494
45.6632,44.9455,38.9501
49.187,44.2475,35.0562
45.5,42.5,46.5
39.6421,38.5882,35.4068
47.5,41.5,36.5
39.5,43.5,36.5
37.5,39.5,28.5
33.5,42.5,49.5
39.3103,32.2967,55.4699
35.1875,50.1781,41.6809
45.7168,38.3316,51.269
45.2834,35.4436,38.1749
35.5,38.5,36.5
33.5,46.5,46.5
37.5,40.5,44.5
41.5,34.5,42.5
44.5,37.5,42.5
48.5,33.5,44.5
29.5,43.5,40.5
43.3577,41.2275,34.5591
38.5,49.5,43.5
47.7567,42.5504,32.9999
30.5,37.5,41.5
42.5,47.5,40.5
43.7409,43.7743,43.6073
41.5,33.5,33.5
33.5,42.5,42.5
42.3989,42.3599,48.3616
37.5,43.5,29.5
33.5,47.5,42.5
29.5,44.5,37.5
43.3582,42.8595,31.83
35.5,34.5,39.5
30.5,40.5,44.5
42.5,42.5,31.5
38.5,44.5,49.5
37.5,38.5,32.5
32.5,41.5,45.5
42.5,42.5,42.5
39.5,39.5,36.5
40.5,35.5,35.5
39.5,35.5,46.5
47.5,31.5,43.5
40.6445,41.9178,56.4756
32.5,45.5,41.5
41.5,37.5,46.5
42.0632,36.1749,51.7744
36.5,36.5,45.5
44.8536,39.7109,33.9778
40.5,47.5,44.5
35.5,29.5,34.5
47.5,31.5,42.5
51.5,42.5,42.5
48.3229,43.3764,41.2173
29.5,42.5,38.5
41.5412,38.2047,36.7713
45.5,36.5,33.5
39.2013,40.5947,48.4547
42.0883,37.9671,48.8768
32.5,33.5,47.5
39.5,50.5,44.5
46.1031,39.8645,54.458
43.1792,35.7762,47.201
41.5,36.5,31.5
45.5,48.5,45.5
49.5,41.5,41.5
48.1907,36.4424,36.7692
45.044,36.2368,33.4139
42.5969,33.5705,47.298
45.6036,36.6492,29.4563
30.5,41.5,38.5
38.5,34.5,29.5
43.8081,38.8143,50.7463
39.5,33.5,29.5
42.5,47.5,45.5
39.1028,26.7738,41.1435
38.5,42.5,36.5
37.5,41.5,31.5
32.5,32.5,39.5
40.817,43.3364,30.678
37.5,40.5,48.5
35.5,30.5,39.5
49.5,45.5,34.5
45.5,39.5,37.5
37.5,34.5,50.5
38.5,39.5,42.5
39.3662,44.9373,45.293
47.7766,42.0071,32.1481
46.5,35.5,46.5
45.5,40.5,29.5
39.5,44.5,46.5
39.5,48.5,41.5
44.1769,39.5287,50.141
38.5,27.5,37.5
43.0001,36.6713,50.0416
36.5,46.5,49.5
41.8035,31.7666,46.5529
49.9926,42.6356,35.9594
36.0521,32.8376,54.6095
38.9797,34.8691,43.7173
28.5,37.5,44.5
38.7479,35.3629,52.0707
41.4037,41.7382,57.6742
47.5,40.5,45.5
49.5,37.5,33.5
42.5,35.5,36.5
29.5,40.5,40.5
41.9521,35.7275,36.0604
30.5,37.5,34.5
32.5,42.5,47.5
32.5,43.5,41.5
36.5,43.5,45.5
35.5,40.5,47.5
37.5213,42.8148,47.2377
50.0755,46.5662,40.6978
36.5,31.5,35.5
41.5,32.5,32.5
49.4051,43.934,34.1017
34.5,45.5,42.5
41.3321,43.3473,34.117
46.0832,45.1831,42.5823
40.1052,32.9356,42.2585
41.5,32.5,41.5
41.5,41.5,43.5
40.5,48.5,34.5
42.778,35.3998,48.0705
31.5,31.5,39.5
41.0768,34.0145,51.6107
46.5,37.5,30.5
41.2586,39.3563,47.6355
43.5543,35.8589,39.4698
37.5,39.5,30.5
34.5,40.5,46.5
38.5,33.5,30.5
40.3384,39.8449,53.5868
33.5,46.5,32.5
45.315,38.095,35.1499
47.2263,45.4834,35.2457
48.5,41.5,38.5
48.5,45.5,46.5
48.5,43.5,47.5
38.8017,44.7368,47.2027
30.5,46.5,35.5
41.6165,31.858,37.5335
38.3428,45.6236,47.0747
41.6415,43.653,44.0962
39.5,51.5,39.5
46.5,31.5,40.5
49.5,46.5,38.5
40.5,40.5,49.5
50.1033,43.8887,39.8773
38.5,45.5,32.5
39.7247,41.8181,45.3807
50.1791,44.0646,40.8911
36.2693,45.7763,44.7435
40.5,28.5,43.5
40.2679,39.776,58.1152
46.1991,44.904,32.6902
42.5,39.5,37.5
41.5,30.5,43.5
33.5,36.5,48.5
39.621,28.7248,40.5593
37.5,39.5,51.5
47.679,42.8355,33.9605
45.5,39.5,39.5
43.739,31.4323,41.055
43.3821,40.8149,51.6176
44.1264,32.2622,43.3283
48.5,33.5,38.5
39.5,39.5,27.5
47.5,39.5,33.5
48.5,33.5,45.5
42.9293,33.7869,46.3933
44.5,49.5,45.5
41.0135,40.2385,47.2537
37.5,48.5,47.5
38.5,46.5,34.5
43.0437,42.0866,53.8544
41.7969,39.7329,50.874
43.5506,44.0856,34.0051
41.5,38.5,38.5
32.5,46.5,40.5
45.2007,34.9299,39.0731
44.5,31.5,40.5
31.5,41.5,46.5
40.5,42.5,41.5
39.5,50.5,41.5
44.0292,42.7603,49.9552
44.5,41.5,32.5
48.05,42.2635,37.3253
39.755,38.6666,45.5927
41.4829,36.8326,46.8981
37.6402,49.1806,38.5683
51.5,38.5,38.5
39.5,39.5,43.5
44.5,31.5,45.5
43.5,47.5,42.5
40.0939,47.3091,35.8584
41.875,35.3688,54.9873
40.5,42.5,36.5
41.4764,30.8858,37.8889
50.5,41.5,42.5
44.5,37.5,37.5
44.5,39.5,47.5
36.5,39.5,47.5
39.5,37.5,45.5
45.5,41.5,48.5
37.5,49.5,40.5
45.5,35.5,46.5
36.5,46.5,42.5
45.5,42.5,36.5
33.5,33.5,42.5
29.5,37.5,35.5
49.5,43.5,43.5
32.5,47.5,38.5
41.5,38.5,45.5
44.5168,40.5042,33.4472
44.6873,47.038,42.6155
45.5892,36.6544,36.5424
36.5,42.5,48.5
43.5,36.5,35.5
38.029,41.9901,47.5966
49.5,47.5,39.5
44.5,39.5,48.5
29.5,33.5,37.5
44.7135,32.2593,39.5404
35.5,38.5,34.5
42.712,41.911,34.2533
33.5,43.5,46.5
49.4477,46.271,41.4383
48.4726,43.4213,42.2295
44.2033,41.3978,33.0104
42.5,29.5,37.5
28.5,41.5,43.5
39.5,30.5,41.5
34.5,45.5,30.5
34.5,36.5,38.5
36.5,48.5,35.5
41.5,42.5,28.5
41.4122,36.8012,51.1505
44.5,43.5,48.5
33.5,42.5,44.5
38.5,33.5,39.5
34.5,49.5,43.5
38.5,39.5,46.5
43.8593,42.1538,32.407
47.318,41.1035,48.7586
48.5,34.5,40.5
41.5248,36.4489,37.8966
47.5,46.5,34.5
39.1115,29.5745,42.4277
35.5,42.5,50.5
38.7001,47.941,45.348
41.5,44.5,48.5
40.5,44.5,33.5
29.5,38.5,41.5
46.8304,45.3356,36.1753
35.5,40.5,43.5
39.5,37.5,38.5
46.5,47.5,41.5
30.5,38.5,45.5
32.5,32.5,46.5
42.5,47.5,31.5
37.5,42.5,46.5
43.5,37.5,39.5
41.2567,39.9079,56.3254
44.5,34.5,35.5
38.5,46.5,36.5
42.5,32.5,43.5
36.5,41.5,47.5
42.5,30.5,34.5
33.5,35.5,46.5
41.4299,46.1704,34.7883
42.0014,43.6733,42.0361
38.5,27.5,40.5
47.6878,37.63,28.8507
38.5,47.5,41.5
45.1405,45.1062,44.3217
41.5,38.5,35.5
50.3113,44.2514,41.8755
50.3629,44.8425,43.8308
42.2872,42.1751,40.1096
42.5,42.5,33.5
41.5,46.5,46.5
45.2038,44.6912,39.8471
40.4413,35.0613,39.8191
44.6927,42.4371,46.8077
46.5,36.5,30.5
44.5,40.5,32.5
40.5,40.5,29.5
41.0384,39.1064,33.9485
47.1414,39.6118,37.3638
40.5,44.5,43.5
46.3039,39.3019,39.2774
44.5,33.5,34.5
49.5,36.5,46.5
36.5,45.5,35.5
47.5,33.5,42.5
47.5,37.5,46.5
45.5,42.5,48.5
42.5474,37.3443,49.4725
42.5,41.5,33.5
31.5,37.5,34.5
44.5,45.5,37.5
32.5,38.5,40.5
47.5,42.5,40.5
48.5,39.5,36.5
37.5,45.5,30.5
48.5,41.5,33.5
32.5,37.5,37.5
49.6197,40.9675,32.3118
35.5,43.5,36.5
44.5,36.5,50.5
50.5,41.5,36.5
39.5,44.5,30.5
40.5,29.5,45.5
43.337,41.8837,52.8814
45.5,35.5,34.5
46.5,42.5,44.5
48.5,48.5,40.5
41.5,33.5,30.5
42.4123,40.5436,49.0721
29.5,43.5,35.5
41.3133,34.5351,55.1718
46.5,43.5,49.5
31.5,39.5,45.5
46.5904,37.5004,33.751
38.5,47.5,37.5
39.5,32.5,49.5
41.5,49.5,35.5
31.5,43.5,31.5
45.5,44.5,37.5
45.5,33.5,40.5
49.5,40.5,40.5
40.7165,46.6819,35.2547
40.5919,32.677,44.5952
43.6753,32.1085,44.1914
48.5,38.5,31.5
29.5,45.5,39.5
41.2123,38.1966,34.4545
48.5,42.5,44.5
42.5,48.5,42.5
49.5,44.5,39.5
43.5,32.5,31.5
44.5,42.5,49.5
44.2005,38.4299,53.6565
47.5,35.5,46.5
36.5,36.5,31.5
37.8853,46.7764,35.8107
44.9658,42.6244,45.8365
35.5,39.5,50.5
42.5,41.5,40.5
41.5,44.5,41.5
41.5,51.5,43.5
39.5,32.5,36.5
40.9697,40.7286,35.3086
40.5,39.5,47.5
40.2744,33.5512,44.9289
41.7108,32.7707,53.5254
35.5,33.5,36.5
44.345,41.8492,48.8082
28.5,36.5,41.5
39.5,37.5,37.5
36.5,45.5,49.5
35.5,40.5,40.5
44.5,43.5,40.5
27.5,37.5,39.5
40.5,39.5,31.5
42.5,48.5,46.5
48.5,43.5,39.5
32.5,35.5,41.5
39.9805,36.1544,49.4371
37.5,41.5,39.5
43.5,40.5,49.5
45.5477,45.3283,43.417
36.5,36.5,46.5
32.5,41.5,39.5
43.5,34.5,48.5
39.8402,40.0399,54.4828
42.4827,37.1728,44.0695
47.5,41.5,30.5
34.5,42.5,37.5
38.878,40.0747,34.3069
39.9255,45.1281,30.3008
38.5,37.5,30.5
42.1628,41.6824,42.2517
42.1333,45.5149,34.3213
42.9694,36.4017,52.2528
47.5,37.5,41.5
32.5,35.5,39.5
41.6838,40.068,55.3567
46.5,35.5,39.5
33.5,33.5,39.5
34.5,42.5,38.5
39.5461,46.095,30.2855
44.5,38.5,29.5
38.5,35.5,50.5
35.5,41.5,34.5
43.5,39.5,39.5
34.5,47.5,36.5
37.5,38.5,28.5
30.5,40.5,38.5
40.8698,39.8554,57.2561
44.7578,42.556,39.3613
44.7815,36.2856,53.2517
44.5,37.5,36.5
40.0146,35.5554,45.4208
45.6096,41.3918,51.0876
45.5,49.5,36.5
31.5,36.5,43.5
42.4237,36.1734,54.6382
49.7865,43.6134,33.1971
43.9813,45.6628,41.2685
50.0212,43.4525,37.8728
41.5,51.5,40.5
44.5,45.5,44.5
46.5,48.5,34.5
32.5,41.5,49.5
39.4827,35.8627,50.2714
42.7599,40.8382,48.139
45.5,31.5,42.5
46.3031,43.2126,40.9347
38.5707,41.2314,47.9584
40.093,36.988,36.591
39.5,38.5,31.5
45.1875,40.7271,51.7873
30.5,38.5,33.5
45.3974,37.6176,51.8958
42.4107,41.9779,55.8427
43.8085,42.3995,50.8364
45.0564,43.2875,37.4745
30.5,36.5,38.5
36.4951,49.9338,40.0901
44.1823,36.7633,27.3855
36.5,33.5,29.5
37.5,35.5,32.5
32.5,33.5,38.5
40.2739,33.34,38.4748
44.5,42.5,50.5
50.5,35.5,43.5
47.5,41.5,43.5
31.5,36.5,33.5
46.5,30.5,38.5
41.5,34.5,49.5
44.8868,33.682,40.6848
44.7298,37.458,27.8103
49.5,42.5,32.5
42.5,47.5,30.5
38.5,34.5,44.5
36.5,50.5,38.5
32.5,45.5,34.5
45.3796,38.3785,42.1325
32.5,38.5,43.5
50.0669,43.7753,38.8191
39.8068,30.2858,42.1627
45.5,41.5,30.5
39.5,29.5,41.5
32.5,40.5,42.5
41.1253,32.0071,53.8639
38.836,48.2873,37.1813
46.5,29.5,40.5
47.0338,43.4516,37.905
43.5314,37.7874,35.8599
30.5,42.5,44.5
35.1165,32.7508,55.0161
31.5,35.5,44.5
43.5,33.5,30.5
32.5,40.5,44.5
48.5,39.5,33.5
44.5,39.5,37.5
39.5,34.5,35.5
36.5,50.5,39.5
33.5,42.5,38.5
37.5,33.5,40.5
47.5,41.5,40.5
46.5,34.5,45.5
40.5,36.5,45.5
33.5,38.5,30.5
36.5,29.5,38.5
36.5,41.5,45.5
31.5,35.5,46.5
40.7396,41.9482,55.4467
49.0261,39.7786,30.7288
39.5,27.5,40.5
31.5,44.5,39.5
36.5,44.5,45.5
48.5,33.5,35.5
42.1402,40.1355,54.4809
47.4784,38.2056,35.8947
41.136,31.6277,47.3196
31.5,45.5,42.5
45.6735,44.3538,34.5655
46.5,42.5,43.5
34.5,50.5,42.5
45.5,34.5,49.5
31.5,35.5,33.5
40.4279,38.3252,50.1655
38.5,36.5,37.5
40.5,29.5,44.5
47.5,36.5,44.5
31.5,46.5,33.5
45.4422,41.7317,34.8557
41.5,44.5,46.5
40.5,48.5,35.5
43.5,31.5,35.5
31.5,40.5,39.5
40.5,40.5,46.5
44.5,34.5,46.5
46.5,44.5,46.5
35.5,45.5,38.5
36.5,34.5,47.5
29.5,39.5,34.5
36.5,50.5,37.5
44.9956,40.0424,52.4831
43.533,34.9485,41.3647
33.5,49.5,35.5
46.5,43.5,39.5
32.5,30.5,37.5
40.0472,39.0829,49.5834
32.5,40.5,38.5
48.5,32.5,38.5
48.6018,39.1279,30.0306
43.6066,37.2378,36.7246
44.5,44.5,32.5
42.2537,37.6101,41.7538
34.5,33.5,38.5
43.1436,31.182,41.852
45.5,40.5,37.5
46.5,32.5,43.5
38.5,44.5,30.5
42.5,50.5,38.5
43.8501,41.5258,44.2438
41.5,37.5,50.5
40.5,50.5,33.5
36.5,41.5,44.5
44.6692,37.7086,43.9308
39.5,42.5,41.5
28.5,43.5,42.5
43.9636,40.5385,35.024
38.9629,46.9666,45.3372
43.3989,35.9537,50.6953
32.5,36.5,38.5
34.5,38.5,32.5
38.5,36.5,44.5
46.522,39.6495,29.1193
30.5,41.5,39.5
47.5463,45.5403,34.2454
42.4864,40.0454,32.6165
41.1684,41.652,43.8641
38.5,48.5,37.5
44.5,44.5,40.5
32.5,41.5,43.5
46.5,41.5,44.5
40.2573,34.1301,39.6032
38.5,38.5,44.5
39.8749,29.6419,40.159
33.5,40.5,49.5
32.5,32.5,32.5
48.1416,40.2714,33.7487
42.5,34.5,32.5
44.5,31.5,47.5
48.1489,39.9504,35.6575
40.5,40.5,47.5
41.9882,33.8949,39.479
30.5,44.5,43.5
43.5,42.5,34.5
49.5,34.5,44.5
38.5,33.5,48.5
36.5,35.5,30.5
35.5,38.5,30.5
37.5,49.5,44.5
39.8054,33.2773,53.0476
42.3534,32.5564,55.4109
35.5,35.5,31.5
47.5,43.5,33.5
46.5,34.5,39.5
39.5,40.5,40.5
34.5,33.5,40.5
41.5309,32.336,40.7087
39.5,41.5,32.5
40.5,39.5,45.5
42.154,40.8141,32.0265
44.5,32.5,33.5
48.2333,42.5828,46.1912
39.5,34.5,32.5
42.905,37.17,43.0968
41.8941,41.8181,56.7622
40.5,37.5,27.5
43.2809,43.1637,45.4645
37.5,45.5,50.5
39.828,43.013,47.3311
44.5,44.5,42.5
40.5,39.5,32.5
35.5,36.5,31.5
38.5,44.5,39.5
36.5,38.5,30.5
38.5,33.5,36.5
35.5,35.5,39.5
45.9647,38.9009,28.6698
47.5,38.5,43.5
33.5,42.5,43.5
40.6473,33.811,41.9528
39.5,46.5,35.5
45.5,33.5,32.5
40.5,29.5,36.5
50.3651,45.1304,44.802
42.5,39.5,42.5
39.1595,35.5674,51.1882
29.5,35.5,45.5
48.5,44.5,38.5
41.5533,38.6073,48.2921
39.5,42.5,48.5
36.5,37.5,32.5
49.9643,42.1813,35.0688
37.5,47.5,41.5
40.8949,37.5135,50.672
42.5,35.5,40.5
41.1537,34.7011,41.7514
33.5,37.5,32.5
39.5,47.5,46.5
33.5,40.5,32.5
36.5,50.5,34.5
36.5,47.5,35.5
40.5,45.5,39.5
42.5,34.5,45.5
45.5,33.5,37.5
41.5,39.5,32.5
35.5,44.5,46.5
46.5,40.5,46.5
48.5,43.5,32.5
41.7773,32.8007,37.228
36.5,34.5,35.5
36.5,35.5,46.5
44.5158,44.1195,47.2444
37.5,30.5,34.5
30.5,43.5,42.5
44.648,38.409,38.4343
36.778,44.4213,46.1981
43.5,45.5,47.5
31.5,30.5,40.5
44.5487,32.5729,42.4565
37.5,34.5,49.5
33.5,46.5,47.5
45.5,50.5,41.5
37.5,40.5,42.5
36.5,40.5,43.5
45.5,49.5,38.5
43.5,40.5,36.5
48.5,31.5,41.5
42.5,47.5,37.5
41.5,43.5,34.5
40.5,42.5,30.5
32.5,34.5,40.5
47.5,48.5,36.5
39.5,38.5,28.5
41.5,35.5,49.5
40.5,39.5,40.5
32.5,41.5,46.5
41.5,35.5,43.5
46.9073,43.314,38.9406
36.5,42.5,42.5
45.741,43.1128,42.9036
39.0986,45.9101,45.2842
48.5,38.5,45.5
46.495,43.5871,46.1202
43.5,50.5,42.5
35.5,49.5,43.5
34.5,48.5,37.5
47.5,41.5,46.5
39.2868,27.7679,40.8687
32.5,39.5,30.5
47.5,40.5,36.5
39.5,35.5,44.5
50.0552,43.0577,36.8916
35.5,40.5,42.5
39.5603,36.8473,43.61
43.5,35.5,48.5
47.5,32.5,34.5
42.0503,41.1542,40.1712
46.6022,43.2445,39.9524
35.5,46.5,36.5
38.5,31.5,33.5
35.5,36.5,44.5
41.5,47.5,46.5
39.5,31.5,43.5
40.5,47.5,41.5
40.0336,37.7725,43.6948
32.5,45.5,38.5
40.5,45.5,33.5
40.5,48.5,48.5
45.5,46.5,46.5
42.5,40.5,39.5
37.5,42.5,51.5
46.7391,39.5871,38.2866
41.9427,34.7096,38.8554
48.5,45.5,45.5
40.5,44.5,30.5
33.5,38.5,38.5
47.2412,38.5053,31.4545
44.5,49.5,41.5
46.5598,45.0959,41.6612
42.5,45.5,30.5
35.5,42.5,32.5
47.5,39.5,44.5
31.5,40.5,35.5
42.9687,36.8979,54.2648
42.5,36.5,45.5
43.4831,35.4651,40.4568
41.5,29.5,36.5
38.5,28.5,42.5
44.3915,38.1033,39.3529
45.3518,41.5773,48.2315
36.9286,30.3274,55.3456
41.5,47.5,40.5
50.5,45.5,40.5
47.0959,44.8022,40.7922
39.5,47.5,38.5
39.9096,36.5793,45.5923
32.5,49.5,39.5
41.5,35.5,32.5
43.5209,34.0821,54.9129
34.5,39.5,38.5
45.5,48.5,39.5
34.5717,50.2676,42.5058
50.5,42.5,43.5
33.5,30.5,37.5
43.5,34.5,34.5
44.4246,42.1023,41.2956
44.5,43.5,39.5
43.4569,34.1369,44.3916
35.5,30.5,36.5
31.5,36.5,46.5
46.7422,44.1377,45.322
33.5,32.5,43.5
36.5,28.5,42.5
39.5,32.5,33.5
40.5,29.5,35.5
47.5,44.5,39.5
46.5,39.5,49.5
44.2027,43.3609,34.2926
35.5,29.5,41.5
42.5114,31.3502,42.6536
42.0115,45.7366,41.9569
35.5,32.5,46.5
37.5,50.5,43.5
42.5,41.5,28.5
37.5,42.5,48.5
42.4479,31.851,45.7972
44.8216,42.5639,34.5363
30.5,32.5,43.5
45.0719,38.0348,43.03
50.0331,43.2065,32.2495
42.5,43.5,41.5
44.5,44.5,48.5
38.5,42.5,32.5
40.9471,37.1397,39.9984
30.5,44.5,36.5
47.6627,39.0337,32.1662
40.1178,47.4913,45.8281
31.5,42.5,37.5
41.5,36.5,28.5
45.4446,43.9856,35.536
41.5,37.5,32.5
47.6127,39.7653,36.5344
32.5,42.5,41.5
40.5,39.5,28.5
44.5,41.5,42.5
47.5,39.5,43.5
30.5,37.5,44.5
44.5,32.5,45.5
29.5,46.5,40.5
37.5,47.5,36.5
37.2761,47.3984,36.2706
36.5,34.5,39.5
45.5,46.5,42.5
40.5389,33.5998,52.3799
35.5,35.5,38.5
42.3278,35.0747,48.9458
41.9723,46.7485,41.9628
40.5554,38.6474,43.7104
45.4791,43.1107,43.8716
41.8727,33.7675,36.891
48.5,40.5,39.5
39.5,49.5,42.5
35.4019,49.5979,37.575
46.6305,45.3749,31.9502
41.5615,39.1262,40.0563
38.5127,40.8111,33.7312
37.5,48.5,34.5
47.5,35.5,41.5
45.5,32.5,44.5
34.5,43.5,30.5
44.6197,42.2737,40.2966
31.5,37.5,36.5
42.5,32.5,49.5
47.8396,45.535,33.284
33.5,32.5,44.5
37.5,38.5,46.5
47.5,48.5,38.5
29.5,39.5,40.5
37.5,42.5,34.5
48.1743,43.9044,35.9615
47.0335,42.4558,46.9647
37.5,43.5,47.5
41.1867,35.9033,39.0972
41.4451,36.8864,40.8719
32.5,42.5,32.5
44.3382,41.3435,51.7836
42.5,33.5,41.5
40.5,36.5,37.5
38.5,49.5,39.5
40.5,35.5,32.5
44.5,41.5,33.5
47.5,30.5,41.5
48.3176,43.6652,34.9448
42.5,34.5,44.5
40.5395,36.8336,50.0192
28.5,40.5,42.5
40.5,35.5,48.5
44.5,49.5,34.5
41.5,45.5,35.5
40.6507,45.437,34.6821
36.5,51.5,39.5
39.5,47.5,40.5
46.5815,44.8857,39.4205
39.9469,31.8089,54.758
39.5,43.5,38.5
43.0906,37.001,45.4026
31.5,35.5,36.5
44.2534,41.9864,45.4637
39.365,43.8883,46.3222
34.5,43.5,40.5
41.5,40.5,40.5
33.5,40.5,40.5
39.5,40.5,45.5
37.5,34.5,31.5
34.5,41.5,40.5
34.5,44.5,47.5
49.0977,43.4167,38.9981
31.5,38.5,43.5
46.5,39.5,46.5
40.5,30.5,37.5
39.5,31.5,37.5
40.5,43.5,51.5
47.5,38.5,37.5
33.5,42.5,47.5
43.3665,42.0958,48.6406
39.5,31.5,48.5
34.5,42.5,36.5
28.5,41.5,40.5
46.5,42.5,49.5
32.5,35.5,45.5
32.5,44.5,34.5
35.5,35.5,40.5
45.5,46.5,33.5
47.5,37.5,32.5
35.5,43.5,35.5
39.5,38.5,46.5
46.5,29.5,37.5
41.9982,38.8643,40.9808
49.0715,43.0085,37.9659
38.5,38.5,29.5
47.1029,44.9762,38.5056
39.3562,41.605,47.4968
42.5,32.5,36.5
41.1534,35.0333,37.194
42.5653,35.8597,53.6389
37.5,39.5,33.5
49.5,40.5,38.5
41.5,51.5,42.5
38.5,32.5,32.5
42.3702,31.7681,44.3036
34.5,40.5,29.5
42.1489,33.9456,55.3275
38.5,42.5,39.5
35.5,44.5,31.5
43.5,37.5,31.5
39.5,46.5,33.5
36.5,35.5,50.5
41.5,50.5,35.5
28.5,42.5,41.5
41.5448,33.1309,55.2949
43.5,32.5,39.5
46.5,41.5,46.5
43.7804,43.5336,46.8246
50.0485,42.2363,32.6669
46.1443,43.4999,36.6452
42.5,37.5,31.5
42.5,33.5,29.5
40.3438,40.7938,44.5811
49.5,37.5,40.5
45.5,36.5,38.5
49.5,36.5,42.5
50.5,35.5,40.5
32.5,44.5,45.5
42.6621,32.8365,46.0584
49.5,44.5,40.5
39.5,45.5,48.5
28.5,42.5,43.5
36.5,35.5,35.5
36.5,43.5,35.5
43.2768,34.6993,53.7674
36.5,30.5,44.5
37.2613,49.4065,43.8231
40.5,38.5,36.5
49.5,33.5,38.5
45.3959,39.5926,53.7664
42.7016,35.2943,50.3758
40.4665,39.6458,48.2713
28.5,42.5,44.5
42.1517,42.4008,41.1343
49.8867,42.6826,33.6462
44.5,33.5,44.5
46.5,47.5,39.5
35.5,39.5,41.5
37.5,29.5,44.5
33.5,47.5,40.5
43.4923,42.5905,34.3189
36.5,51.5,37.5
41.5,46.5,37.5
44.5,35.5,41.5
34.5,46.5,40.5
47.5,35.5,38.5
45.2274,44.7649,42.1396
38.5,46.5,48.5
41.9095,35.9209,47.9171
33.5,41.5,37.5
33.5,31.5,45.5
39.5,27.5,41.5
48.5,44.5,34.5
38.5,40.5,47.5
41.2062,40.7745,57.4896
49.5,38.5,46.5
35.5,29.5,40.5
43.3197,40.9539,49.3714
32.5,35.5,35.5
37.5,49.5,42.5
39.5,33.5,47.5
31.5,32.5,37.5
38.5,46.5,38.5
40.9249,36.6404,45.7366
43.5,36.5,28.5
50.5,37.5,44.5
46.5,35.5,42.5
36.5,34.5,34.5
40.3685,32.0322,43.305
34.5,38.5,47.5
41.5,36.5,40.5
42.0104,42.0484,53.6119
50.5,43.5,39.5
35.5,43.5,29.5
36.5,33.5,43.5
39.5,47.5,41.5
47.5,39.5,48.5
39.5,45.5,45.5
50.5,40.5,35.5
30.5,40.5,41.5
45.5,45.5,41.5
38.5,47.5,33.5
31.5,35.5,31.5
43.5,50.5,36.5
41.5896,40.8661,56.5177
44.4494,44.4167,43.9713
48.5,31.5,39.5
35.321,31.7827,55.2144
35.5,50.5,43.5
35.5,43.5,34.5
42.4981,41.3959,51.4964
34.5,48.5,43.5
39.5,34.5,43.5
45.5115,38.8265,38.8849
40.5,40.5,36.5
43.8549,36.3961,52.7863
48.5,40.5,43.5
50.5,34.5,36.5
49.5,43.5,41.5
50.5,41.5,40.5
40.2679,30.8261,40.82
49.5,46.5,37.5
48.5,45.5,38.5
47.4882,40.4233,34.9343
35.5,44.5,34.5
44.5,43.5,29.5
45.4685,40.2791,34.4489
48.5,37.5,40.5
41.1552,38.9818,50.494
47.632,43.5248,45.2891
41.5,48.5,40.5
43.7325,37.5076,43.5303
45.5909,34.6364,37.6792
42.2834,33.8326,45.1276
49.5,41.5,40.5
44.5,40.5,34.5
45.982,38.1916,29.3652
35.5,35.5,44.5
37.5,42.5,44.5
42.5,49.5,33.5
45.5,48.5,36.5
43.5,49.5,33.5
34.5,34.5,35.5
40.5,31.5,32.5
42.537,37.0232,37.6084
48.5,35.5,38.5
44.5,45.5,48.5
43.0224,45.6549,41.6844
43.5,42.5,43.5
49.5,42.5,42.5
43.5,44.5,49.5
39.5,44.5,49.5
40.5,39.5,46.5
41.5,29.5,41.5
40.5,35.5,29.5
45.5,47.5,45.5
41.5,49.5,42.5
43.1082,42.5448,49.7024
49.5,38.5,33.5
31.5,43.5,46.5
43.5,41.5,43.5
43.8115,33.2479,43.3238
43.6903,42.6969,40.2399
44.6344,37.8736,41.647
33.5,38.5,33.5
38.4676,46.8702,46.2326
48.3048,39.3631,31.3945
38.6827,47.3051,36.15
37.5,33.5,47.5
40.5,36.5,42.5
29.5,43.5,37.5
43.5,45.5,46.5
35.5,45.5,35.5
44.923,41.1681,34.1944
41.5,42.5,36.5
40.5,38.5,41.5
44.5,44.5,36.5
43.1858,39.8609,50.0631
32.5,41.5,36.5
43.5816,33.0754,44.2977
44.7204,41.8972,50.9295
41.5,49.5,38.5
46.5,38.5,30.5
30.5,38.5,42.5
28.5,40.5,37.5
40.7842,38.7761,48.941
36.5,41.5,36.5
46.5,40.5,41.5
45.5,33.5,35.5
46.1857,38.6374,35.2962
38.5,31.5,47.5
46.5,34.5,36.5
37.5,49.5,37.5
44.9056,43.6389,42.7771
35.5,28.5,37.5
45.5,45.5,38.5
34.5,49.5,40.5
46.5,38.5,46.5
37.5,47.5,46.5
33.5,45.5,48.5
46.5673,37.7642,35.8787
33.5,32.5,38.5
41.3355,44.7715,34.2404
40.5,44.5,38.5
32.5,42.5,48.5
45.5116,43.8855,40.8741
37.5,47.5,33.5
45.8873,43.1849,38.7087
36.5,33.5,30.5
42.5,45.5,38.5
35.5,36.5,28.5
37.5,40.5,45.5
41.7262,40.0577,53.0973
49.1766,43.5251,40.0073
39.5,50.5,37.5
50.5,40.5,43.5
42.2018,38.41,34.2854
36.5,41.5,29.5
48.0131,44.1022,43.338
37.5,38.5,39.5
38.5,35.5,28.5
39.8802,46.0668,35.052
47.5,35.5,40.5
42.5791,35.8942,49.5105
39.5,45.5,29.5
36.5,33.5,40.5
37.8801,49.1274,44.6503
45.4529,34.1173,38.57
38.5,44.5,28.5
29.5,44.5,35.5
43.5,32.5,38.5
40.212,41.0974,55.3963
47.5,44.5,37.5
45.5,38.5,39.5
41.9257,43.6838,43.0518
36.5,46.5,43.5
30.5,43.5,33.5
39.5,43.5,50.5
46.5,40.5,48.5
33.5,34.5,32.5
28.5,41.5,35.5
44.5,41.5,47.5
41.5,44.5,37.5
36.5,40.5,29.5
29.5,35.5,34.5
39.5,42.5,28.5
40.5,41.5,46.5
38.5,40.5,31.5
33.5,42.5,34.5
34.5,32.5,37.5
28.5,39.5,37.5
37.5,46.5,44.5
44.5,45.5,32.5
45.5,39.5,34.5
35.5,36.5,46.5
51.5,40.5,42.5
41.5,38.5,34.5
31.5,31.5,41.5
36.5,39.5,32.5
37.5,29.5,43.5
43.5,46.5,36.5
44.5,48.5,33.5
48.5,46.5,36.5
42.5,32.5,45.5
39.9808,40.8768,47.773
36.5,44.5,31.5
40.1986,40.0346,34.9592
37.5,47.5,39.5
43.7583,41.5834,47.4778
43.5,33.5,39.5
46.5,38.5,29.5
32.5,46.5,37.5
43.5,34.5,43.5
31.5,47.5,39.5
31.5,36.5,34.5
47.5,47.5,43.5
40.5,28.5,36.5
51.5,42.5,39.5
49.2734,43.7728,41.034
36.5,39.5,39.5
42.5,29.5,33.5
38.9226,42.547,47.5302
34.5,44.5,36.5
44.3645,37.7545,51.661
34.5,36.5,30.5
31.5,44.5,33.5
40.5,35.5,39.5
34.5,37.5,37.5
45.1401,42.7106,41.7229
41.5,45.5,40.5
43.5,38.5,31.5
29.5,35.5,42.5
30.5,32.5,39.5
39.2862,46.727,35.5598
42.5,28.5,43.5
46.5,44.5,41.5
43.5,49.5,39.5
46.1574,44.7932,40.3729
28.5,36.5,43.5
34.5,33.5,47.5
41.7248,35.2952,51.3727
36.5,43.5,41.5
42.5668,35.2234,41.604
46.3301,41.2047,49.8203
37.5,51.5,42.5
49.5,33.5,39.5
36.5,40.5,36.5
44.5,30.5,36.5
44.8194,38.3642,40.7418
49.036,42.3046,36.2149
47.4069,38.2558,29.9924
47.5,38.5,34.5
31.5,37.5,33.5
38.5,39.5,34.5
42.1,39.921,41.0431
42.5,28.5,40.5
28.5,38.5,38.5
41.0564,32.6738,39.4762
32.5,39.5,36.5
42.2256,32.6645,47.0071
47.5,41.5,32.5
50.5,34.5,41.5
48.5,40.5,31.5
47.5,45.5,40.5
34.5,32.5,44.5
38.5,38.5,43.5
46.6804,45.075,33.9451
45.5,38.5,40.5
44.7679,38.5218,50.9137
43.8315,31.8638,42.1655
42.06,44.026,34.2095
43.1851,41.7513,42.2155
38.5,31.5,35.5
44.5,50.5,36.5
45.5,39.5,41.5
48.5,43.5,37.5
51.5,42.5,38.5
47.325,43.0609,46.1609
43.5,36.5,33.5
48.5,43.5,44.5
32.5,40.5,46.5
47.0349,42.395,48.2648
46.089,44.6865,35.8746
34.5,48.5,33.5
42.6103,42.2108,31.6871
35.9142,49.8537,42.3269
35.5,45.5,49.5
40.7927,34.9004,40.778
45.5,43.5,30.5
30.5,34.5,42.5
45.5,45.5,44.5
48.5,39.5,47.5
50.5,36.5,39.5
32.5,46.5,44.5
39.5,46.5,32.5
43.5,34.5,46.5
41.6905,36.0726,36.985
41.2237,39.9883,54.0344
36.5,48.5,34.5
46.5,30.5,40.5
35.5,43.5,46.5
37.5,35.5,49.5
39.5,36.5,33.5
32.5,48.5,36.5
49.5603,45.1838,42.575
46.0741,43.4329,37.695
38.5,38.5,39.5
44.5,45.5,43.5
44.5,50.5,39.5
38.2778,32.2475,54.6324
39.5,33.5,30.5
49.0645,41.8126,35.2
36.5,36.5,29.5
30.5,35.5,46.5
36.5828,49.6525,43.0339
39.8949,37.6829,44.6691
43.9624,37.2261,39.0098
31.5,36.5,41.5
48.5,41.5,40.5
30.5,37.5,39.5
44.5,37.5,47.5
28.5,40.5,44.5
41.8549,40.5816,47.8079
45.7569,35.271,36.8055
44.972,43.9128,45.0833
38.5,41.5,48.5
42.3153,41.9677,52.5686
40.5,31.5,35.5
40.4105,32.6525,53.4975
49.5,43.5,33.5
40.5,37.5,40.5
44.1289,38.5292,36.2637
42.7137,34.7598,55.0084
41.2609,33.7631,44.9178
39.3463,29.1258,41.4945
41.7892,31.5944,41.9641
45.6827,42.7879,39.6618
36.8314,49.0757,37.9594
32.5,44.5,39.5
39.4121,33.0445,54.4275
40.5,40.5,41.5
31.5,47.5,43.5
40.8133,31.1257,38.661
38.5,39.5,41.5
43.6045,42.5294,44.3203
31.5,43.5,37.5
33.5,38.5,32.5
41.5,39.5,47.5
37.5,43.5,45.5
50.5,44.5,39.5
47.5,44.5,47.5
43.5701,43.1006,47.8154
42.5,39.5,29.5
40.5,38.5,50.5
48.7487,41.4946,32.2534
44.2985,34.9256,40.1835
32.5,41.5,33.5
42.8281,43.3671,33.9794
36.5,49.5,46.5
38.5,49.5,42.5
46.5,36.5,35.5
45.1935,42.9331,49.3362
40.5,32.5,35.5
48.5,38.5,34.5
41.0971,34.0055,37.4739
36.5,48.5,32.5
44.5,43.5,32.5
41.1107,33.064,41.3853
48.5,42.5,45.5
37.5,32.5,46.5
41.7731,37.8598,40.9217
49.5,32.5,41.5
41.5,42.5,40.5
45.5275,40.0189,49.8161
47.5,42.5,39.5
46.5,38.5,36.5
43.9203,41.8666,46.4896
39.5,31.5,40.5
38.5,40.5,49.5
41.5,41.5,44.5
48.5,47.5,37.5
45.5,43.5,36.5
49.4194,43.7951,42.0365
32.5,44.5,41.5
42.05,41.0456,55.5219
43.5,43.5,43.5
43.5,39.5,43.5
43.4329,37.1543,44.424
51.5,39.5,36.5
49.5,33.5,42.5
49.5,40.5,45.5
44.5,50.5,37.5
46.3243,41.2824,48.4868
32.5,33.5,41.5
43.5,37.5,40.5
40.0987,38.7121,44.6597
47.5,36.5,40.5
42.1516,40.9817,41.1812
37.5,37.5,51.5
42.5,32.5,35.5
37.5,49.5,32.5
41.1574,33.6784,39.0076
44.5,49.5,44.5
38.0537,47.8684,36.7039
42.91,41.6993,50.5138
32.5,35.5,47.5
41.5,40.5,51.5
40.5,50.5,35.5
43.9513,43.8807,45.846
39.5292,35.7168,44.5694
36.5,30.5,39.5
42.5,49.5,35.5
44.6889,37.7343,53.1309
41.1562,39.5338,34.8594
45.5,44.5,45.5
44.2332,37.6643,42.6453
41.801,42.0626,54.6494
45.5,35.5,42.5
38.5,30.5,35.5
41.5,39.5,51.5
46.5,46.5,45.5
33.5,46.5,37.5
51.5,40.5,40.5
41.5,38.5,40.5
44.4827,42.0458,33.767
38.6806,45.7683,46.1509
47.7995,43.8301,44.3294
33.5,48.5,41.5
35.5,41.5,45.5
42.6653,35.3408,39.2791
31.5,48.5,36.5
32.5,36.5,44.5
33.5,44.5,39.5
51.5,38.5,36.5
43.6675,36.2003,53.9691
34.5,34.5,33.5
35.5,46.5,40.5
40.9737,36.6599,36.0294
36.5,42.5,36.5
32.5,42.5,46.5
31.5,39.5,48.5
35.6556,30.8189,55.4389
32.5,32.5,36.5
49.5,36.5,39.5
46.5,33.5,34.5
45.5,31.5,39.5
39.5,31.5,41.5
38.5,36.5,46.5
40.5,32.5,42.5
46.5,47.5,33.5
48.5,44.5,45.5
48.4702,40.904,31.4121
43.5,30.5,32.5
28.5,38.5,43.5
42.3609,36.2996,47.0462
27.5,38.5,37.5
37.5,46.5,43.5
37.5,37.5,38.5
44.7682,42.3875,43.5654
32.5,33.5,35.5
32.5,42.5,33.5
39.5,37.5,49.5
42.5,29.5,45.5
41.5064,37.7569,35.8426
44.5805,36.9582,36.6665
47.7296,39.7324,29.9448
47.5,42.5,43.5
39.5,44.5,36.5
44.2473,33.8385,42.0005
47.4583,45.2367,42.2632
43.5,45.5,43.5
43.9256,39.0918,35.3731
45.1541,46.2121,42.9766
44.5,43.5,46.5
32.5,33.5,33.5
44.5,46.5,44.5
47.5,35.5,35.5
42.2009,40.0587,52.0973
36.5,32.5,31.5
