-0.2653557538,0.3700268176,0.8903181893,0.8629930985,-0.3206021201,0.3904576708,0.4299177084,0.8719486424,-0.2342569726
0.5032759483,-0.8543421125,-0.1296644693,0.08569498891,0.1986576862,-0.9763152629,0.8598660877,0.4802443945,0.1731924733
-0.5073569367,-0.282991054,-0.8139441026,-0.6804228671,0.7111537304,0.176875927,0.5287850798,0.6435654085,-0.5533623625
0.8317891315,0.1385786716,-0.5375153882,-0.4033410168,-0.5143975368,-0.7567768484,-0.381369722,0.8462807608,-0.371975818
-0.02850610555,0.9793651679,-0.2000781594,0.1668467874,-0.1926897358,-0.9669709485,-0.9855706731,-0.06094697411,-0.157911098
-0.5907533941,-0.6466988598,-0.4824842093,0.7129405944,-0.1383898689,-0.6874328717,0.3777911278,-0.7500858811,0.5428121542
-0.08608710393,-0.3546904572,-0.9310121857,-0.2496616676,0.9123448128,-0.3244934423,0.9644988658,0.2045033542,-0.1670937339
0.7430242959,-0.3494400031,-0.5707946915,0.5210875306,0.8372537479,0.1657526684,0.4199793818,-0.420592256,0.8041887049
-0.9722107639,-0.2263890192,-0.05961746754,0.07211456604,-0.5318823435,0.8437420588,-0.2227234155,0.8159958238,0.5334276855
0.1690252082,-0.8156535255,0.5532990197,-0.5794710484,0.3718648531,0.7252102005,-0.7972727155,-0.4431995683,-0.4097930694
0.8670370351,0.1936131341,-0.4590868482,-0.4603188496,0.6638782649,-0.5893829028,0.1906655092,0.7223431345,0.6647308176
-0.02692630166,0.8755955961,-0.4822938174,-0.9063448261,0.1821372304,0.3812677347,0.4216800096,0.447390636,0.7886872563
0.8788507533,0.2980275629,-0.3725599617,0.2775419379,-0.9545259753,-0.1088606216,-0.3880616265,-0.007728774505,-0.9216010199
-0.9633177525,0.1966370585,0.1826274209,-0.265699806,-0.6032010063,-0.75203202,-0.03771632018,-0.7729698655,0.633320666
-0.8563761095,0.1122175151,0.5040110994,0.417515488,0.7248040756,0.5480327265,-0.3038104283,0.6797545742,-0.667557445
-0.3290611125,-0.08085273784,0.9408409107,0.9153264875,0.2176344645,0.3388401706,-0.2321555632,0.9726757295,0.002391613434
-0.8069782418,-0.2915040964,-0.5136258163,0.01924585163,0.8562533406,-0.5161974563,0.590267494,-0.4264452819,-0.6853675707
-0.9912000533,-0.05523783109,0.1202964523,0.1314777679,-0.516301273,0.8462544488,0.01536395114,0.8546237637,0.519020396
-0.2886864995,-0.9002942418,-0.3257765845,-0.8104734336,0.04865092121,0.5837515749,-0.5096988506,0.4325544658,-0.7437094296
-0.9908684112,-0.01864177787,-0.1335375445,-0.02544190785,0.9984550362,0.04939888442,0.1324103508,0.052345244,-0.9898118379
-0.9932080449,-0.07699839346,-0.08722973761,-0.01898056389,0.8468849764,-0.5314372728,0.1147933704,-0.5261721051,-0.8425944445
0.6648184457,-0.683255353,0.3019578725,0.7035743617,0.7085502948,0.05421805407,-0.2509971154,0.1764046549,0.9517782545
-0.2032589318,0.9774576596,0.0571168131,0.9721839062,0.1945406271,0.1304315806,0.1163798069,0.08203943024,-0.9898107256
0.8731304821,-0.4764453919,0.1031646726,-0.4826497729,-0.8151505732,0.3202791589,-0.06850078748,-0.3294379022,-0.9416890733
-0.1179254702,-0.260286323,0.9583029863,0.9721564976,0.1665302633,0.1648618071,-0.2024977223,0.9510618809,0.2334008805
-0.6634808526,-0.2993668821,0.6856913505,0.7234682732,-0.02304498543,0.689972888,-0.190753285,0.9538597374,0.2318723478
-0.1557247381,0.8607694972,0.4845881536,-0.148119836,0.4646784616,-0.8730031165,-0.9766321314,-0.2077252995,0.05513510496
0.4653376002,0.6323728253,0.6193266727,-0.110774909,0.7358044862,-0.6680723596,-0.8781741499,0.2422733327,0.412448536
0.6720134693,0.7245785439,-0.1529177249,-0.544312818,0.343286825,-0.7654264903,-0.5021169717,0.597611989,0.6250907593
-0.5902332164,0.6664044661,0.4555544291,0.1982422804,-0.4273951933,0.8820619859,0.7825118201,0.610932432,0.1201532986
0.5629852337,0.5455701249,0.6208066249,0.8187093853,-0.4708286164,-0.328687323,0.1129715404,0.6933063197,-0.7117329402
0.07353787907,0.6756915506,-0.7335074021,-0.2054407578,0.7299876994,0.6518527853,0.9759028001,0.1027564453,0.1924963313
0.3061549695,-0.9498158995,-0.06417859243,0.9066224343,0.2703425016,0.3239609444,-0.2903530545,-0.1573680047,0.9438911033
0.9724362627,0.1930059698,0.1308297015,-0.1111332444,-0.1096131909,0.9877420465,0.2049807727,-0.9750557132,-0.0851424622
0.1330242551,0.4165707685,-0.8993182653,-0.9872456765,-0.0243851643,-0.1573255795,-0.08746726126,0.9087761873,0.4080138718
-0.8698582504,0.4748983943,-0.1334846028,-0.4361937909,-0.8668428201,-0.2414922399,-0.2303944466,-0.1518388624,0.9611781099
-0.6813001875,-0.6730115027,-0.2878985445,0.7071611136,-0.5035405932,-0.4963567571,0.1890852032,-0.541758607,0.8189898643
0.5623076566,0.0541835828,0.82515104,-0.5653022591,0.7534599538,0.3357550502,-0.6035258528,-0.6552573825,0.4543064028
-0.3972222534,0.3213854601,-0.859607973,-0.7206244344,0.4707606561,0.5090037615,0.5682560216,0.8216421304,0.04460160681
0.1931531192,-0.4755327837,0.858230997,0.8870302563,0.4584941418,0.05440998391,-0.4193676155,0.7507674031,0.5103715406
0.5513876396,0.6412631608,0.5336227409,-0.7774654861,0.1630348039,0.6074265971,0.3025212207,-0.7498007811,0.5884553506
0.3909303546,0.8180577284,-0.4218471418,0.4343926139,0.2400856,0.8681370639,0.8114656584,-0.5226284129,-0.2615014862
0.7683414809,0.6198641779,0.1594357856,0.5878332444,-0.584884622,-0.5588935996,-0.2531865825,0.523142791,-0.8137678873
-0.4569173365,-0.887283476,-0.06288545711,0.7043656162,-0.404083522,0.5835971091,-0.5432270486,0.2223612829,0.809604739
-0.2838683881,-0.8532565265,-0.437460899,-0.9570358565,0.2239691903,0.184174295,-0.05917015592,0.4709470264,-0.8801748638
0.5969196792,0.06672250173,0.7995217347,0.7843173828,0.1612825778,-0.5990276898,-0.1689175524,0.984650211,0.0439411266
0.91019101,-0.1522693148,0.385183568,0.07477741494,0.9751009461,0.2087737607,-0.4073826991,-0.1612209686,0.8989144207
-0.3973353955,-0.5986366223,-0.6955276975,0.8506511908,0.04406603516,-0.5238804596,0.3442631769,-0.7998077138,0.4917219601
-0.4735037979,0.7765444761,-0.4156595122,0.3433127524,-0.271874391,-0.8990109396,-0.8111291559,-0.5683863055,-0.1378640647
0.6103908797,-0.5555881909,0.5645748278,-0.6126850116,-0.7829076251,-0.1080403956,0.5020359055,-0.2799596626,-0.8182802313
0.6274007089,-0.7219978673,-0.2916974977,0.6182567486,0.2341210505,0.7502972255,-0.473420472,-0.6510809575,0.5932677669
0.6144248779,-0.1980131575,0.7637230249,0.6017790536,0.7436300905,-0.2913353036,-0.5102391989,0.6385961775,0.5760649981
-0.3671797533,-0.68103544,-0.6335374954,0.6080236911,-0.6911816587,0.3906086348,-0.7039078206,-0.2417822243,0.667873593
0.3281850274,0.01039432153,0.9445562693,-0.9424836075,0.0707137791,0.3266867171,-0.06339745651,-0.9974424892,0.03300368115
0.316142866,0.8464376302,0.4284822358,-0.7292694496,-0.072061008,0.6804213997,0.6068111389,-0.5275893756,0.594499531
0.5864696016,0.7957832012,0.1509387397,-0.806278568,0.5557956571,0.2024995269,0.07725462572,-0.2404584878,0.9675801975
0.5962004191,0.2520171714,0.7622548167,-0.4501585002,-0.6812199776,0.5773185142,0.6647573882,-0.6873330252,-0.2926959641
-0.01291263423,-0.9866389283,-0.1624096334,-0.7915905042,0.109321737,-0.6011931732,0.6109154914,0.1207989361,-0.7824256384
-0.3529300337,-0.377463129,0.8561319861,0.149291231,0.8805725403,0.4497823137,-0.9236625572,0.2865546852,-0.2544285611
0.6758662561,-0.7307809405,0.09572889376,-0.701748746,-0.677768616,-0.2194957873,0.2252853777,0.08117216505,-0.9709055455
0.2305322556,0.738437018,0.6336920781,0.9208371075,0.0449302911,-0.3873503458,-0.3145058037,0.6728239291,-0.6696223262
-0.8345380026,0.470178778,-0.2871902488,-0.08515980147,0.4049161933,0.910379418,0.5443290645,0.7842032855,-0.2978776199
0.2246940863,-0.7950618706,0.5633730464,0.2916674545,0.6065254418,0.7396330067,-0.9297540877,-0.001873580367,0.3681763519
-0.8092187627,-0.01142728379,0.5873962984,0.1185173854,-0.9824312046,0.1441615685,0.5754290778,0.1862749196,0.7963560955
0.2820690776,0.4909201426,0.8242781381,-0.8648340774,0.5020484553,-0.003060555184,-0.4153300542,-0.7120005352,0.5661768133
-0.8297287097,-0.4352633375,0.349422517,-0.006191342553,-0.6188024576,-0.7855222377,0.5581325431,-0.6539337472,0.5107433002
-0.7095020949,0.590881208,-0.3840132491,-0.6067739421,-0.2351120382,0.7593073901,0.3583743304,0.7717394169,0.5253438034
-0.147918169,0.1094169613,-0.9829283513,-0.6998387889,-0.7138327511,0.02585484651,-0.6988174904,0.6917157885,0.1821630673
-0.3371370002,-0.8119981645,0.4764426763,0.93868393,-0.2511179841,0.2362461377,-0.07218810582,0.5268763982,0.8468707921
0.6294098228,0.7695164577,0.10810965,0.03026310393,0.1147445851,-0.9929339478,-0.776484011,0.6282341136,0.04893341242
-0.5188598565,-0.1949143117,0.8323417929,-0.804364317,0.4409932277,-0.3981494929,-0.2894520595,-0.8760898266,-0.3855958001
-0.09034619161,-0.457502462,0.8846067278,0.6445493106,0.6502649344,0.4021339344,-0.7592060008,0.6065039262,0.2361339362
-0.2594049154,-0.1898026764,-0.9469340177,-0.07598179156,0.9814694701,-0.1759103369,0.9627750814,0.02631773711,-0.2690195523
-0.5604702492,-0.8007146361,0.2114927215,0.1553822242,-0.3525060162,-0.9228195234,0.8134675557,-0.4843506788,0.3219859559
0.3908446675,-0.76552972,-0.5110818856,0.1318398872,-0.5029637145,0.8541930379,-0.9109658007,-0.4012377719,-0.09565333376
-0.09744215599,-0.9932031539,-0.06365941626,0.348774558,0.02582958026,-0.9368506501,0.9321273163,-0.1134915319,0.3438871009
0.6383190749,0.6284445896,0.4445291397,0.7154856431,-0.2713541609,-0.6437757481,-0.2839525541,0.7289885575,-0.6228536184
0.2834340481,-0.9196807923,0.2717579448,-0.8882133167,-0.1449076334,0.4359803687,-0.3615829703,-0.3649507063,-0.857944484
0.8310361979,-0.4854939328,0.2714304311,0.432243614,0.8708163314,0.2341887594,-0.3500632741,-0.07729526572,0.9335315452
-0.5417292907,-0.4840447413,-0.6871899766,-0.8391536733,0.2642886067,0.4753658014,-0.04848183499,0.8341775714,-0.5493608022
-0.57116505,0.08183627247,0.8167455603,-0.7655108085,-0.4122203064,-0.4940320041,0.2962493674,-0.9074013684,0.298092383
-0.1332795372,0.3683690155,-0.9200765368,0.2445022221,-0.8874431563,-0.3907215219,-0.9604453281,-0.2770359414,0.02821097045
-0.4294504859,-0.7677798798,0.475485369,-0.3984274414,-0.3114204104,-0.8627125256,0.8104491681,-0.5599387324,-0.1721649266
-0.9562935921,-0.2829793437,-0.07365634111,0.1966947496,-0.4361411399,-0.8781184894,0.2163648333,-0.8542269002,0.4727395286
0.05650122645,-0.7492413472,-0.6598825767,-0.1218478362,0.6508230742,-0.7493880375,0.99093931,0.1227466073,-0.05452113512
-0.8437224058,-0.5016490868,-0.1909992037,0.3400034302,-0.2241068358,-0.9133311522,0.4153675112,-0.8355383414,0.3596463689
0.8775594533,-0.2283578432,-0.4215947119,0.433723093,0.003257889967,0.9010403236,-0.2043861157,-0.9735718164,0.1019030623
0.3803079076,-0.5165919378,-0.7671366665,-0.5072398119,0.5770775889,-0.640069707,0.7733522281,0.6325458294,-0.04256882708
0.3064124624,0.2789755697,0.9101011122,-0.2882839109,-0.8839936469,0.3680320897,0.9071955631,-0.3751371268,-0.1904425018
-0.4089916298,0.5225233929,0.7481277636,0.8229821937,-0.1429824606,0.5497784325,0.3942412404,0.8405506052,-0.3715488185
0.8367975914,-0.2043649037,-0.5079417065,0.5140963014,-0.02586280522,0.8573424685,-0.1883475085,-0.9785530653,0.08342130806
-0.9665409995,0.2149243497,0.1400214986,0.1523237694,0.04170247736,0.9874504406,0.2063879004,0.9757399384,-0.07304524132
0.5214631446,0.8434163132,0.1293256031,0.2385151734,-0.2896025999,0.926952451,0.8192598494,-0.4525254213,-0.3521846707
0.9158560974,0.2870425323,-0.280738657,0.1663983078,0.3649846336,0.9160228274,0.3654028079,-0.8856595293,0.2865100105
-0.8593966656,0.1906771865,-0.4744255281,-0.4409351213,0.1933908378,0.8764566177,0.2588698324,0.9624147725,-0.08212317273
0.6703886363,0.3163976333,0.6711718214,0.5328772797,0.4241599881,-0.7322090612,-0.5163534459,0.8485168486,0.1157509258
-0.826508723,0.3110404758,0.4691877593,-0.4811564143,0.04227065499,-0.8756150391,-0.2921845923,-0.9494561676,0.1147220551
0.1329943241,-0.9824878033,0.1304999087,-0.9755215251,-0.1530278472,-0.157924767,0.1751292774,-0.1063023724,-0.9787898354
-0.5039889087,-0.6412894171,-0.5785698431,-0.8048849677,0.1057332715,0.5839354965,-0.3132975718,0.7599791831,-0.5694526079
0.2816862976,-0.1121841552,0.9529257816,0.8462150625,0.4971980942,-0.1916092978,-0.4522973553,0.8603538635,0.2349858123
-0.8909514249,-0.04616489445,-0.4517459029,-0.1874375626,0.9435040361,0.2732531684,0.413609379,0.3281294507,-0.8492693006
-0.5623851652,0.5097651526,-0.6510471682,0.4029541731,-0.5185807391,-0.7541233,-0.7220463008,-0.6864499299,0.08623011903
0.3084682999,0.4571823977,0.8341651893,0.2599542148,-0.8840635722,0.38840109,0.9150251987,0.09703533292,-0.3915520784
0.3076607837,-0.3058216068,-0.9010094267,0.8407514627,0.5307559138,0.1069352048,0.4455129855,-0.7904247623,0.4204127436
0.333952769,-0.8764392745,0.3468857827,-0.8163438952,-0.08494547503,0.571285315,-0.4712305094,-0.4739604037,-0.7438436278
-0.3436600207,0.3660761179,-0.8648040623,0.8521699696,0.5085102166,-0.1233843689,0.3945936302,-0.7793623262,-0.4867137058
0.2148560488,0.9667589339,-0.1386147248,0.6554597942,-0.03751996553,0.7542974946,0.7240230221,-0.2529217582,-0.6417330034
-0.8413505153,0.5391248186,-0.03838932789,-0.4549674663,-0.744776898,-0.4881720769,-0.2917771669,-0.3932579332,0.8719026797
-0.1961288456,-0.5689812082,-0.7986199724,0.8479732155,0.310572617,-0.4295184226,0.4924174059,-0.7614492986,0.421568576
0.9648992911,-0.2454661128,0.09335815656,-0.1875459575,-0.8929025382,-0.4093306379,0.1838365356,0.3774538975,-0.9075972033
0.002787912794,-0.9999624979,-0.008199419271,-0.9831742536,-0.004238548949,0.182620978,-0.1826488829,0.007552326569,-0.9831491992
-0.374119603,-0.3058445995,0.8754962043,-0.803418572,-0.3646361238,-0.4707006431,0.4631987919,-0.8794882478,-0.1093037095
-0.6134786956,0.5299657352,-0.5854743457,-0.4513164419,-0.8436620702,-0.2907710108,-0.6480411711,0.08585237799,0.7567509562
0.1660149786,-0.8068753645,-0.5669137263,-0.976362794,-0.215178841,0.02034111505,-0.1384005832,0.5501365399,-0.8235259959
-0.8097801005,0.5659677363,0.1547149327,-0.06855705402,-0.3531526009,0.9330504653,0.5827144406,0.7449588995,0.3247770292
-0.9452998066,0.1713780115,-0.2775569361,0.02551387213,0.8871098262,0.4608526863,0.3252035023,0.4285624031,-0.8429572639
-0.5475856559,-0.6858043902,0.4793978384,-0.8159135808,0.5646871745,-0.1241508101,-0.1855666401,-0.4591304099,-0.8687717127
0.1076258284,0.07645650503,-0.9912472365,0.9889534578,0.09397896866,0.1146255289,0.1019202603,-0.9926340495,-0.06549736078
-0.5571212833,-0.5526325307,-0.6198493056,0.7402251027,-0.6688056052,-0.06903520706,-0.3764075888,-0.497288999,0.7816783088
0.8507922976,-0.5184884135,-0.08557003748,0.2605515282,0.5576154016,-0.7881484409,0.4563610056,0.6482552189,0.6095078373
0.787215694,-0.6166409607,0.006736222529,-0.05801017534,-0.06317309751,0.9963152007,-0.6139432146,-0.7847057317,-0.08550230412
-0.8571210828,0.4574335468,-0.2368501631,-0.196597165,-0.7154908162,-0.6703897722,-0.4761228876,-0.5280411369,0.7031924016
0.3409214835,0.9246869618,-0.1694891291,0.4934499659,-0.3294726502,-0.8049564608,-0.8001747766,0.1907925458,-0.5686110545
0.1697980278,-0.1678705019,0.9710757563,-0.9208274398,0.3240031977,0.2170224736,-0.3510633218,-0.9310431905,-0.09956466057
0.8267836462,0.5393160027,0.159897003,0.5094310676,-0.8384143452,0.1937559635,0.2385556328,-0.07873776111,-0.9679315963
0.1171218779,0.6286015984,-0.7688579168,-0.4945835949,-0.6344323853,-0.5940392379,-0.8612023766,0.4498395035,0.2365901258
0.841059687,0.05706809094,0.5379236338,0.5104550985,0.2453962217,-0.8241457921,-0.1790368543,0.9677416636,0.1772621714
0.5250397001,0.6907118345,0.4972428732,-0.1361616854,0.6448970464,-0.7520424156,-0.8401150567,0.3271466968,0.4326450393
0.2264762365,0.355314891,0.9068957175,0.5169760648,0.7452635401,-0.4210914438,-0.8254963735,0.5642105846,-0.01490481234
-0.7291387767,0.5088283466,-0.4576574679,-0.4959662223,-0.8536704284,-0.1589474947,-0.4715656375,0.1110878637,0.8748058848
-0.164307325,-0.9556778574,-0.2443009126,0.6126718175,0.09522770641,-0.7845794594,0.7730694323,-0.2785884362,0.56987028
-0.3760712471,-0.9265164843,-0.01173121596,-0.6721254879,0.2814856976,-0.6848453332,0.6378226601,-0.2496657893,-0.7285940214
-0.3352979183,-0.8027758293,-0.4930783647,0.05572108666,-0.5393573915,0.8402313759,-0.9404629001,0.2542529689,0.2255769522
0.9291008611,-0.09809056223,-0.3565807503,0.3584877244,0.001952999081,0.9335323976,-0.09087431596,-0.9951755762,0.03697879553
0.2140503752,0.9617480501,-0.1709477262,0.8842793455,-0.265132558,-0.384388821,-0.4150090068,-0.06888697214,-0.9072056598
-0.5641882119,0.8240005938,0.05210261663,-0.8198177047,-0.5665739091,0.08302371207,0.09793157112,0.004126352061,0.9951845962
0.9003626884,0.4244964488,-0.09565455748,0.2635273466,-0.357007984,0.8961577076,0.3462663237,-0.8320745545,-0.4333030909
0.1976379518,-0.69714549,-0.6891497702,-0.5835760514,0.4811917681,-0.6541356697,0.7876409284,0.5314533358,-0.3117356569
0.953249634,0.2993026994,0.04162966787,0.2307767396,-0.6321156946,-0.7397106496,-0.1950826278,0.7147360651,-0.6716361558
-0.3197432272,0.2066951252,-0.9246844834,0.9471089887,0.04153654841,-0.3182126312,-0.02736479775,-0.9775233196,-0.209043841
0.587911426,-0.709187165,-0.3891191593,0.6522087274,0.1310120669,0.7466321813,-0.4785226546,-0.6927405022,0.5395615496
0.07982886791,0.9392396567,0.3338505941,-0.954421842,0.1686468872,-0.2462461674,-0.2875870294,-0.2989767462,0.9098937333
0.9054952789,0.3551306496,0.2322940417,0.243372045,-0.8830263939,0.401290961,0.3476324895,-0.3068331946,-0.8860051032
0.514269966,-0.1122378876,0.85025235,-0.8383312698,0.1433354824,0.5259806284,-0.1809062854,-0.9832891722,-0.02037939723
-0.9403986711,0.3312850096,-0.07681524446,-0.1942591404,-0.7086961625,-0.6782426819,-0.2791303024,-0.6228964535,0.7308120706
-0.2632349317,0.06301713646,0.9626713932,-0.2731660501,0.9521579305,-0.1370240288,-0.9252500634,-0.2990386529,-0.2334270855
0.6906711783,0.7128848759,0.1215256233,0.7210461123,-0.6917172007,-0.04024696266,0.05536991306,0.1154229954,-0.9917720024
0.9309840265,-0.2183681514,0.2925475911,-0.025061322,0.7612478675,0.6479765539,-0.3641986721,-0.6105874505,0.7032370103
-0.3844355433,-0.1829493227,0.904841897,-0.7741543794,0.5978347044,-0.2080352445,-0.5028859809,-0.7804634595,-0.3714599286
-0.5377456849,0.8183714472,0.2027258074,-0.8101662692,-0.4350198402,-0.3929228358,-0.2333670814,-0.3755341706,0.8969469841
-0.539112898,0.6481953767,0.5377732207,0.652368723,-0.08247291364,0.7534011334,0.5327028558,0.7569946977,-0.3784001787
0.6921108444,-0.5737559452,-0.4379345776,-0.2091988897,0.4212350497,-0.8824946784,0.6908099619,0.7023995644,0.1715122392
-0.06949554521,0.1766318897,-0.9818205257,-0.8677748884,0.4747695559,0.1468353216,0.4920742953,0.862203598,0.1202823492
-0.9960111655,-0.06697071052,-0.05896339762,-0.05357782907,0.9772987743,-0.204979321,0.07135246701,-0.2010025615,-0.9769886364
-0.8900885572,0.3893130659,-0.2370183475,-0.4497145591,-0.6655361543,0.5956663854,0.07415642726,0.6367864352,0.7674658691
0.8726393794,0.4512624405,-0.186715622,-0.4874878812,0.8277996002,-0.2776749678,0.02925883367,0.3333317145,0.9423555003
-0.2740670614,-0.5792361996,0.7677061097,0.7341623051,0.3896185877,0.5560603076,-0.6212028296,0.7160187017,0.3184717621
-0.9138382128,0.1499016147,0.3773979686,-0.2711130055,0.4666858317,-0.8418444469,-0.3023201267,-0.8716271224,-0.3858350691
-0.5399058258,0.5217576596,-0.6605078681,0.4639167424,-0.4703114275,-0.7507252608,-0.7023410536,-0.7117416004,0.0118717659
0.1958525118,0.2738540417,0.94161869,-0.5718685196,-0.7481402462,0.3365301894,0.796622991,-0.6043923693,0.01008335914
0.5121958042,-0.8317817432,0.2139967053,0.6093817698,0.5275312624,0.591916063,-0.6052349268,-0.172771233,0.77707193
-0.3556402022,-0.2735218212,-0.8937034519,-0.3601800999,-0.8422503066,0.4011043715,-0.8624328045,0.4645430383,0.2010209525
-0.5251069639,-0.7598317659,0.3832993137,0.5395568726,0.05106313646,0.8403992725,-0.6581345286,0.6481112895,0.3831588428
0.9919695655,-0.04641542367,0.1176519847,-0.119280514,-0.6526309642,0.7482278956,0.04205401365,-0.7562528897,-0.6529265095
-0.7196584584,-0.2460432158,-0.649272238,-0.5464042832,0.7776614309,0.3109422106,0.4284087563,0.5785373238,-0.6940896935
-0.4006740892,0.8993533257,-0.1749967716,-0.4502713702,-0.02694162653,0.8924852054,0.7979448399,0.4363917328,0.4157478658
-0.4501007107,0.5593727193,0.6960686109,-0.8836811141,-0.1668279849,-0.4373512454,-0.1285186317,-0.8119547921,0.5693965022
-0.8942900926,0.4435038448,-0.05957826588,-0.4228823654,-0.881133693,-0.2115984878,-0.1463411602,-0.1640358332,0.975539087
0.5744426573,0.7840813337,0.2350150966,0.3309543797,0.04011880256,-0.9427935512,-0.7486553493,0.6193601083,-0.2364492
-0.5880643415,-0.568339133,0.5754745521,-0.7079533097,0.7057646134,-0.02642766435,-0.3911296989,-0.4229502809,-0.817392573
-0.814277438,0.4904932803,0.3104329168,0.3617712056,0.8470419319,-0.3894118134,-0.4539535754,-0.2047835632,-0.8671734795
0.5749997094,0.8180794485,0.01101590292,0.690685963,-0.4925884853,0.5294426169,0.4385524309,-0.2968208213,-0.8482742277
0.6788957226,0.7263634794,-0.1072226361,-0.4513260342,0.5280226102,0.7193725976,0.5791419591,-0.4399866122,0.6862990399
0.5618376636,0.8079354401,-0.1777041491,-0.8219455261,0.520922887,-0.2303147801,-0.09350931476,0.2754626481,0.956753018
0.9043057279,0.2075339251,0.3730426523,0.411558602,-0.655910392,-0.6327725299,0.1133607855,0.7257487359,-0.6785558966
-0.5286896075,0.5457978412,-0.6500707773,0.8394551269,0.4496262497,-0.3052070207,0.1257075526,-0.7070650269,-0.6958855216
-0.7749037957,-0.4348034237,-0.458770193,0.5208267785,-0.02798098341,-0.8532036869,0.358139043,-0.9000905773,0.2481398369
-0.571001092,-0.1184068873,0.8123654116,0.2862248149,-0.9561663097,0.06181701575,0.7694368774,0.2678167231,0.5798629963
-0.7339184815,0.4329139426,-0.5234015484,0.4969425776,0.8675356578,0.02073539919,0.46304615,-0.2448824218,-0.8518338233
-0.4463115141,-0.4271892202,-0.7863303392,0.2853294156,-0.9007711028,0.3274118886,-0.8481704763,-0.07823548058,0.5239141653
0.8119463119,0.5538167359,-0.1844727883,-0.01185101154,-0.3003184312,-0.9537653766,-0.583611806,0.776592469,-0.2372791541
0.07992300621,0.8841826181,-0.4602536378,-0.2412888956,0.4651597099,0.8517077628,0.967156648,0.04298304716,0.2505204098
0.3008160071,0.9338275322,-0.1935868541,0.07295274516,-0.2249261862,-0.9716409355,-0.9508878098,0.2781624543,-0.1357866792
-0.1161857493,-0.3179239954,-0.9409703528,-0.7715209319,0.6255241786,-0.1160816684,0.6255048548,0.7124912877,-0.3179620126
-0.4307641347,0.8770730145,0.2125680774,-0.4370864012,-0.4088326483,0.8011312898,0.7895554053,0.2521880108,0.5594671295
0.1019082525,-0.8229182459,-0.5589456759,-0.7294924989,-0.4438315572,0.5204365887,-0.6763544944,0.3547098946,-0.645542786
-0.2515794409,-0.118483194,-0.960556879,-0.3492095055,0.9367351349,-0.02408336152,0.9026408511,0.3293767141,-0.277038759
0.3229292596,0.3649441811,-0.8732310335,-0.7414790613,0.6709473717,0.006198880442,0.5881543122,0.6454807272,0.4872670068
0.08714028826,-0.1076542879,0.9903621179,-0.4317523899,-0.9000048199,-0.05984311112,0.8977730472,-0.4223764652,-0.1249066754
0.6145304461,-0.03246107079,0.788224974,0.7333693056,0.3917189923,-0.555630896,-0.2907263187,0.9195121043,0.2645292
-0.973784598,0.2239796765,-0.03970719294,-0.1845001372,-0.6755964679,0.7138130791,0.1330535831,0.7024261648,0.699209716
0.142388185,0.9758134456,-0.1658726139,0.445154498,0.08654438899,0.8912617694,0.8840605622,-0.200744086,-0.4220648461
-0.2546288505,-0.7113614338,-0.6550794296,0.8534415975,-0.4838581876,0.1936974287,-0.4547544261,-0.5097510814,0.7303096925
-0.6928859951,0.4487859531,0.5643581896,0.704624412,0.2553394223,0.6620469904,0.1530144956,0.8563836452,-0.493146648
-0.8620227029,-0.4094502645,-0.2987764059,0.4486182291,-0.3419577794,-0.8257157874,0.2359206312,-0.845822297,0.4784622219
-0.6088097979,-0.7870928214,-0.09917419301,-0.789113482,0.5879828991,0.1776964347,-0.08155085853,0.1864430233,-0.9790753068
-0.9526529426,0.3012185896,-0.04146965614,0.2368675384,0.6496825758,-0.7223616268,-0.1906466373,-0.6979827447,-0.6902709234
-0.4299804689,-0.6640536107,0.6116776916,0.8268900764,-0.01766587823,0.5620860418,-0.3624494421,0.7474762329,0.5566953236
-0.7139737857,0.6873259977,-0.1335080756,-0.5725417494,-0.6828746334,-0.4537380083,-0.4030352074,-0.2475180963,0.8810774164
0.2551900959,0.3236597883,0.9111105073,-0.9522305443,0.2475984195,0.1787512608,-0.1677349264,-0.9132028056,0.3713834007
-0.6219346887,-0.08743167827,0.7781728244,-0.4848918299,-0.7373090553,-0.4703777953,0.6148797901,-0.6698739124,0.4161631712
0.5800134708,0.3589332195,-0.7312669263,-0.08807619429,0.9200626329,0.3817424989,0.8098314378,-0.1570085839,0.565262193
0.3891852674,-0.8900783553,-0.2372664092,-0.8019565825,-0.2006638474,-0.5626718938,0.4532112835,0.4092609701,-0.7918996091
-0.4831499827,0.08298220276,-0.8715962644,0.8305194358,-0.2716680958,-0.4862447044,-0.2771345541,-0.9588067583,0.06233810358
0.1833502724,0.7795671119,-0.5988804519,0.7330655195,-0.5143242551,-0.4450679776,-0.6549791002,-0.3574152747,-0.6657752622
-0.2874902954,-0.1136603244,0.9510155944,0.9379079594,0.1678233208,0.3035852315,-0.1941081911,0.9792429033,0.05835534679
-0.7176037178,0.6072175459,0.3410744145,-0.1078973178,-0.5807486759,0.8069009508,0.6880429297,0.5422341076,0.4822645534
0.02155763231,-0.8272630509,0.561401027,-0.3050831218,0.5293048257,0.7916821903,-0.9520816967,-0.1883407715,-0.2409734352
-0.5942738687,0.4446251728,-0.6701843215,0.3702400454,-0.5885037443,-0.7187389316,-0.7139754042,-0.6752568389,0.1851143528
0.5256359811,-0.06574317903,-0.8481654613,0.4843001085,0.8428037091,0.2348090989,0.6993999001,-0.534190736,0.4748473832
-0.803005814,0.3195204081,0.5030788921,-0.5791501506,-0.2192298448,-0.7851900267,-0.1405943304,-0.9218703727,0.3610931324
0.5398681006,0.02859520381,-0.8412637805,-0.6085471922,0.7037551868,-0.3666046262,0.5815606149,0.7098668547,0.3973365069
0.1763430941,-0.2049938309,0.9627464061,0.7696360042,-0.5810337232,-0.2646889372,0.6136477281,0.7876403632,0.05530934835
-0.5643246502,0.7935703519,0.22756051,0.06738832406,-0.2304461326,0.9707488829,0.8227979723,0.5631524453,0.07656905717
-0.5739113988,-0.6423257669,0.5079796408,-0.7395052902,0.1400283644,-0.6584253816,0.3517920299,-0.7535314634,-0.5553671771
0.8739801102,0.3561184765,0.3306635715,0.05859859593,-0.7526952178,0.6557561388,0.4824157661,-0.5537414015,-0.6787086921
0.8190874811,0.4327884844,0.3765498986,0.2458965833,0.3281597501,-0.9120559461,-0.5182958312,0.839645941,0.1623703335
0.5198866349,0.3313208526,-0.7873654675,-0.8380559864,0.3763636167,-0.3949842928,0.1654691824,0.8652033983,0.4733318382
0.2228473455,0.9061073108,-0.3595950528,-0.9744267876,0.2179526753,-0.05467236121,0.02883567767,0.3625826427,0.9315054111
-0.5673811864,0.5757020972,-0.5887662393,-0.4583293596,-0.8147926441,-0.3550311891,-0.6841146011,0.06841083621,0.7261591906
-0.1559065076,0.7953209829,0.5857966327,0.5777364427,0.5544512577,-0.5990028427,-0.8011952095,0.2450476216,-0.5459284747
0.7563928078,-0.6343936637,-0.1594195713,-0.6178635192,-0.6129153838,-0.492523506,0.2147430838,0.4710407748,-0.8555734898
0.8346195983,0.0795087504,0.5450582398,0.5176130073,-0.4516212636,-0.7267152186,0.188379672,0.8886599985,-0.418086721
0.8962127198,0.07987778229,-0.4363740377,-0.06635865839,-0.9484510908,-0.3098984625,-0.4386334338,0.3066921397,-0.8447133491
0.6857847719,-0.7236097363,0.07802689392,0.6162011236,0.5202287033,-0.5913190945,0.3872924243,0.4535978901,0.8026540551
0.1696547391,0.9854138576,0.01329657965,-0.9662033773,0.1636599439,0.1991643958,0.1940832382,-0.04663638384,0.9798758822
0.9675513668,0.1228762712,-0.2207844528,-0.09431351989,0.9862662299,0.135587181,0.2344126972,-0.1103646035,0.9658521324
-0.9691098006,-0.2336429551,-0.07897571685,-0.05311827662,0.5104375618,-0.8582726514,0.2408415308,-0.8275653842,-0.5070807548
-0.3093602606,-0.8692327012,0.3856562463,-0.8370206018,0.05642426447,-0.5442543656,0.4513233224,-0.4911728959,-0.7450211038
-0.5500895483,0.04844775652,0.8336991686,0.3772523338,0.9050624043,0.1963230011,-0.7450383652,0.4225101881,-0.5161423985
0.4542812575,-0.8082745949,-0.3745940715,-0.3492506904,-0.5484122565,0.7597815161,-0.8195440771,-0.2143272645,-0.5314238697
0.8464741409,0.5269674518,0.07607124027,0.2084333288,-0.1965018619,-0.9580931926,-0.4899357879,0.8268568939,-0.276171325
-0.9391372689,-0.1893272433,-0.2866642376,0.3422079338,-0.4420825862,-0.8291300966,0.03024764792,-0.8767657508,0.4799655175
-0.8790494015,0.4440959084,-0.173352167,-0.06693596445,-0.4749999227,-0.877436408,-0.4720081845,-0.7597064549,0.4472743857
-0.1971186376,-0.7261130668,0.6587139415,-0.5127835276,0.6490227096,0.5619809394,-0.8355820106,-0.2270007414,-0.5002732923
-0.4257721206,-0.8977043486,0.1133358008,-0.02304423673,0.1359739423,0.99044437,-0.9045369337,0.4190918628,-0.07858082522
-0.2292495921,0.9729621025,0.02809575798,0.9047016569,0.2023393282,0.3749316046,0.3591093655,0.1113711961,-0.9266266348
0.1262684894,0.5086834951,0.8516439223,-0.03814661215,-0.8553905139,0.5165771044,0.9912623793,-0.09771474088,-0.08860431599
0.7562225567,0.631261219,-0.1721531821,0.5923736295,-0.5487728109,0.5898659891,0.2778865377,-0.5480489717,-0.7889368775
-0.2950155434,0.1549438682,0.9428458129,-0.4190256513,-0.9077945496,0.0180709493,0.8587102728,-0.3897453698,0.3327389578
0.5201489894,0.8526025617,-0.05013881395,-0.6334298698,0.3457276318,-0.6922709041,-0.5728975728,0.3918434336,0.719893808
-0.8430391614,-0.502601561,0.1915114702,0.5344518958,-0.7428315799,0.4031902963,-0.06038330438,0.4422588778,0.8948524692
0.8134296306,-0.03851950238,-0.5803864955,-0.2066607494,0.9135643359,-0.3502735199,0.543712765,0.404865968,0.735159831
0.2679084564,0.6649941637,-0.6971426119,-0.004342050094,0.7244200829,0.6893451168,0.9634345881,-0.1816543581,0.1969657041
-0.3278260513,0.8376733041,-0.4368449562,0.4827080674,-0.2489655506,-0.839648186,-0.8121102154,-0.4861271338,-0.3227342684
0.1868774413,-0.6330179372,0.7512423797,0.9167706322,-0.1624087772,-0.3649040929,0.3529991925,0.7569092946,0.5499817177
0.05059682609,0.3251445447,-0.9443097936,0.9146698938,-0.3947474189,-0.08691064812,-0.4010223768,-0.8593343356,-0.3173728927
-0.8255623566,0.5494541051,0.1286350719,-0.5623097941,-0.7817971269,-0.2694456306,-0.0474814782,-0.2947769307,0.9543857031
0.03556803561,0.8642512333,-0.5018014751,0.06235431987,-0.503060045,-0.8619991472,-0.9974200989,-0.0006298732935,-0.07178265545
0.717299648,0.6143099228,0.3287925393,-0.6967129722,0.6381242193,0.3277018691,-0.008499972633,-0.4641344625,0.8857239702
-0.8344467301,0.540344109,0.1082908053,-0.5104346594,-0.8318942971,0.2177345561,0.2077380881,0.1264125081,0.9699818373
-0.9529281879,-0.3003223535,0.04164556036,0.2526252092,-0.8624132731,-0.4386614299,0.1676555169,-0.4074921232,0.897686915
-0.8838118947,0.2224941273,-0.411549387,-0.4455228925,-0.131801544,0.8855155025,0.1427791543,0.9659838074,0.2156139995
0.360248952,0.9300156971,0.07274266703,0.1107678319,-0.1200726599,0.9865662897,0.9262565411,-0.3473519244,-0.1462718724
0.8068225001,-0.1698510349,-0.5658516407,-0.4459466335,-0.8033213075,-0.3947232917,-0.3875165204,0.5708112672,-0.723882203
0.6598136157,0.3097348976,-0.684624193,-0.604744414,0.7596675943,-0.2391429277,0.4460159034,0.5718124162,0.6885494713
-0.4499885727,-0.8929182561,0.01439695322,0.01752217827,0.007290231057,0.9998198966,-0.8928623957,0.4501597943,0.01236535224
0.2439420982,0.8976447054,-0.3670507262,-0.4526369405,-0.2293437504,-0.8616967241,-0.8576782923,0.3763448245,0.3503605573
-0.3914524476,-0.4353627442,-0.8106936919,0.2654001114,-0.8969765884,0.3535474235,-0.8810946386,-0.07676119187,0.4666690019
0.629980548,-0.6222905768,0.4646277513,-0.6084761394,-0.02374710902,0.7932167816,-0.4825777626,-0.7824260431,-0.3936091845
0.1503395175,-0.4206904435,0.894660595,0.3707012062,0.8629085055,0.3434669227,-0.9165034889,0.2800151102,0.2856797032
-0.5354006948,-0.2829024183,-0.795809222,-0.2761915377,0.9490753882,-0.1515722336,0.7981630976,0.1386438936,-0.5862708762
0.5398097048,0.8239648543,0.1723003238,-0.6284373673,0.2582816265,0.7337282036,0.5600642444,-0.5043535669,0.6572332322
-0.7451893684,0.05096112639,0.6649028267,-0.3585401652,0.8100775863,-0.4639216033,-0.5622648445,-0.5841038158,-0.5853895943
-0.3151195556,0.8176557022,-0.4818078643,-0.3520908338,-0.5721643462,-0.7407158737,-0.8813238397,-0.06377392423,0.4681892525
0.4343800607,-0.478161153,-0.7633320866,0.4750584787,-0.5983890334,0.6451744,-0.7652668846,-0.642878275,-0.03277375478
0.1535920597,-0.5357387295,0.8302972316,0.06850150527,-0.8324731905,-0.5498144512,0.9857570811,0.1413237442,-0.09116236259
0.5033561112,0.1045376543,0.8577321867,-0.8189646737,0.3742729253,0.4349903914,-0.2755530595,-0.9214074322,0.2740052103
0.6697452294,-0.7349989207,-0.1059146551,-0.5621840082,-0.4086657139,-0.7189864221,0.4851705562,0.5410812515,-0.6869065516
0.6352182793,0.7721221762,-0.01803004554,0.4617355581,-0.3609452991,0.810258456,0.6191106622,-0.5230160953,-0.5857953158
-0.1368119182,0.9551953108,0.2624584106,0.474921322,0.2957622532,-0.8288392049,-0.8693286128,0.0112520138,-0.4941064209
-0.6848849236,0.7032277668,-0.1907966176,0.5929475003,0.6900730345,0.4149849021,0.4234925069,0.1710845255,-0.8895977641
-0.974056476,-0.1577667799,0.1622455689,-0.2184992466,0.8423049246,-0.4927276055,-0.05892419399,-0.5153950495,-0.8549244892
-0.5796871301,-0.525625575,0.6226400134,-0.2983030708,-0.5741868348,-0.7624465598,0.7582731099,-0.6277158861,0.1760529954
-0.1260377599,0.5535233733,0.823241373,0.1147662075,-0.8161511614,0.5663267603,0.9853645014,0.1658588466,0.03934008567
-0.9427562409,-0.05704216602,-0.3285678952,0.2667365716,-0.7203352418,-0.6402880141,-0.2001556188,-0.691276595,0.6943157764
-0.715374602,0.01516707708,-0.6985765087,-0.3849347794,-0.8429306547,0.3758897804,-0.5831504047,0.5378083963,0.6088495171
0.05262821795,0.8790666607,-0.4737848422,0.7361944352,-0.3547139897,-0.5763642415,-0.6747207009,-0.3184647415,-0.6658319489
-0.1651706738,0.6155753745,-0.7705748548,0.1218624126,-0.7625812082,-0.6353105174,-0.9787074134,-0.198838777,0.05094055167
0.1656788081,0.7841228565,0.5980818326,-0.7877326675,0.4700936594,-0.3981070157,-0.5933192876,-0.4051707016,0.6955637466
0.3160527673,-0.4298698068,-0.8457674607,0.8217272455,-0.3215495017,0.4705000021,-0.4742098505,-0.8436929935,0.2516091224
0.9422532408,-0.3232919351,0.08741369912,-0.1959345137,-0.743838063,-0.6389949941,0.2716035649,0.5849677436,-0.7642278736
0.1421386316,0.8355615772,0.5306914924,0.433221304,0.4295466925,-0.7923439535,-0.8900089389,0.3425295457,-0.3009278968
-0.7255960205,0.4949041395,0.4781007297,0.6836054213,0.5978973679,0.4185718165,-0.07870224318,0.6305462951,-0.7721511035
-0.3950800152,0.6350960593,-0.6637505383,-0.9091442326,-0.1666539853,0.3816847042,0.1317897791,0.7542409725,0.6432355787
0.3702116335,-0.02240456896,-0.9286772214,-0.8187253799,0.4644620024,-0.3375852492,0.4388987338,0.8853095976,0.1536060474
-0.9726027346,0.13979163,-0.185747734,-0.2048739047,-0.1378062987,0.9690387542,0.1098662992,0.9805446059,0.1626704401
0.7845614855,-0.6127076075,-0.0951454842,-0.210244435,-0.1185179519,-0.9704384435,0.583318569,0.7813724353,-0.2218029852
0.7640205579,-0.645000293,0.01572288391,-0.5578726045,-0.6481809396,0.5183045694,-0.3241153255,-0.4047667124,-0.8550515564
0.4735016927,-0.2025917246,0.8571771931,-0.4707702221,0.7643064726,0.440693787,-0.7444269911,-0.6122027516,0.2665262573
0.692928522,-0.3936559916,-0.6040571361,0.005883968517,-0.8346819923,0.5507007815,-0.7209822759,-0.3851505317,-0.5760586998
0.4262634407,0.8224067081,-0.3767581262,0.8629139487,-0.4946496127,-0.1034469811,-0.2714387524,-0.2810141763,-0.9205172656
-0.07066642692,-0.5785019712,-0.8126141308,-0.9925840843,-0.0399975055,0.114791268,-0.09890951291,0.8146997415,-0.5713853684
0.8461136267,0.3632250356,0.3900760235,-0.5241874194,0.4345138629,0.7324105762,0.0965364178,-0.824175513,0.5580460947
-0.7448561057,0.5423655724,0.3886244559,-0.5071591787,-0.8386957994,0.1984412342,0.4335653924,-0.04928429505,0.8997733653
-0.1321333641,0.5990933328,0.7897011794,-0.3072245913,0.732701945,-0.6072568734,-0.9424191344,-0.3228545156,0.08724183141
-0.1517454145,0.686160878,0.7114468206,0.03745070721,-0.7152739866,0.6978399305,0.9877098632,0.1325381961,0.08284233746
-0.00886338223,0.2109098709,0.9774653277,0.2672430217,-0.9414486351,0.2055617538,0.9635884017,0.2630427601,-0.04801977199
0.07637874854,0.887560992,-0.4543146182,0.2201293116,-0.4594128409,-0.8605131771,-0.9724758984,-0.03428304446,-0.2304675681
-0.2380197759,-0.8379513793,-0.4911049505,0.6978098913,0.2041699807,-0.6865682592,0.675579708,-0.5061147153,0.5361342677
0.06596500853,0.5417879378,-0.8379226981,-0.1990762881,-0.8157231517,-0.5431062248,-0.9777613458,0.2026365473,0.05404794703
0.9557502195,-0.07747286224,0.2837947739,-0.2056369217,0.5139175161,0.8328278593,-0.2103686633,-0.8543340929,0.4752454978
0.1209817202,0.5781907147,0.8068822225,-0.8632549598,0.462572594,-0.2020333381,-0.4900554029,-0.6721027397,0.5550888302
-0.6679024222,-0.03754753228,-0.7433011081,0.02547439429,0.996988009,-0.07325274853,0.7438127517,-0.06786083354,-0.6649342054
-0.6286805201,-0.3354447054,0.7015965032,-0.7699664288,0.1418759256,-0.6221116622,0.10914441,-0.9313152374,-0.3474757926
0.425175924,0.9012376403,0.08364298741,-0.8336605366,0.3539491408,0.4239458874,0.3524706277,-0.2499814423,0.9018169078
-0.8783095621,0.1869320621,-0.4400326319,0.3327648363,-0.4218308195,-0.8434016384,-0.3432781331,-0.8871951104,0.3082936253
0.3088871567,0.8692690137,-0.3859535027,-0.9459559643,0.2386424069,-0.21958396,-0.0987726596,0.4329216828,0.8960037824
0.5791745045,-0.8138805279,0.04642606498,0.8108785791,0.5693081177,-0.1355145637,0.08386192893,0.116132482,0.9896870331
0.5853807155,0.6587876214,-0.4725762242,0.6950109198,-0.1076083829,0.7109010179,0.4174796273,-0.7445933829,-0.5208564629
0.3407647627,-0.7025544412,-0.6247372517,0.7527117739,-0.1942680576,0.6290349015,-0.5632977562,-0.6846000138,0.4626212912
0.08349272854,-0.2303027488,-0.9695306123,0.115505056,-0.9641333288,0.2389675841,-0.9897916681,-0.1319377433,-0.0538969904
0.4775018892,-0.8563290681,0.1967040239,0.1093291362,0.280043788,0.9537413784,-0.8718022056,-0.4339078289,0.2273431551
-0.961023213,-0.2536589363,-0.1099614843,-0.1177062439,0.7352892122,-0.6674541291,0.2501591977,-0.6284957585,-0.7364872419
-0.5576566401,-0.3939030764,0.7306568539,-0.8181288606,0.4096024672,-0.4035975549,-0.1403005315,-0.8228403158,-0.5506810107
0.4345316754,-0.3624024193,-0.824528174,-0.7781020567,-0.6121011171,-0.1410298257,-0.4535850663,0.7028489944,-0.5479633917
0.9406209269,0.2851996227,0.1841017308,-0.1820451205,-0.03394833054,0.982703966,0.2865167468,-0.9578667371,0.01998668948
0.4944000329,0.6228579967,0.6063138818,-0.1636707215,0.7517554979,-0.638807926,-0.8536864193,0.2165908292,0.4736115606
0.4520691941,-0.2230403736,-0.8636471707,-0.2901443081,0.8788085326,-0.3788295707,0.8434747917,0.4218394894,0.3325683701
0.806981761,-0.5885688767,0.04865300173,-0.1761827932,-0.1612923299,0.9710532466,-0.5636843626,-0.7921940808,-0.2338556771
-0.5582147381,0.706221193,0.4354858581,0.7775506266,0.6284205267,-0.02242018785,-0.289501864,0.3260970225,-0.8999163308
-0.6208713853,0.7623410468,-0.1826331058,-0.203503443,-0.3817319135,-0.9015914234,-0.7570370345,-0.5226058501,0.3921454497
0.9116538419,0.3833859049,-0.1479950017,0.0195032526,-0.4000776757,-0.9162736909,-0.4104959143,0.8324380466,-0.3722096222
-0.8790233275,-0.2379827561,-0.4131370202,0.05714670513,-0.9128603635,0.4042526574,-0.473341572,0.3317380966,0.8160254845
-0.2159558765,-0.9043290821,0.3681738324,0.3869927203,0.2669150145,0.8826058064,-0.8964372224,0.3330845035,0.2923269056
0.2310894866,-0.9629235393,0.1391973659,0.8036757384,0.1082871131,-0.5851317874,0.5483638907,0.2470873502,0.7989022998
0.05567746571,-0.9979762048,0.03071668174,0.8352156579,0.02969563915,-0.5491201815,0.5470967233,0.05622867357,0.8351787303
-0.07301908437,-0.2727944164,0.9592973573,0.08587027463,0.9565734827,0.2785560408,-0.9936269467,0.1027150346,-0.04642318843
-0.4386336098,-0.8662764402,0.2390934663,0.4332521595,0.02924698812,0.9007980795,-0.7873329173,0.4987080739,0.3624874264
