0.1030251696,0.2924750964,-0.9507071749,0.610019961,0.7363671288,0.2926415875,0.7856598893,-0.610099803,-0.1025512985
-0.1605355182,0.9693809828,-0.1858194221,-0.5279896496,-0.2434008086,-0.8136233627,-0.8339396125,-0.03250471655,0.5508976003
0.1663584682,-0.8314959129,-0.530037175,0.940318079,0.2955992001,-0.1685912907,0.2968615341,-0.4703569493,0.8310460696
0.7101356194,0.3181539739,-0.6280807678,0.3893921053,0.5657491151,0.7268436744,0.586584342,-0.7607272755,0.2778719526
0.2666889101,-0.7627991998,0.5890792867,0.5970844392,-0.3490265251,-0.7222677185,0.7565495342,0.5443508662,0.3623740289
-0.9497021075,0.1998511222,-0.2410921733,0.3131384391,0.6139167411,-0.7246037213,0.003197654505,-0.763652908,-0.6456190913
-0.2042644905,-0.7522050112,-0.6264691844,-0.9590201058,0.0253998239,0.282197246,-0.1963579756,0.6584394202,-0.7265680115
0.5956330855,0.5747005228,-0.5611956313,0.5262218375,0.248675923,0.813173329,0.6068869789,-0.7796663353,-0.1543003578
-0.9479679819,0.002603918745,0.3183550297,-0.3175428047,0.06411599905,-0.9460738374,-0.02287515018,-0.9979390554,-0.05995305857
0.8048231327,-0.1236831586,0.580484454,-0.3302767181,0.7192915226,0.6111767298,-0.4931298152,-0.6836096707,0.5380527888
0.9585301104,-0.1347956145,-0.2510979287,-0.03833581322,0.8120796634,-0.582286,0.2824011206,0.5677647072,0.7732353099
-0.3458584838,0.02188027651,0.9380315361,0.246279349,-0.9625587162,0.1132572296,0.9053885307,0.2701887698,0.3275204379
-0.5555991311,-0.7481040777,0.3628359058,0.8281164542,-0.4588604837,0.3219785627,-0.07438241648,0.4793613934,0.8744597822
-0.8082397569,0.5150409814,0.2854492649,-0.04430496264,-0.5365689777,0.8426925907,0.5871844392,0.6684508357,0.4564952515
0.4882249662,-0.7622691547,-0.4249495478,-0.07019004804,0.4510522333,-0.8897332409,0.869890648,0.4642172107,0.1667112528
-0.283267273,-0.9577362588,-0.050009105,0.6970767042,-0.1697989858,-0.6966005834,0.6586681413,-0.2321843298,0.7157141305
0.551957608,-0.7304198821,-0.4022804927,-0.4919630079,-0.6747612491,0.5501542108,-0.6732868615,-0.105754681,-0.7317791672
-0.7994663994,-0.590503563,-0.1102679385,-0.5687093983,0.6849022464,0.4554981154,-0.1934505013,0.4268658513,-0.8833812589
0.9123639436,0.4064688557,-0.0487350362,-0.4073435691,0.8895100319,-0.2069857962,-0.04078297614,0.2086982809,0.977129355
-0.2097089304,0.9011789301,0.3793398219,-0.9056051851,-0.03274311086,-0.4228559299,-0.3686480887,-0.4322087744,0.8229788345
0.9638746308,-0.07046896299,0.256865376,-0.1208885602,-0.9750600865,0.1861284066,0.2373429,-0.2104565347,-0.9483545723
-0.09037063601,-0.9828449678,0.1607759855,-0.07687919943,-0.1540701644,-0.9850644513,0.9929364213,-0.10138123,-0.06163691554
0.8703022408,-0.13013581,-0.4750144004,-0.4409095557,0.2239368611,-0.8691668689,0.2194829684,0.9658762618,0.1375146299
0.2539416494,-0.7192990312,0.6466239575,0.4050398045,-0.5280115529,-0.7464225055,0.878325905,0.4514562036,0.1572606143
0.5847545072,-0.1447896516,-0.7981842664,-0.8108286782,-0.07414347512,-0.580568342,0.02488013265,0.9866806484,-0.160755333
0.5283476564,-0.08692565129,0.8445665664,0.4350031687,-0.8265463535,-0.3572021399,0.7291234444,0.556116046,-0.398890895
-0.4050034007,0.8094484924,0.4251651251,0.2082042796,-0.3711444195,0.9049324825,0.8902938972,0.4550219314,-0.01821588822
0.2802862556,-0.9491929792,0.1430814564,-0.9558699786,-0.2623148665,0.1323007743,-0.08804657302,-0.1738493573,-0.9808283244
-0.05439990066,-0.440485404,-0.8961100712,0.6313565991,-0.7104460976,0.3108941736,-0.7735822487,-0.5488523948,0.3167515637
-0.7440696297,0.5235199868,-0.4150749445,-0.6057464479,-0.7907125764,0.08857122815,-0.2818361706,0.3173333342,0.9054655863
0.1775573107,0.5119540023,0.8404620759,0.9238923003,0.2074432545,-0.3215436417,-0.3389637426,0.8335888649,-0.4361572944
-0.6367817433,0.4458149537,0.6290930285,-0.677635616,-0.712837432,-0.1807560995,0.3678572868,-0.541398026,0.7560219534
-0.8397584323,0.08178719174,-0.5367649679,0.05314584538,0.9962242462,0.06864962105,0.5403529352,0.02912227016,-0.8409343606
0.1506414848,-0.6364440866,0.7564694757,-0.7704865129,0.403852255,0.4932077549,-0.6194010627,-0.657147077,-0.4295346816
-0.1850204022,-0.1897347915,0.964244865,-0.9789097937,0.1220662016,-0.1638153172,-0.08662024304,-0.9742179178,-0.2083179834
-0.9111020762,-0.3390017947,0.2344585037,-0.1126993616,-0.3422616039,-0.9328214451,0.3964742875,-0.876318879,0.2736299721
-0.2327065698,0.558176054,-0.796421462,0.3810461984,0.8057593041,0.4533825522,0.8947912869,-0.1979682718,-0.4001963472
0.2609586019,0.880144764,-0.3965423086,-0.6655061578,-0.1335362248,-0.7343498013,-0.6992868954,0.4555362457,0.5508943336
-0.3932293018,0.9188473418,-0.03301936718,-0.02743635239,0.02416996668,0.9993313061,0.9190309912,0.3938722828,0.01570548034
0.1421837947,-0.9812077378,0.1304421093,-0.6741053526,-0.1924841862,-0.7131141645,0.7248211794,0.01346155389,-0.6888055201
0.1093768593,0.0792963794,0.9908323707,-0.4130494054,-0.9030490182,0.1178671264,0.9041166359,-0.4221546576,-0.06601934303
-0.4005105141,-0.4582694677,0.7934610407,-0.2384278691,0.888239994,0.3926599857,-0.8847279126,-0.03191877243,-0.4650136692
0.6583978065,-0.4292366942,0.6182784072,-0.2231161164,-0.8958287142,-0.3843307343,0.7188404044,0.1150946354,-0.6855812846
-0.4873948283,0.2961975215,-0.8214093435,0.8355085773,-0.1151375566,-0.5372790339,-0.253715783,-0.9481615745,-0.1913581202
0.3340777001,-0.9335403935,0.1299785519,0.8756892907,0.2564047377,-0.4091758505,0.348655068,0.250517353,0.9031504301
0.5440689506,-0.8387615638,0.02163368184,-0.3254651974,-0.2347400598,-0.9159527879,0.7733442845,0.4913004615,-0.4007024759
0.4607162018,-0.8151509757,-0.3510975196,-0.5892159288,-0.5767421994,0.5658560106,-0.6637508348,-0.05382678088,-0.7460144147
-0.6050824772,-0.6402634147,-0.4732208318,-0.2980994004,0.7333340378,-0.6110302255,0.738249242,-0.2286568363,-0.6345897162
0.9986083606,0.01777464303,0.04965283744,-0.03747908653,0.901556825,0.4310343482,-0.0371033728,-0.4322954468,0.9009683604
-0.03674492574,-0.5788193299,-0.8146275184,-0.4499361087,0.7374610513,-0.5036950426,0.8923044932,0.3480220988,-0.2875296685
-0.2206303209,-0.7972899532,0.5618282585,0.9372050694,-0.3328268904,-0.1042732894,0.2701275983,0.5035424426,0.8206558896
0.5080720158,0.3861049803,0.7699258217,-0.6088685595,-0.4712576075,0.6381185977,0.6092141692,-0.7929938282,-0.004345619434
-0.8505867016,0.2623838389,0.4556939589,0.06322291836,0.9113544623,-0.4067381303,-0.522020235,-0.3171557427,-0.7917746581
0.8581557387,0.2686758425,0.4374723075,-0.3946778102,-0.1996992937,0.8968554054,0.3283262925,-0.9423022253,-0.06533270171
-0.4618397857,0.4604973883,-0.7580541984,0.5710617628,-0.4995744536,-0.6513937583,-0.6786696364,-0.7337353206,-0.03224909173
0.3594042665,0.4769750468,-0.8020744217,0.7905735249,0.3010311688,0.5332670411,0.4958044725,-0.8257572526,-0.2688919576
-0.8794395619,0.08473401508,0.4684081593,-0.2802814724,0.7031824447,-0.6534345764,-0.3847445299,-0.7059423462,-0.5946570866
-0.9005474622,-0.434664541,0.00900028494,0.05895271616,-0.1015765419,0.9930794447,-0.4307422032,0.8948457649,0.1170991523
0.9318692649,0.1209242211,0.3420482508,0.04234181585,0.9001221087,-0.4335750917,-0.360314923,0.418518246,0.8336759766
-0.2548092449,0.8549027649,0.4518998908,-0.6172659424,0.2159273381,-0.7565435487,-0.744348712,-0.4717167024,0.4726820788
0.3605966794,0.9291708681,-0.08131133186,-0.7805199784,0.2528783644,-0.5717001803,-0.5106452762,0.2696183056,0.8164235244
-0.4173758237,0.8741435869,-0.2483352799,0.8390199866,0.2657183259,-0.4748044159,-0.3490600003,-0.4065301474,-0.8443283457
0.1423723735,0.1694894281,-0.975194053,0.8589883676,-0.5106816484,0.03665021542,-0.4918018825,-0.8428983258,-0.2182964056
0.7025288636,-0.03940193045,0.710563638,-0.6334127294,-0.489772945,0.5990916262,0.3244094791,-0.8709592127,-0.3690373148
0.7785077461,-0.2023282253,-0.5941287558,0.1923579012,0.9779767857,-0.08099286712,0.5974312739,-0.05123178605,0.800281936
-0.1312439839,-0.2645133137,0.955409715,0.9294187092,0.3024650898,0.2114136523,-0.344899811,0.9157224341,0.2061468992
-0.2058587926,0.0484459212,0.9773817833,-0.9733392242,-0.1133818565,-0.1993873349,0.101157858,-0.9923696626,0.07049496744
0.7477651147,0.421362265,0.5131288093,-0.6127190231,0.1402029642,0.7777650851,0.2557786778,-0.8959893808,0.363015561
0.6567585278,0.2804486601,0.7000119893,-0.2080100164,0.9596330653,-0.1893045508,-0.7248448587,-0.0212821273,0.6885833296
-0.7705692136,-0.3237676544,0.5489968971,0.612525259,-0.1380996804,0.7782938297,-0.1761700716,0.9360037309,0.3047312285
-0.2374578547,-0.5610919189,0.7929625626,-0.2134635659,0.8264977731,0.5208980103,-0.9476534563,-0.04557729219,-0.3160310699
0.2190949143,-0.8988548964,-0.3795488029,0.6656675339,-0.1467046512,0.7316860526,-0.7133611658,-0.4129620087,0.5661962792
0.3889643747,0.8469622739,-0.3624384387,-0.6463006376,0.5312314148,0.5478034956,0.6565075789,0.02116814988,0.7540223527
0.794286641,0.3176378258,0.5178947225,-0.3421883109,-0.4704757842,0.8133632008,0.5020118444,-0.823261045,-0.2650006792
0.8747987627,0.415220116,-0.2496384987,-0.05584743265,0.5982518429,0.7993596166,0.4812568846,-0.6853371344,0.5465389495
-0.01514658696,0.9966352487,-0.08055285207,-0.9813165709,0.0006368356497,0.192399018,0.191802942,0.08196203703,0.9780050388
-0.6581978779,-0.4340545916,0.6151196347,-0.7478585474,0.4708558673,-0.467976864,-0.08650518253,-0.7680438553,-0.6345277691
-0.4156294226,0.8944879863,0.164752619,-0.8539843055,-0.3214551517,-0.4091178208,-0.3129903976,-0.3107375545,0.8974849209
-0.7089347997,0.1180126496,-0.6953304713,-0.5779556554,-0.6622428165,0.4768665562,-0.4042013239,0.7399374747,0.5376930567
0.772931804,-0.5027056416,-0.3871220277,-0.5775236994,-0.8100850695,-0.1011363277,-0.2627599722,0.3017436298,-0.916464936
0.6769461944,-0.3434459556,-0.6509905725,-0.6214691035,0.207176686,-0.7555487901,0.3943602457,0.9160364056,-0.07319358096
-0.2630940946,-0.8993506792,0.3492131916,0.8486393941,-0.387905314,-0.3596396058,0.4589037765,0.2017370149,0.8652800129
-0.5461336816,-0.4334525775,-0.7168381023,0.651514185,0.3181117359,-0.688719239,0.5265617424,-0.8431629656,0.1086689692
0.6454827752,-0.5921023053,0.4824591661,0.1137275059,0.6991455638,0.7058764304,-0.7552602474,-0.4007621996,0.5186247373
-0.382683045,0.696556857,-0.606928523,0.0541997506,-0.6388768414,-0.7673973994,-0.9222884983,-0.3265653481,0.2067341271
0.1043615203,0.9873337946,-0.1195016784,0.06976188486,0.1125944453,0.9911890689,0.9920896898,-0.1117786604,-0.057127739
0.1847794408,0.2890828186,0.9393016992,0.9803598892,0.0128140915,-0.1968001186,-0.06892783092,0.9572183257,-0.2810374194
-0.6451331143,-0.04149933634,-0.7629423765,-0.7273345499,-0.2725362984,0.6298479329,-0.2340677624,0.9612501085,0.1456382898
-0.7392274847,0.1224973184,0.6622213624,-0.4508073497,-0.8205217046,-0.351449663,0.5003153599,-0.5583355077,0.6617748873
-0.8270403316,-0.43558014,-0.3553508568,-0.2900086876,0.8721270184,-0.3940677923,0.4815591874,-0.222855122,-0.8476062433
-0.8874529388,-0.3445345728,0.3061424662,-0.1159585529,-0.4759583114,-0.8717897108,0.4460727468,-0.8091721782,0.3824388717
-0.9116051402,0.31045809,-0.2694287339,-0.3400588326,-0.9377973314,0.06997253485,-0.2309460081,0.1554089432,0.9604748834
0.2012946482,0.1489288834,-0.9681428884,-0.3695330684,0.926888474,0.06575004292,0.9071525649,0.3445256804,0.2416118366
-0.5892242456,-0.2073641482,-0.7809064594,-0.4578470957,0.8820436681,0.111242998,0.6657257884,0.423082826,-0.614662588
0.9025975352,-0.4283927248,-0.0423953167,-0.3764166923,-0.8331793887,0.4051204512,-0.208873558,-0.3497024158,-0.9132798351
-0.9709371848,-0.004881188768,0.2392846779,-0.2120698829,-0.4458864013,-0.8696043249,0.1109384868,-0.8950762488,0.4318925341
-0.1772198656,-0.9837286355,-0.0295142508,-0.371341265,0.09460972099,-0.9236637189,0.9114267849,-0.1527317009,-0.3820657579
0.5660626437,-0.8227763773,-0.05110886716,0.1896419828,0.190305705,-0.9632339576,0.8022524551,0.5355583736,0.2637578941
-0.3610896333,-0.5707363813,-0.7374783114,0.5864991485,-0.7538350274,0.2962287973,-0.7250055348,-0.3255652539,0.6069384153
-0.771916318,-0.1246191487,0.6233901393,0.6235013888,-0.3397706534,0.704132034,0.1240613403,0.9322156247,0.339974724
-0.3505999561,-0.9045257493,-0.2427196729,-0.7875504872,0.4250047745,-0.4462456406,0.5067976923,0.03470029465,-0.8613663499
0.06116443879,0.9112750893,-0.4072304299,-0.9971842894,0.07352412694,0.01475451603,0.04338668473,0.4051813352,0.9132062643
-0.29383307,0.9197943939,-0.2600776807,-0.7518958743,-0.05441699608,0.6570322555,0.590181939,0.3886091398,0.707579123
0.6256337676,0.6806504483,-0.3811789029,-0.3757071743,-0.165328992,-0.9118719447,-0.6836859718,0.7137095289,0.1522898564
0.4844060194,0.8591253212,-0.1650893418,-0.6256072148,0.2082696956,-0.7518240131,-0.6115279398,0.4674691608,0.6383620936
-0.5151394469,0.7524189684,-0.4104839172,0.6822848438,0.07011509654,-0.7277164731,-0.5187665585,-0.6549424168,-0.5494831103
-0.5627130661,-0.716252517,0.4127182296,0.7886268635,-0.6148166707,0.008254184602,0.2478339674,0.3301254205,0.9108213499
0.5672110056,0.7189833962,0.4016647248,0.1522692286,0.3877489603,-0.9091011087,-0.809373682,0.5768133318,0.1104564306
-0.01448229346,-0.9058490949,-0.423352903,-0.956209037,0.1363299794,-0.2589950081,0.2923260862,0.40106303,-0.8681554615
0.3064501871,0.8902610634,0.3369325182,0.9171676109,-0.1814309922,-0.3548046907,-0.2547388001,0.4177535566,-0.8721181741
-0.3671866416,0.6497632068,-0.6655687382,-0.8579135027,0.0398895752,0.5122433441,0.3593861322,0.7590893207,0.5427937096
0.964326965,-0.2020370096,-0.1710396193,0.2644677712,0.7074537836,0.6554128028,-0.01141501689,-0.6772667059,0.7356490376
-0.2007626785,-0.9219001176,0.3313525616,-0.9642438516,0.1262298836,-0.2330231988,0.1729975191,-0.3662870318,-0.9142787697
0.287075129,-0.9443488618,-0.1606022964,-0.03665917908,0.1567057188,-0.9869647523,0.9572063387,0.2892205819,0.01036726039
-0.1491054099,-0.8323404289,0.5338323586,-0.9093623488,-0.09661220614,-0.4046309433,0.3883654147,-0.5457797102,-0.7424936448
-0.417589112,-0.7019262149,-0.5769912671,-0.9024835927,0.2466347803,0.3531212965,-0.1055589806,0.6681847603,-0.7364688912
0.6951781043,0.7179164726,-0.03637776313,0.6016571267,-0.6088019845,-0.5170772143,-0.3933651041,0.3375738172,-0.8551653716
-0.4159710916,0.8900329654,0.1865726976,0.332015742,0.339643338,-0.880004517,-0.8466012036,-0.3041113669,-0.4367867655
0.6883100178,0.6135362849,-0.3870433394,-0.7087019364,0.6826134104,-0.1782708538,0.1548253366,0.3970039786,0.9046640018
-0.2313609397,0.9554962266,-0.1830275296,0.5186076878,-0.03804331812,-0.8541655414,-0.8231149262,-0.2925400263,-0.4867259509
0.1131499831,0.4083906919,0.9057671468,0.7957686899,-0.5831113306,0.1635034197,0.5949363609,0.7022807266,-0.390963563
-0.437537244,-0.05436489108,0.8975553569,-0.7009739314,0.6458125877,-0.3025915549,-0.5632021908,-0.7615579821,-0.3206754312
0.7266153234,0.008516449655,-0.6869917335,0.01128996255,0.9996401464,0.02433340017,0.6869517513,-0.02543713238,0.7262576979
-0.7433485995,-0.6249027305,0.2385989039,-0.6548096264,0.6069781747,-0.4503352626,0.1365914081,-0.4909929459,-0.8603886996
-0.699507409,-0.1100207768,-0.7061053841,-0.6113497123,0.6037872048,0.5115589317,0.3700552851,0.7895165863,-0.4896147934
0.79253748,-0.4945892266,-0.3567433807,0.5715114626,0.3983152062,0.7174396453,-0.2127416061,-0.7724807398,0.598343142
0.7827632895,0.560805206,0.2697761175,0.09307504074,-0.5341242287,0.8402668297,0.6153199732,-0.6326206045,-0.4702898056
0.02109328438,0.9978238721,-0.06247074265,-0.03180741249,0.06312277522,0.9974987738,0.9992714155,-0.01905349262,0.03306966214
0.8479426634,0.09691795813,0.5211527118,-0.5083299674,-0.1301128455,0.8512762722,0.1503126204,-0.9867510106,-0.06106193023
-0.03684815127,-0.9664480796,-0.2542052778,0.7547571417,0.1398080258,-0.6409332048,0.654968603,-0.2154804525,0.7242819228
-0.8145861813,-0.5531784632,0.1744790566,-0.4966907764,0.8205837354,0.282737698,-0.2995790813,0.1436520836,-0.9431948118
0.6091897588,-0.01336109159,-0.7929119239,0.3282526533,-0.9059333397,0.2674602394,-0.721898908,-0.4232094816,-0.5474994989
0.2785889437,-0.4964610981,0.8221402426,0.1848493703,-0.8123074773,-0.5531611633,0.942453665,0.3060766904,-0.1345293607
-0.07231200204,-0.9712418302,0.2268485873,-0.8966495303,0.1629122741,0.4116785285,-0.4367958267,-0.1736343807,-0.8826440435
-0.8086635251,0.5188600929,0.2772138292,-0.0942750452,-0.5794473789,0.8095387273,0.580668166,0.6285100947,0.5174935188
-0.7385967353,-0.667915806,0.09145129136,0.6741132032,-0.7303635397,0.1101838879,-0.006800871434,0.1430299829,0.9896949895
0.7853372056,-0.2432195157,-0.5692888025,-0.4454331291,0.4166236715,-0.7924733711,0.4299241806,0.8759389154,0.21885204
0.415901654,0.8112171315,0.4110384163,0.5540550697,0.1323866738,-0.8218860921,-0.7211440868,0.5695617035,-0.3943991278
0.3411111681,-0.9391837197,0.03971286422,-0.5221781151,-0.2244453645,-0.8227723224,0.7816477385,0.2599196393,-0.566982005
0.01638799298,0.9980776488,0.05976989832,0.9988465063,-0.01904039892,0.04408083554,0.0451341394,0.0589785577,-0.9972384064
-0.02069326387,0.3257931293,0.9452145924,0.05586530893,0.9443167456,-0.3242606224,-0.9982238507,0.04609469459,-0.03774152941
-0.5373720057,-0.04347866043,-0.8422238025,0.6366050775,0.6341045136,-0.4389139336,0.5531413045,-0.77202401,-0.3130712783
0.2770438891,0.9160832603,0.2898933315,-0.9275264203,0.1761966835,0.3296201881,0.250881293,-0.3602029829,0.8985056416
0.09405174732,0.7583397148,-0.6450388716,-0.4593099974,0.6078884387,0.6476928071,0.8832828511,0.2353561622,0.4054859822
-0.7802275304,-0.3559916616,-0.5143101571,-0.6032439026,0.6456228517,0.4682605336,0.1653535449,0.675604226,-0.7184825224
-0.7491082691,0.188883346,0.6349487246,-0.376330302,-0.9101439403,-0.1732440811,0.5451718124,-0.368729019,0.7528788784
0.08951876036,0.4960708395,-0.8636550896,-0.8308970336,-0.4409357069,-0.3393903681,-0.5491780323,0.747990257,0.3727117711
0.3942987692,-0.7635507038,0.5113890919,0.5759274405,-0.2283239538,-0.7849686334,0.7161257319,0.6040351768,0.3497219486
-0.7622139041,0.3535059124,-0.5422762527,-0.6444927322,-0.4927074663,0.5846951947,-0.06049035019,0.7951559108,0.6033804728
-0.6436527944,-0.7514599944,-0.1449791608,0.7032129376,-0.655464705,0.2754225571,-0.3019977561,0.07532527692,0.9503280791
0.5006573241,-0.5927450796,-0.6308688567,-0.8628815161,-0.399920021,-0.3090298787,-0.06912114637,0.6990831477,-0.7116916606
0.6075661814,-0.7934946074,0.03506626869,0.006029529541,0.04875554983,0.9987925416,-0.7942461709,-0.6066211374,0.03440662241
-0.9857352842,0.003075240892,-0.1682750498,-0.1682739323,0.0006204454478,0.9857400767,0.003135793681,0.999995079,-0.00009411209223
-0.05173155892,0.3337470404,-0.9412421361,-0.606661596,0.7381653275,0.2950824584,0.7932752068,0.5862805321,0.1642850691
0.9644820477,0.1517024637,0.2162423229,-0.2578817617,0.7180282433,0.6464769438,-0.05719595013,-0.6792803577,0.7316466489
-0.7374507173,0.5869949875,0.3340708371,0.3176399881,0.7379360677,-0.5954453778,-0.5960463719,-0.3329973642,-0.7306445633
0.5082913225,-0.6423881497,-0.5735655121,0.8052152019,0.590698143,0.05200175425,0.3053987722,-0.4882757101,0.8175074439
-0.7863501753,-0.3557675179,0.5050572987,-0.5481954182,0.02489233756,-0.8359797575,0.2848423865,-0.934242926,-0.2146042173
0.1131446016,0.9558303041,-0.2712687394,0.6833549436,-0.2730552432,-0.6771018057,-0.7212657764,-0.1087624201,-0.6840660902
0.1615257021,-0.1096890814,0.9807536658,0.9195577851,-0.3440105002,-0.1899217093,0.358221897,0.9325369061,0.04529891111
0.9690836847,0.02880366783,-0.245045222,-0.1330410545,-0.7754097095,-0.6172842621,-0.2077904953,0.6308011819,-0.7476048281
-0.8559431317,0.3547253686,0.3762064171,-0.5167114871,-0.6138833279,-0.5967884875,0.01925083111,-0.7052071842,0.7087398909
0.4093023534,0.467872209,-0.7833052914,0.6228362574,-0.7706418185,-0.1348561605,-0.6667432639,-0.4326739922,-0.6068332856
-0.5139309143,-0.4817863695,-0.7097583458,-0.5984890583,0.7941280585,-0.105695193,0.6145615205,0.3704625769,-0.6964708297
-0.1301407227,0.6764454163,-0.7249034357,-0.8091919733,-0.4949519296,-0.3165927,-0.572950035,0.5453844388,0.6117876031
-0.8107859185,-0.3894303712,0.4370013506,0.06565021489,0.6813634062,0.7289951701,-0.5816495884,0.6197482511,-0.5268736675
-0.8102045636,-0.2992718618,-0.5039890057,0.579421499,-0.2790420762,-0.7657716671,0.08853977398,-0.9124537646,0.3994857144
-0.07001354693,0.7967417454,0.6002505263,0.7404067251,-0.3617404702,0.5665171786,0.6685027933,0.4840934035,-0.5645862131
0.3799935527,-0.4799623986,0.7907218195,0.2498658545,0.876326955,0.4118472078,-0.8906020181,0.04107509944,0.4529248078
0.5374805563,0.8419538421,-0.04720571368,-0.6812214572,0.400515538,-0.6128006446,-0.4970432354,0.3615259764,0.7888263374
-0.5135766368,0.07397886746,0.8548486213,-0.833032333,-0.2817814805,-0.4760843721,0.2056603275,-0.956622352,0.2063431736
0.7111002397,0.6631283255,0.2336605938,0.5890625992,-0.380473665,-0.7129130694,-0.3838511474,0.6445933712,-0.6611790094
-0.3800872526,-0.1715794578,0.9088972275,-0.8479863843,-0.3277961545,-0.416495826,0.369395144,-0.9290372279,-0.02090590428
-0.8465643329,0.4438028787,0.2938840507,0.5313108965,0.6711326526,0.5170006711,0.03221120364,0.5938181266,-0.8039542716
-0.7669818804,-0.05357111302,0.6394285973,0.6184290793,0.2040446544,0.7588881689,-0.171126471,0.9774947135,-0.1233686186
0.329593462,-0.7475211315,0.5766977612,0.6312860686,0.6286898944,0.454122138,-0.702029949,0.2143855748,0.6791117551
0.3488651932,-0.4005835195,-0.8472460805,0.5043084697,-0.6817492402,0.5299914536,-0.7899152134,-0.6121689451,-0.03582091874
0.4293689249,0.08667453887,-0.8989604278,0.8043877591,-0.4892585733,0.3370257875,-0.4106125416,-0.8678211641,-0.2797923657
0.9754084895,-0.1923706091,0.1075724284,-0.219966342,-0.818878075,0.5301447979,-0.01389557459,-0.5407700501,-0.8410556854
0.509226775,0.2081603931,0.8350792432,-0.8565016102,0.02762181511,0.5154047216,0.08422044498,-0.9777046006,0.1923554797
0.8820549634,0.4076283445,0.2362587018,-0.4193269058,0.4505747561,0.7881290093,0.2148115164,-0.7942427348,0.5683612325
0.3874432739,-0.4733753195,-0.7910774402,0.1576946283,-0.8114229263,0.5627834742,-0.9083061784,-0.3427953347,-0.2397316101
-0.440823308,0.5616797116,0.7001362101,-0.3961882297,0.57816195,-0.7132766968,-0.8054251659,-0.5918147186,-0.03233637271
0.7089825048,-0.6882586755,-0.1537654172,-0.5771562945,-0.6915655836,0.4343128541,-0.4052584602,-0.2191735368,-0.8875407265
0.3265862005,-0.3984302382,-0.8570850594,-0.9428850369,-0.2003189585,-0.2661580771,-0.06564496037,0.895056233,-0.4410953174
-0.6667883694,-0.6491702416,0.3660208572,0.4211440043,0.07697076748,0.9037218757,-0.6148422547,0.7567387253,0.2220709425
-0.03189777999,-0.961989072,0.2712186516,-0.5559210516,-0.2084338707,-0.8046782623,0.8306228482,-0.1764436082,-0.5281413988
0.4513991169,0.7939671825,0.4072529317,0.7935794821,-0.5658832126,0.2236242279,0.4080078955,0.2222437917,-0.8855152479
-0.4159547411,-0.6894236813,0.5930233057,0.8626878073,-0.092867667,0.4971371476,-0.2876654315,0.7183805288,0.6333861503
-0.4124633546,0.333367783,-0.8477852926,0.752234166,0.6495544099,-0.1105569002,0.5138265667,-0.6833337324,-0.5186880271
-0.07503264586,-0.3267150715,-0.9421397795,0.2148020098,0.9173272491,-0.3352175631,0.9737711223,-0.2275257788,0.001349563371
0.3878165203,-0.6038921898,-0.6963566397,-0.7627440537,0.2139123036,-0.610297497,0.5175131448,0.7678253379,-0.3776564516
-0.7145299447,-0.1685580215,0.6789956933,-0.2598587089,-0.8371633502,-0.481280559,0.6495540082,-0.5203323154,0.5543770125
0.2985602669,-0.7758343565,0.5558262483,-0.9033930784,-0.04190638171,0.4267608243,-0.3078030426,-0.6295434111,-0.7133949681
-0.166400121,-0.07339856173,0.9833227603,-0.2274601934,-0.967473951,-0.1107068855,0.9594648822,-0.2420884243,0.1442925314
-0.1175291282,0.05464761052,0.9915646942,-0.9240055625,0.3598354643,-0.1293528473,-0.3638689661,-0.9314140203,0.008203547684
-0.9488089439,-0.09223941374,0.302081907,0.09743621143,-0.9952394599,0.002145261074,0.3004459563,0.03146915945,0.9532795599
0.6770313616,-0.3925045083,0.6225501958,-0.6353965746,0.1150865713,0.7635615719,-0.3713485269,-0.9125213927,-0.171478802
0.04110115991,0.0005974859034,0.9991548117,0.7677330122,0.6399721227,-0.03196410732,-0.6394503238,0.7683978951,0.0258448869
0.09825945627,-0.9145934732,0.3922548382,-0.847275511,-0.2836324423,-0.4490844532,0.5219859076,-0.2882211243,-0.8027822219
0.696644603,-0.254205967,0.6708693043,-0.5803000132,-0.7494991819,0.318595152,0.4218272061,-0.6112530594,-0.669650286
0.6554264629,0.09462545009,-0.7493077978,0.2284349191,-0.9704889647,0.0772570846,-0.7198844626,-0.2218044039,-0.6576999065
0.4887487248,0.8676007421,-0.09161679067,-0.8095078465,0.4118372904,-0.4184340959,-0.3253025213,0.2786736417,0.9036145589
-0.8085697451,0.1076269216,-0.5784733469,0.415152537,0.8010449963,-0.4312485188,0.4169692295,-0.5888491825,-0.692382338
-0.7403425568,0.5734797948,0.3507332654,0.6569111227,0.7279427579,0.1963851268,-0.1426908383,0.3757928501,-0.9156522585
-0.9700524082,0.1416680849,0.1973030132,-0.06376117221,0.6352890314,-0.7696378106,-0.2343775548,-0.759169283,-0.6072307317
-0.844375872,0.2918867679,-0.4492566099,0.327005303,0.9450223038,-0.000614085666,0.424378273,-0.147427813,-0.8934025528
0.1078430795,-0.367206677,0.9238664008,0.7857712289,0.600778641,0.1470666529,-0.6090430577,0.7100875163,0.3533302606
-0.2925037785,-0.4551707378,-0.840988192,0.261095396,-0.8840500338,0.3876657477,-0.9199297439,-0.106184449,0.3774309593
0.4560871578,-0.5561129338,0.6947826346,0.3241836482,-0.6232481061,-0.711664781,0.8287879504,0.5498183365,-0.1039727376
-0.6297477141,-0.7372977849,-0.2445604075,-0.7703045936,0.6333535423,0.07412235433,0.1002429528,0.2350643885,-0.9667968161
0.667666486,-0.6717984377,-0.3207932707,-0.16305245,-0.5524047497,0.8174734804,-0.7263851334,-0.4934935173,-0.4783605192
0.2375637446,-0.6037038615,-0.7609895629,-0.3180744806,-0.7885728036,0.5262903744,-0.9178192045,0.1170238478,-0.3793591003
-0.5273152125,0.8234781921,0.2093378459,-0.2233106497,0.1033969785,-0.9692478623,-0.8197993781,-0.5578465129,0.1293686504
0.3756126286,-0.02641236433,0.9264003132,0.06035531489,0.9981689926,0.003987244575,-0.9248093799,0.0544155232,0.3765190057
0.7549963345,-0.3183866909,0.5732455406,-0.07718158964,0.8249858146,0.559858382,-0.651170897,-0.4669350283,0.5982876752
-0.807598839,-0.4218941226,0.4120551719,0.4918735227,-0.09642389373,0.8653108519,-0.3253375985,0.9015030682,0.2853903729
0.8360660884,0.1179757393,0.5357940097,-0.2555726717,0.9479197926,0.1900807096,-0.4854648343,-0.2958543419,0.822674968
-0.9622220961,0.1037156678,0.2517373594,0.2698639026,0.2407686968,0.9323110579,0.036084788,0.9650251266,-0.259662075
-0.5945707114,0.4518039551,-0.6651006355,0.2779459429,-0.6607060551,-0.6972901559,-0.7544744674,-0.5994503273,0.2672593929
0.6800459578,-0.6133507744,-0.4016694199,-0.5614107789,-0.08327359823,-0.8233367751,0.4715457907,0.7854083877,-0.4009716098
-0.5754888697,0.3896120775,-0.7190375442,-0.7771372308,-0.5343560158,0.332447549,-0.2546964571,0.7501107101,0.6102979906
0.1063144904,0.6534138435,0.7494982177,0.03367924898,0.7509713052,-0.6594754029,-0.9937620124,0.09535432849,0.05783264411
0.6464497409,-0.5234188397,0.5550994962,0.7628275294,0.4567963919,-0.4576365552,-0.0140318523,0.7192842099,0.6945742096
0.8829529691,-0.4677362976,0.04020957985,-0.4566011798,-0.8356997306,0.3051578655,-0.1091302751,-0.287799785,-0.9514525037
-0.6978410464,0.1847006251,-0.6920285782,0.02013910458,-0.9607376282,-0.2767266272,-0.7159694759,-0.207048035,0.6667224466
-0.7287677312,0.07147080893,0.6810209376,-0.6846168995,-0.05564745247,-0.726775799,-0.014046174,-0.9958891929,0.08948419129
-0.6555413389,-0.3386248549,-0.6749805631,-0.3675706694,0.9238767016,-0.1065065414,0.6596645784,0.1782836166,-0.7301079345
-0.8165672846,-0.502247666,0.2845437605,0.460895098,-0.2704765033,0.8452326129,-0.3475537057,0.8213341239,0.4523457511
0.7524830918,-0.3081711343,0.5820650724,-0.5488174071,-0.7819757478,0.2954883814,0.3640997806,-0.5417974546,-0.7575532113
-0.9317612931,0.2858680107,0.2238311264,-0.2432694873,-0.03391383861,-0.9693656731,-0.2695196639,-0.9576686964,0.1011425665
0.1117298602,-0.8510391252,-0.5130778164,-0.9311461892,-0.270002873,0.245082074,-0.3471069183,0.4503674676,-0.8226092215
0.9597245246,0.266043676,-0.09027513183,0.2302132978,-0.5605434182,0.795482818,0.1610300421,-0.7842269051,-0.5992140576
-0.2409308195,0.1382843103,0.960640302,0.771971248,0.627203393,0.1033261633,-0.5882284696,0.76648115,-0.2578641391
0.5138555805,0.662984826,-0.5444295757,0.846558903,-0.2891334741,0.4469226532,0.1388901228,-0.6905454038,-0.7098285561
0.429879325,0.7424970764,0.5137137896,-0.7419735151,0.6147130058,-0.2675877863,-0.5144696967,-0.2661315693,0.8151655777
-0.553669981,0.4330667961,-0.7112683757,-0.02564716313,-0.8625970065,-0.5052411577,-0.8323411411,-0.2614948461,0.488701003
0.1862914441,-0.8691745874,0.4580731758,0.9791439651,0.1257709066,-0.1595580603,0.0810715326,0.4782438872,0.8744770957
-0.3531418938,-0.7356016277,-0.5780839456,0.8579672421,-0.5010252776,0.1134278743,-0.3730723983,-0.4559209542,0.8080551152
-0.9769741785,-0.1789541012,0.1161760911,0.1669596689,-0.302221328,0.938502391,-0.1328379594,0.9362893242,0.3251405511
-0.2408279171,-0.266232508,0.9333392556,-0.6672861574,0.7437282835,0.03996779368,-0.7047915284,-0.6131790049,-0.3567638006
-0.07062073806,0.8321483611,0.5500380137,0.1499864639,0.5540041681,-0.8188915938,-0.9861626499,0.02466752793,-0.1639351733
-0.6807234652,-0.5237959889,0.5121067526,0.3613065935,-0.8482083076,-0.387298609,0.6372386598,-0.07861570489,0.7666462427
-0.9682599711,0.2425509982,0.06034601568,0.1741394517,0.8278352459,-0.5332581524,-0.1792988559,-0.5058239011,-0.8437974291
0.06335430116,0.7180401743,0.6931122136,0.8720769433,-0.3775199121,0.3113848436,0.4852504893,0.5847196115,-0.6501037906
-0.2759311099,-0.3340173336,0.9012737894,0.4428371307,-0.8764071807,-0.1892240189,0.853086923,0.3469047053,0.3897432837
-0.5355101272,-0.4192399262,0.7331212641,-0.8445035945,0.2591218056,-0.4686892026,0.006525521033,-0.8701113573,-0.4928119758
0.7010999447,-0.7026741309,0.1212762683,0.6225413717,0.5202446252,-0.5846261801,0.3477083663,0.4853808769,0.8021871953
-0.2284272123,0.9626378745,-0.1454280964,0.10132099,0.1720726037,0.9798597226,0.9682742719,0.2090917062,-0.1368414876
0.1410678106,0.6705016805,0.7283730976,0.9449204317,-0.3106760672,0.1029842658,0.2953392126,0.6737268569,-0.67739713
-0.2379888528,0.9669142812,0.09185901572,-0.4699114426,-0.0318552573,-0.8821385825,-0.8500262008,-0.2531047518,0.4619452809
-0.8816717465,0.3596001538,0.3055203118,-0.2922122699,0.09228723732,-0.9518902537,-0.3704955071,-0.9285315262,0.02371252749
-0.010696584,0.7313006485,0.6819713664,-0.6691162502,-0.5120525013,0.5385960264,0.7430807674,-0.4505569858,0.4948023603
0.9096076299,-0.3788151663,0.1706254068,0.05606026802,-0.2950183961,-0.953845581,0.4116688062,0.8771905242,-0.2471145043
0.3716035236,-0.5190088495,-0.769766611,-0.7228739939,0.3585170757,-0.5906934021,0.5825495774,0.7759480141,-0.2419517913
0.04618008213,0.7216808795,0.6906837975,0.7276446037,-0.4980151486,0.4717141534,0.6843980792,0.4807885398,-0.548125578
0.01752993876,-0.2598507752,-0.965489656,0.08791774676,0.9622982849,-0.2573955723,0.9959734791,-0.08037154646,0.03971452465
-0.3436432935,-0.5320701404,0.7738285679,-0.9165504549,0.3695143507,-0.1529523068,-0.2045594054,-0.7618139604,-0.6146502577
0.7410006376,-0.3284451492,-0.5856977369,-0.6510838086,-0.5648778174,-0.5069545597,-0.1643408933,0.7569919652,-0.6324201415
0.4775459145,0.8340851611,0.2761373635,-0.4301714352,-0.05208152123,0.9012436138,0.7660955788,-0.5491716117,0.3339282931
0.3785622064,-0.9059861083,-0.1894197125,0.4832655572,0.01893280621,0.8752690729,-0.7893953744,-0.4228838143,0.4449991263
-0.2009369491,-0.03578910092,0.9789501942,0.6607284801,0.7328440748,0.1624113223,-0.7232304046,0.6794547095,-0.1236085743
-0.6084545071,-0.4580908185,-0.6480246252,0.4695582963,-0.866110351,0.1713705524,-0.6397641122,-0.200014154,0.742089091
-0.2295530794,-0.9688308757,0.09312420764,-0.9274312748,0.1887072588,-0.3228944114,0.2952568614,-0.1604877091,-0.9418423865
-0.7680041944,-0.568896893,-0.2941528218,0.1914452678,-0.6422226991,0.7422255144,-0.6111614082,0.5137181424,0.6021423446
-0.1230645408,0.8945589063,0.4296736925,-0.0431589869,-0.4373795369,0.8982407487,0.9914597423,0.091997304,0.09243416798
-0.791938777,0.2853985744,-0.5397968388,0.08809989139,-0.8213844588,-0.5635299282,-0.6042113724,-0.493837245,0.6253426203
0.3482903021,0.8105878424,-0.4707878665,0.1073122206,-0.5334113569,-0.8390211032,-0.9312239004,0.2417016221,-0.272767984
-0.3203960403,-0.3863925909,0.8648971864,0.9466304579,-0.1644992148,0.2771836656,0.03517319335,0.9075465685,0.4184758923
-0.3633436465,-0.4252353149,-0.8289489258,0.4487555503,0.6998587495,-0.5557123237,0.8164556636,-0.5739099735,-0.06346252234
-0.7636172369,0.3438728602,0.5464797997,-0.2742843304,-0.9389766174,0.2075837618,0.5845141757,0.008623692737,0.8113376673
0.1551052077,0.87283135,-0.4627178503,0.6988136932,0.2341357581,0.6758993038,0.6982848965,-0.4281890718,-0.5736308239
0.09970869618,0.6995424796,-0.7076005195,0.9604235231,-0.2535478501,-0.1153262501,-0.2600862014,-0.6680971539,-0.6971379784
-0.6960178516,0.5319916335,0.4822282157,-0.1812370495,0.5196929032,-0.8349086287,-0.6947749867,-0.668508929,-0.265298944
-0.1598978519,-0.9790693762,-0.1259199491,-0.9871228815,0.157996382,0.02501120078,-0.004592804357,0.1282977003,-0.9917250659
0.6611977551,-0.5273266118,-0.5336142551,-0.4789814167,-0.8441734537,0.240723872,-0.5774030924,0.09642522814,-0.81074524
0.7462044067,-0.5920445105,0.3044047979,0.04299334973,-0.4134458255,-0.9095131232,0.6643271448,0.6917700824,-0.2830611202
0.5402588625,-0.7819258066,0.3109861644,0.001736540876,0.3705973642,0.9287919993,-0.8414970861,-0.5012480689,0.2015763566
-0.7879686367,-0.3773358958,0.4865419297,0.3522327872,0.3718773497,0.8588593018,-0.5050123673,0.8481302132,-0.160117614
0.6453697303,-0.6292617422,0.4330445369,-0.7358198316,-0.6643378939,0.1312415259,0.2051026243,-0.4033420664,-0.8917668366
0.1476130646,-0.9824388053,-0.1141243928,0.9102909567,0.1800732273,-0.3727519376,0.386756716,-0.04886334689,0.9208863209
0.06509413154,-0.9253447783,0.373496714,0.9974937703,0.07074022201,0.001413946462,-0.02772962844,0.3724686059,0.927630425
0.5315418334,0.7780272441,0.3348684618,0.1413795671,-0.4712901828,0.8705730191,0.8351497455,-0.4154024205,-0.3605076028
-0.8685629431,0.08922787098,0.4874800518,0.2957711216,0.8825953285,0.3654379972,-0.397640362,0.4615884241,-0.7929806235
-0.7836415771,-0.4679594386,0.4085582485,0.01419396951,0.6440182396,0.7648784467,-0.6210510525,0.6051896157,-0.498037267
-0.3992199949,-0.007384262321,0.9168254296,-0.9095002653,-0.1232160916,-0.3970227477,0.1158993663,-0.9923523908,0.04247433893
0.6830771364,-0.6769507911,0.2741226954,-0.06297230519,0.3193440242,0.9455442258,-0.7276263564,-0.6631417801,0.1755074498
-0.1045120392,0.9879562538,0.1141037874,0.5051536929,0.1515644908,-0.8496163556,-0.8566778742,-0.03115518825,-0.5149100641
0.204108256,-0.9445137019,0.2573590618,0.6831203921,-0.05088700817,-0.7285307422,0.701203501,0.3245063624,0.6348301119
-0.7234916946,-0.6743649593,0.1476200174,0.4186814803,-0.5986632244,-0.6828676019,0.5488766582,-0.4322432711,0.7154719902
-0.2184252185,0.941680257,-0.2559857759,-0.782682088,-0.3257255634,-0.5303881658,-0.5828371754,0.08450533059,0.8081829472
-0.8215722177,-0.1019212112,-0.5609199211,0.2016605629,0.8683260879,-0.4531476829,0.5332467614,-0.4854089738,-0.6928391008
0.03768336316,0.2920515032,-0.9556599205,0.6176879346,-0.7585650691,-0.2074624097,-0.7855199422,-0.5824817212,-0.2089819728
-0.9719104947,0.1380374773,-0.19061911,0.2080036616,0.8827421169,-0.4213084759,0.1101111575,-0.4491236021,-0.8866586283
0.6450914773,-0.5178986691,0.5618166556,-0.185074382,0.6074649603,0.7724854659,-0.7413531271,-0.6023016607,0.2960206925
-0.9265328203,0.08267050175,-0.3670184207,0.3515877837,-0.1568824357,-0.9229159939,-0.1338766721,-0.9841511518,0.1162907871
-0.05361183251,-0.122748664,-0.9909886664,0.6905425997,-0.721420021,0.05200068512,-0.7213020791,-0.681532038,0.1234398309
-0.6035986872,-0.7960314329,0.04475022537,-0.3146648578,0.1862743112,-0.9307458881,0.7325671656,-0.5758783195,-0.3629180473
-0.3805093252,0.9245539191,0.02031512074,0.8827675333,0.3696822153,-0.2899250625,-0.2755614916,-0.09238566085,-0.9568337128
0.3810059479,-0.2139460543,0.8994784897,-0.68190014,-0.7220094923,0.1171088896,0.6243770229,-0.6579736916,-0.4209797554
-0.3009206872,-0.4860105254,-0.8205123456,-0.8685633162,0.4949276437,0.02538490239,0.3937569121,0.7203057661,-0.5710648803
-0.5695010229,-0.06728370721,0.819232255,-0.535450506,-0.7258161777,-0.4318375063,0.6236676523,-0.684590227,0.3773259606
-0.08523237875,-0.9750081489,-0.2051695667,0.935630662,-0.149114176,0.3199378485,-0.3425357003,-0.1646938737,0.9249568758
-0.2682093255,0.9210775974,-0.2822761366,0.3609831662,-0.1755731476,-0.9158958585,-0.8931712666,-0.3475487439,-0.285403152
0.495735973,0.6354225236,0.5920169437,-0.3445691684,-0.4818221036,0.8056795571,0.7971937866,-0.603395125,-0.01990953881
-0.4704127287,0.4147544549,-0.7789034644,0.4952037488,0.8546533567,0.156015663,0.7304006516,-0.3123241618,-0.6074277785
-0.5900589553,0.682117196,0.4319103613,-0.3976577172,0.2200314663,-0.8907606265,-0.702637011,-0.697353773,0.1414176299
0.6026600622,-0.7397340715,-0.2993231578,0.2256162314,0.5177371159,-0.8252548666,0.765439851,0.4298159865,0.478915496
-0.3816685947,0.707419186,0.5948841728,0.8841991921,0.091923575,0.4579758127,0.2692969967,0.7007910899,-0.6605838145
0.2948978359,-0.2152420793,-0.9309705224,-0.6201058995,0.6981533826,-0.3578414843,0.7269827645,0.6828269925,0.07241103844
0.3994977966,0.5867974434,0.7043225617,0.449823616,-0.7949213332,0.407134853,0.7987867206,0.1541714449,-0.5815246689
-0.06994417751,-0.960013515,-0.2710753825,0.9316539967,0.03426172139,-0.3617277497,0.3565510377,-0.2778492135,0.8920040202
0.1602741763,0.9247685587,0.3451308465,-0.2045157275,0.3731752648,-0.9049384172,-0.9656528908,0.07445357326,0.2489400728
-0.05672216569,-0.5066495843,0.860284136,-0.5701651082,-0.6909000843,-0.4444871459,0.8195696098,-0.515716271,-0.249684566
-0.1274857107,0.4330958883,0.8922865824,-0.949475236,-0.3134097375,0.01646549846,0.2867824432,-0.8451048977,0.4511690839
-0.8175861553,0.4084134971,0.4058956689,0.113159476,-0.577205478,0.8087204518,0.5645775515,0.7071295861,0.4256993502
-0.66467014,-0.4674562305,-0.5828364072,0.7342994057,-0.5527030875,-0.3941112532,-0.1379057209,-0.6899304093,0.7106180707
-0.01752099275,-0.2554254914,0.9666699712,-0.1280037555,-0.958289543,-0.2555311924,0.9916189053,-0.1282145468,-0.01590523801
-0.7208388788,-0.2693519195,-0.6386241886,-0.6781601866,0.4643840372,0.5696018147,0.1431435369,0.8436806324,-0.5174098167
-0.157178961,-0.4549951119,0.876512534,-0.4661010038,0.8166513619,0.3403386657,-0.8706575839,-0.3550492941,-0.340434091
0.7025715533,-0.2389657521,-0.6702899238,0.4621864498,-0.5629805307,0.6851544408,-0.5410886232,-0.7911689399,-0.2850873733
0.2707994065,0.5440004239,-0.7941858852,-0.8673515072,-0.2199908884,-0.4464363023,-0.4175751962,0.8097330102,0.4122661856
-0.3453660825,0.5159873608,-0.7838873086,0.1468568384,-0.7952785751,-0.5881879436,-0.9269063265,-0.3182593776,0.1988859735
-0.5410040705,-0.743211955,0.3936376324,0.3452634145,-0.6230569975,-0.7018498076,0.766881849,-0.2437949297,0.5936802691
-0.9069348532,-0.02607244523,-0.4204633154,-0.1052297323,-0.9524226725,0.2860380332,-0.4079165055,0.3036631038,0.8610417202
-0.4442775943,-0.8906528781,-0.09672057623,-0.2264609607,0.2161014913,-0.9497450072,0.866794585,-0.4000469924,-0.2977071571
0.3176828529,-0.9395198507,0.1279845895,0.9427471512,0.2985156057,-0.1487153052,0.1015155841,0.1679014096,0.980562952
-0.308058366,0.5632925249,0.7666821861,-0.05333747521,0.7943804516,-0.6050742201,-0.9498711265,-0.2272910676,-0.2146709428
-0.5910393462,0.6569797891,-0.4680278281,-0.7913405527,-0.3597680589,0.4943147514,0.1563733379,0.6625288677,0.7325318278
