-0.4537201772,0.5004730686,0.7373362248,0.8175803206,-0.09540562977,0.5678557787,0.3545425509,0.8604792115,-0.3658894726
0.4425666075,0.2334846873,-0.8658058089,0.8967340344,-0.1170555336,0.4268091772,-0.001693953634,-0.9652890255,-0.261178536
-0.2961824246,-0.9535557022,0.05484062484,-0.2226057441,0.1247509468,0.9668939362,-0.9288286463,0.2741691523,-0.2492160145
-0.8546614319,-0.1330898708,-0.5018375463,0.423375456,0.3808154817,-0.8220296784,0.3005113305,-0.9150227622,-0.2691213201
0.04385108115,0.8652584734,-0.4994045024,0.7198004674,0.3192876674,0.6163948999,0.6927946087,-0.3865011769,-0.6088123441
0.7807476133,-0.5010195107,0.3733799865,0.5727129906,0.8127459293,-0.1069760943,-0.2498659537,0.297360899,0.9214898269
0.8354023523,-0.5417340196,0.09288251594,0.3771067591,0.687865861,0.6201863022,-0.3998667302,-0.4830784711,0.7789363187
0.7858182178,-0.3939038218,-0.4767908426,-0.4853530594,-0.8705869902,-0.0806889102,-0.3833042345,0.2948187098,-0.8753055421
-0.05024782132,0.007998951784,0.9987047478,0.8087951907,0.5869880319,0.0359915253,-0.5859398398,0.8095560927,-0.03596438335
0.03666064599,0.5659371399,0.823632898,0.9959110801,0.04740486786,-0.07690188083,-0.08256583916,0.8230844017,-0.5618851751
0.1846199788,0.7533996844,-0.6311136023,-0.8256658879,0.4672128911,0.3162087223,0.5330959623,0.4627105253,0.7083132534
-0.5106105036,-0.6000758968,-0.6157806685,-0.08503117726,0.7479121882,-0.6583289889,0.8555972257,-0.2837891413,-0.432916979
0.944565023,-0.3011320322,-0.1308297229,-0.3281981703,-0.8549525379,-0.4016741452,0.00910374813,0.4223454239,-0.9063892457
0.07146531111,0.9770836322,-0.2005000873,0.952531576,-0.007215250086,0.3043542948,0.2959329416,-0.2127334385,-0.9312186521
0.4725752785,0.2104430401,0.8557957309,-0.6923449593,0.6894832361,0.2127705913,-0.5452807199,-0.693055982,0.4715319101
-0.02283741364,-0.9968377256,-0.07611176888,0.81719336,0.0252432029,-0.5758105531,0.575910987,-0.07534805593,0.8140326809
-0.4705727398,0.833911796,0.2883616013,-0.8435171056,-0.3292570679,-0.4243449963,-0.2589212026,-0.4429231307,0.858358265
-0.6000948849,-0.7401446737,0.3034336684,-0.2773424826,0.5483059482,0.7889497668,-0.7503114529,0.3892896727,-0.5343091562
-0.8468249697,-0.3048722773,0.4358214831,-0.4375307828,-0.0665979463,-0.8967338109,0.3024140948,-0.950061897,-0.07699420231
0.2619664139,-0.8470189221,-0.4625284245,0.9486374832,0.1379193678,0.2847194645,-0.1773711461,-0.5133587376,0.8396441408
0.5258695462,-0.4575599985,-0.7170077183,0.8505489041,0.2776612426,0.4466215357,-0.005270895274,-0.8447147933,0.5351907468
-0.06138777354,-0.1688323288,0.9837312571,-0.9411985008,0.337853252,-0.0007497262272,-0.3322302263,-0.9259324084,-0.1796447936
-0.4933763063,-0.2924242424,-0.8191873307,0.8546314166,0.01223516991,-0.519090977,0.1618176818,-0.9562104177,0.2438784016
0.7547173977,-0.01849713215,-0.6557892236,-0.1733208655,0.9584659703,-0.2265013499,0.6327412798,0.2846064652,0.7201650037
-0.1604613251,-0.09533454688,0.9824273445,0.9801204876,0.1022770889,0.1700094904,-0.1166875867,0.9901771161,0.0770278254
0.9450492484,-0.02627982767,-0.3258700491,-0.1635972085,-0.9010027412,-0.4017835408,-0.2830510053,0.4330166636,-0.8557912698
0.8160356203,0.0004011297125,-0.5780014754,0.5611028558,-0.2405877804,0.7920107986,-0.138742393,-0.9706273019,-0.1965532736
-0.7803457165,-0.6210339815,0.07333046041,0.2758655806,-0.2366293,0.9316140595,-0.5612118531,0.7472103909,0.3559745605
0.5772140408,-0.740487539,-0.3442414208,0.5276519084,0.6599465808,-0.5348401387,0.6232234067,0.127077595,0.7716500957
0.9713846003,0.1482094405,0.1855961205,0.05603467469,0.6163541475,-0.7854729022,-0.2308074381,0.7733960994,0.5904120594
-0.2269586269,-0.6097506948,0.7594036291,0.01849288072,-0.7823093115,-0.6226155753,0.9737288097,-0.1272644152,0.188827894
-0.2005507349,-0.7881735463,-0.581860691,-0.3850852895,0.6095417354,-0.692941695,0.9008266885,0.08509602648,-0.4257580812
0.891267933,0.05344669941,0.4503164687,0.06694663465,0.9666416478,-0.2472287869,-0.4485082159,0.250494262,0.8579586266
0.9250051352,0.168398717,0.3405985494,0.06092887645,0.819076426,-0.5704397255,-0.3750375605,0.5484119625,0.7473895554
-0.2504861173,-0.8243591549,0.5076304648,0.8760568746,-0.4161762948,-0.2435603498,0.41204497,0.3837046722,0.826431889
-0.1345273531,0.9848249885,0.1096454899,-0.4064770409,-0.155758268,0.9002864972,0.9037028309,0.0765447852,0.4212624947
0.2985409606,0.169112978,-0.939294467,0.1713957444,-0.9776756513,-0.1215476027,-0.9388806067,-0.1247041365,-0.3208614727
0.2572638091,0.5785610651,-0.7740041513,0.9496812176,-0.2994597566,0.09181197763,-0.1786642592,-0.758677104,-0.6264887343
0.2175933877,-0.4174201736,-0.88227746,-0.9692385444,-0.1989328969,-0.144921864,-0.1150207013,0.8866713604,-0.4478662043
-0.8702146502,0.1399709064,0.4723712608,0.3964559324,0.7681612988,0.5027433865,-0.2924878736,0.6247690489,-0.7239575122
0.7314889222,-0.215736928,0.6468241915,0.5779631539,0.6994992513,-0.4203086843,-0.3617769333,0.6812916962,0.6363639487
-0.4604125926,0.8833724832,-0.08759737668,-0.4291588798,-0.3078795085,-0.8491365403,-0.7770732916,-0.3533599639,0.5208587482
-0.9018815293,0.1721867139,-0.3961835972,0.2758488611,0.9353471274,-0.2214343176,0.3324411421,-0.3089943151,-0.8910698065
-0.7094938947,0.08366065386,0.6997280246,-0.1680650665,0.9441903559,-0.2832996739,-0.6843774885,-0.318599226,-0.6558368596
0.2920633562,-0.8927261465,-0.3431312041,0.9363665336,0.193862719,0.2926345176,-0.194722137,-0.4067643956,0.8925390836
-0.008921491434,-0.055302521,0.9984297863,-0.9903601272,-0.1375341615,-0.01646733243,0.1382288885,-0.9889519632,-0.05354240199
0.03776104663,-0.5469821473,-0.836292194,-0.3739736521,0.7683384112,-0.5194225578,0.9266702817,0.3323651855,-0.1755436487
-0.6417932011,0.3561434136,0.6791637181,0.6077674948,-0.3038768097,0.7336740127,0.4676752713,0.8836406245,-0.02142631985
0.1236649154,0.5701602829,0.8121725436,-0.4052032749,0.7761251577,-0.4831563367,-0.905824097,-0.2693454868,0.3270102659
0.2033384238,-0.9518159435,-0.2295645771,-0.1888808355,-0.2681915607,0.9446678341,-0.9607171881,-0.1487269193,-0.2343134398
0.9893892375,-0.1397570008,-0.03971041944,0.1033135234,0.868926925,-0.4840375141,0.102153084,0.4747988835,0.8741457359
0.4757988318,-0.7805133727,0.4054803901,-0.1961038204,0.3552643606,0.9139641818,-0.8574139976,-0.5143793436,0.01597271362
-0.6372564353,0.5693382871,-0.5193824706,-0.6252379805,-0.7759589901,-0.08345725586,-0.4505349083,0.2715539735,0.8504567807
-0.3990293687,-0.5026802891,-0.7668690175,-0.8033121246,-0.2116048194,0.5566983304,-0.4421144578,0.8381741629,-0.3193726333
-0.5981748304,0.5056934143,0.6216599094,-0.626310177,0.1889282497,-0.7563343696,-0.4999224282,-0.8417721113,0.2037088082
0.6478165235,-0.7012755598,0.297567372,-0.06335514196,-0.4388553374,-0.8963214372,0.7591573472,0.5617994144,-0.3287271517
-0.5657224915,-0.6754320828,-0.4730217376,-0.3896056073,0.7245147049,-0.5685823713,0.72674998,-0.1373679144,-0.6730263908
0.301704974,0.3782426305,0.8751609116,-0.9345308286,-0.06440159121,0.3500065217,0.1887491428,-0.9234635604,0.3340491186
-0.5982256502,0.7054572537,-0.3800738542,-0.04567625924,-0.5035536711,-0.8627556895,-0.8000248439,-0.4987622315,0.3334613706
-0.05235978748,0.1518779955,0.9870114118,0.2819319022,0.9504090928,-0.1312896,-0.9580046217,0.2713957092,-0.09258247034
0.734136213,-0.6787219497,0.01950732174,-0.4179061976,-0.4290097183,0.8008152544,-0.5351620602,-0.5960597088,-0.5985936793
-0.8227022921,-0.02016528237,-0.568114689,-0.4365968919,0.6624390547,0.6087344682,0.3640660553,0.7488443497,-0.5537942283
0.6635772419,-0.6423215706,0.383520852,0.5411898179,0.05821401698,-0.8388830128,0.516506365,0.764221256,0.3862473908
-0.9868317767,-0.05055457398,-0.1536466061,-0.1394215258,-0.2157271979,0.9664488679,-0.08200416266,0.9751440976,0.2058380582
-0.4994978465,0.01736389776,0.866141095,-0.8326122705,-0.2857801389,-0.4744328394,0.2392879191,-0.9581378853,0.1572039583
0.06227650128,-0.6846530684,-0.7262036996,-0.7859762407,-0.4820787083,0.3870936166,-0.6151121738,0.5466720177,-0.5681432203
-0.1803120675,-0.8958493199,0.4061299722,0.4111313201,0.3064561626,0.8585194571,-0.8935651046,0.3217741698,0.3130539693
0.7929349762,0.4528567128,0.4076455829,-0.3684375,0.889222975,-0.2711757905,-0.4852915949,0.06483284966,0.8719453936
-0.9686200077,-0.2088733105,-0.1347116212,-0.1542894193,0.9302335931,-0.33295681,0.1948590666,-0.30172405,-0.9332698119
-0.8652080336,-0.1941962594,0.462280079,-0.3997523661,-0.2893815905,-0.8697449861,0.3026765674,-0.9373079046,0.1727448626
-0.8701639914,-0.4919310433,0.02860903218,-0.4876468271,0.8680221234,0.09347815428,-0.0708180788,0.06739022001,-0.9952102079
0.5439550493,0.02717972879,0.8386740526,-0.3954867976,-0.8731982048,0.2848071071,0.7400696571,-0.4866067792,-0.4642313487
0.6557156294,-0.5711165708,0.4938247423,0.5715057807,-0.05195659035,-0.8189515585,0.4933742556,0.8192230314,0.2923276734
-0.8264359992,0.538339913,0.1649050557,-0.2594646624,-0.6240837019,0.7370194177,0.4996815269,0.5663123444,0.6554454214
-0.03711518469,0.5059415563,0.8617688812,0.6533078472,-0.6402682785,0.4040363702,0.756182068,0.577996257,-0.3067719135
-0.6390026394,0.3699205918,-0.6744141032,-0.1046337266,0.8268164001,0.5526539818,0.7620547292,0.4237138139,-0.4896316919
-0.4478133583,-0.7665987885,-0.4602059251,0.7834936577,-0.08844031273,-0.6150739788,0.430814211,-0.6360067676,0.6402300423
0.03335137165,-0.3329609722,0.9423506126,-0.6855266624,0.6784979186,0.2639957759,-0.7272832194,-0.6548110915,-0.2056247876
0.5871755537,0.1902270986,0.7867900102,-0.1002297874,0.9816002344,-0.1625268268,-0.8032302652,0.01657198407,0.5954380828
0.6205944716,0.7255696371,0.2973402151,-0.6478411287,0.6880725906,-0.326891392,-0.4417741208,0.01023777014,0.8970678984
-0.2575456951,0.07929479263,-0.9630070357,0.0445916649,0.9965406698,0.0701304268,0.9652366541,-0.02488029752,-0.2601906462
0.8420744659,0.1161491881,-0.5267067114,-0.5175794228,-0.1007008538,-0.8496886954,-0.1517304676,0.9881137101,-0.02468118788
-0.02136042712,-0.5082038549,0.8609718774,0.9972118087,-0.07241826188,-0.0180056633,0.07150063439,0.8581867147,0.5083337705
0.02208491806,-0.2392597022,0.9707044099,-0.9518156645,-0.3020904723,-0.05280423661,0.3058744795,-0.9227654855,-0.2344027757
-0.5520612871,-0.41302523,-0.7243193321,0.8119029312,-0.06849006303,-0.579760935,0.1898472168,-0.9081405568,0.373147107
-0.2527796543,-0.4779985428,-0.8412014262,0.9615723193,-0.2204031025,-0.16371056,-0.1071499951,-0.8502587051,0.5153435875
-0.6429997275,-0.1168632522,-0.7568978337,0.516769553,-0.7956054652,-0.3161663686,-0.565243823,-0.5944366441,0.571965468
-0.2805543202,-0.2461938283,0.9277272618,-0.8370580475,-0.4102318692,-0.361999501,0.4697053317,-0.8781220943,-0.090986202
-0.7504147852,-0.2203075025,0.6231711278,-0.352303562,0.9310423372,-0.09509135946,-0.5592493633,-0.2909033701,-0.7762830532
0.761168909,-0.3962606533,-0.5134193088,-0.595399127,-0.11307928,-0.795432559,0.2571415398,0.9111479413,-0.3220056794
0.7372019897,-0.4462359491,-0.5073526429,0.08682545394,-0.6820959155,0.7260898723,-0.6700705687,-0.5793260221,-0.4640978271
-0.7232415391,0.5474568849,-0.4209663111,0.31631698,-0.2792593055,-0.9066188881,-0.613893512,-0.7888632324,0.02880202151
-0.4949136135,-0.7969417221,0.3463299102,0.8180112834,-0.5617473924,-0.123682688,0.2931178183,0.2220895283,0.9299237529
0.5432558847,-0.4823110184,0.6872038455,-0.8394390222,-0.3263407441,0.434561672,0.01466873183,-0.8129439097,-0.5821572195
0.22747397,0.9563508265,-0.1834357919,-0.05377029219,0.2004225424,0.9782328763,0.9722984875,-0.2126591199,0.09701417476
0.6259656946,0.7168303593,-0.3071175426,-0.7494066474,0.6618805436,0.01743051012,0.2157698449,0.2192450266,0.9515119507
0.03436251335,0.9595289774,-0.2795055624,0.2181489293,-0.2801282047,-0.9348471713,-0.9753103416,-0.02885014083,-0.2189461282
0.3643654307,-0.7408036113,-0.5643118308,-0.284950049,-0.6655933051,0.6897746166,-0.8865897035,-0.09052934136,-0.4536112168
-0.3041725963,0.9374878689,0.1691021211,-0.5400791595,-0.3159374837,0.7800628231,0.7847251322,0.1459452026,0.6024171849
0.28883217,0.9564902016,0.04126102301,-0.1767779131,0.01092583804,0.9841901217,0.9409173965,-0.2915598061,0.1722420752
-0.3106137845,0.7896558543,-0.5291150241,-0.7963264516,-0.5201255956,-0.3087613113,-0.519021444,0.3254427702,0.7903820242
-0.2689568367,-0.9500544372,0.1582996725,0.3816809765,0.0457660919,0.9231603854,-0.8842973777,0.3087102706,0.3503086019
0.1504523805,0.3114022216,0.9382924585,-0.9837511503,0.1412090865,0.1108768148,-0.09796813435,-0.9397279662,0.3275875369
0.9537983144,0.2998333527,0.01920249973,-0.1173292572,0.4305489345,-0.8949086324,-0.2765910715,0.8513093302,0.4458360725
0.4994751951,0.5770064084,0.6462105959,-0.8663261102,0.3343017698,0.3711083367,-0.001897457429,-0.7451885207,0.666851159
0.3325849013,0.929275363,0.1607314012,0.8677656249,-0.2348119891,-0.4380024544,-0.3692832297,0.2851501878,-0.8844881382
-0.7589658204,-0.4072212612,-0.5080764982,0.3395970475,-0.913327406,0.2247373906,-0.5555580338,-0.001973280459,0.8314754219
0.273871211,0.95817284,-0.08306243711,0.1154211742,-0.1184846479,-0.9862247922,-0.9548154336,0.2605114142,-0.1430429682
0.5339144199,-0.6809913134,-0.5011848195,0.7132423199,0.6810745289,-0.1655985481,0.4541153875,-0.2690507707,0.8493473362
0.5348355878,0.6112335716,-0.5833904482,0.3083942326,-0.7840183588,-0.5387097644,-0.786666315,0.1082069038,-0.607821828
-0.8570010042,0.5080203331,0.08639803078,0.2220729826,0.2128003262,0.9515248875,0.4650084612,0.8346444527,-0.2951876839
0.6760084877,-0.6374498872,-0.3696892829,0.6603641096,0.3014205899,0.6877971144,-0.3270042312,-0.7090862214,0.6247119044
0.7034005066,0.5361061608,-0.4667096654,-0.6648502475,0.728471489,-0.16523752,0.2513998324,0.4265201918,0.8688375282
-0.2254141768,0.7694366695,0.5976250166,0.974154346,0.1871660115,0.1264602473,-0.01455193927,0.6106849399,-0.7917399481
0.2363147171,0.02820120412,0.9712672374,-0.9437233698,-0.2313736639,0.2363311848,0.2313904833,-0.9724561274,-0.02806286656
0.6161057529,0.6297567227,0.4730963656,-0.7352296192,0.6752816289,0.05858437007,-0.2825793835,-0.3839286282,0.8790606921
0.9413054508,0.0347282794,-0.335764791,-0.08261833044,-0.940737363,-0.3289185698,-0.3272892599,0.3373531691,-0.8826520151
-0.1885168855,0.4930052238,0.8493569528,0.9604452132,-0.08794130768,0.2642183167,0.2049545714,0.8655704337,-0.4569260859
0.6325751176,-0.682827043,-0.3655077972,-0.47228301,0.03395031386,-0.8807929011,0.6138383167,0.7297907957,-0.3010114875
-0.4754139599,-0.2258395957,-0.8502811557,-0.8537450735,0.3517374568,0.3839272209,0.2123697629,0.9084477082,-0.3600303393
0.6502976725,-0.6355152836,-0.4162129999,-0.4716652451,0.09172623693,-0.8769938393,0.5955206408,0.7666202592,-0.2401011136
-0.3932446566,-0.1028220619,-0.9136663854,0.2438919838,-0.9697934517,0.004166666207,-0.8864961029,-0.221197388,0.4064435694
-0.1269700293,0.3839784089,0.9145704965,-0.9817953296,-0.1799667216,-0.06074462982,0.1412676277,-0.9056337894,0.3998385885
0.9198587775,-0.3484518156,0.1801143016,0.05845673101,-0.3322757465,-0.9413690238,0.3878693594,0.8764554526,-0.285277408
0.747682907,0.4936945233,0.4441125853,-0.1730214537,0.7905203991,-0.5874870851,-0.6411192146,0.3624130465,0.6764783341
-0.5718547316,0.5574024212,-0.601900911,0.5918383899,-0.2277543576,-0.7732110143,-0.568075247,-0.7983924431,-0.1996497445
0.9550000005,-0.235707298,0.1800474064,0.06439828149,-0.427770583,-0.9015903668,0.2895304135,0.8726135444,-0.3933417622
0.194535973,-0.004475258626,0.9808851754,-0.8979747051,-0.4032075393,0.1762529696,0.3947115202,-0.915097619,-0.08245703996
0.333787055,0.9161696901,0.2218542336,0.3068555914,-0.3281370956,0.8934011935,0.8913056983,-0.2301285413,-0.3906597067
-0.9994213352,-0.03160184424,-0.01258246464,0.03368106918,-0.8677456643,-0.4958659574,0.004751899606,-0.4960028081,0.8683079142
0.3442829097,-0.0581698596,-0.9370621887,0.01668426688,-0.9975421119,0.06805417329,-0.9387176964,-0.03906408453,-0.3424661794
-0.8557166279,0.04469008736,-0.51551125,-0.03311791128,0.9894906164,0.1407534161,0.516383827,0.1375176944,-0.8452435312
0.3414980076,0.283341361,-0.8961566737,0.06991472139,-0.9584937922,-0.2764083611,-0.9372785298,0.03173836045,-0.3471334527
0.5797332091,-0.2805802041,0.7649733037,-0.7149966125,0.2750592014,0.6427458907,-0.3907547192,-0.9195744586,-0.0411529419
0.8154410725,0.4028200382,0.41568242,0.4758225607,-0.05754094305,-0.8776570689,-0.3296190955,0.9134686949,-0.2385921103
0.7192421326,-0.3382504363,-0.6068586304,-0.6828037705,-0.505491678,-0.5275008764,-0.1283345858,0.7937662161,-0.5945295856
-0.3538956749,-0.5381586227,-0.7649465001,0.4736901135,-0.8083527824,0.3495475011,-0.8064586335,-0.2386442457,0.5409929725
-0.7288741657,0.4198909347,0.5407717203,-0.3184374119,-0.9071316535,0.2751540984,0.6060858563,0.02835076684,0.7948938098
0.5061633622,0.3482671456,-0.7889921712,-0.4440933178,0.8894811368,0.1077238696,0.739310338,0.2958602749,0.6048858751
0.6580126025,-0.7505605139,-0.06064923671,0.7306996303,0.6169858144,0.2922439993,-0.1819270875,-0.2366166093,0.9544187314
-0.9342609913,0.04680362783,-0.3535050502,-0.2903020109,-0.6755221525,0.6777865179,-0.2070776246,0.735852731,0.6447011832
-0.2254892328,-0.2639808652,-0.9377999299,-0.7585859871,0.6515721562,-0.001012592563,0.6113116276,0.7111735569,-0.3471746906
-0.8608732717,-0.441007637,0.2537902168,0.1582692625,-0.7061283304,-0.6901692701,0.4835783811,-0.5539810873,0.6776849596
0.5166495549,0.03833542849,0.8553383144,0.1085690928,0.9879997505,-0.109860117,-0.8492855759,0.1496224854,0.5062875887
-0.2845680691,-0.1864116651,0.9403572222,0.6356632301,0.69757136,0.3306455136,-0.7176024471,0.6918416646,-0.0800114938
-0.7274398218,0.6861709983,-0.0008166218984,0.6814726684,0.7225969327,0.1159684224,0.08016425658,0.083803543,-0.9932525652
0.06914168237,0.0541894083,0.996133995,0.8598561843,-0.5095347284,-0.03196409108,0.5058327493,0.8587420268,-0.08182518614
0.2626542177,0.6567063217,-0.7069296776,0.3585805422,0.6137482115,0.7033726805,0.895786111,-0.4382350282,-0.07427855252
-0.2819415063,0.8113736473,0.5120369042,0.758536138,0.5152950598,-0.3988658025,-0.5874792882,0.2759416708,-0.7607392984
-0.8478450666,0.514092721,0.129874621,0.4626455315,0.5975520879,0.6548974077,0.2590711394,0.6153374493,-0.7444742899
0.6802123423,-0.6411978769,-0.3552132486,0.7177656928,0.4842996432,0.5002661949,-0.1487399725,-0.5952471238,0.7896564331
0.413465934,-0.2233476254,0.8827013989,0.1652228365,0.9717575694,0.1684892891,-0.8954034485,0.0761778476,0.4386907793
0.8411921591,0.08794158737,-0.5335372797,-0.06910926457,0.9960795714,0.05522134682,0.5363018376,-0.009579395009,0.8439719036
0.783750006,0.355060117,-0.5095765314,-0.196373568,0.9200497242,0.339036763,0.58921418,-0.1656527033,0.7908133989
-0.145276362,-0.7885035619,0.5976260631,-0.3626585875,-0.519554521,-0.7736548639,0.9205289391,-0.329127988,-0.2104785974
0.02732781577,0.8967000074,0.4417943947,0.4797550674,-0.3994981002,0.7811762563,0.8769767761,0.1906052587,-0.4411137829
0.6344125203,0.4635524687,-0.6185789058,-0.2612262748,0.8817254578,0.3928371805,0.7275174137,-0.08763176258,0.6804697544
0.8326576877,-0.3585078565,0.4220820915,-0.4070949904,-0.9129676418,0.02763609563,0.3754395342,-0.1948389125,-0.9061362779
-0.04118609595,0.2678440189,0.9625815743,-0.1765515675,0.9462885181,-0.2708645132,-0.9834293312,-0.1811011376,0.008314351661
-0.2787271615,0.6780017189,-0.6801653024,-0.8646168521,0.1311229944,0.485020061,0.4180297462,0.7232706475,0.5496641718
0.697824858,-0.1914474764,-0.6902089042,0.3569150816,0.9284035847,0.1033363845,0.6210089309,-0.3184566652,0.7161935913
0.9173423041,-0.1018116823,0.3848603365,-0.3799775949,0.06443201527,0.9227489056,-0.1187439455,-0.9927149121,0.02042005528
0.4218335185,-0.5698174884,-0.705240748,0.8808203642,0.07312848481,0.4677688646,-0.2149696923,-0.8185109985,0.5327548936
0.9455929985,-0.2511502244,0.2068270919,-0.1002661517,0.3798126184,0.9196135458,-0.3095166878,-0.8903178869,0.3339662863
-0.4147337523,-0.8906689043,-0.1862922907,-0.5416442348,0.4061500086,-0.7359780524,0.7311753808,-0.2043307941,-0.6508697942
0.3152681797,-0.1143787422,0.9420846449,0.9244997064,0.2611420841,-0.2776780599,-0.2142574804,0.9585000341,0.1880729031
-0.7974554775,0.0367756659,0.6022560186,0.4445293259,-0.6391161256,0.6276338555,0.4079931862,0.7682305178,0.493318793
0.2549983031,0.7492471525,-0.6112320098,-0.9663816172,0.2189826591,-0.1347336816,0.03290038357,0.6250402383,0.7798988814
0.3184847995,-0.5025685171,0.803736473,-0.4754601077,0.6488250638,0.5941075008,-0.8200640942,-0.5713588383,-0.03231036081
-0.836015026,-0.1689675803,-0.5220429419,0.3221880272,-0.9212872608,-0.217772033,-0.4441550985,-0.3502566774,0.8246493246
0.008419929894,-0.9788720069,-0.2043005114,-0.5389657103,0.1676490952,-0.8254754654,0.8422856213,0.1170614158,-0.5261668529
0.1320976735,0.1393788697,-0.981388677,-0.5625792755,-0.8046150457,-0.1899978607,-0.8161217823,0.5772072062,-0.02787611196
0.9643118163,-0.2642031436,-0.01730375568,-0.1346289289,-0.5455565609,0.8271898756,-0.2279863429,-0.7953393854,-0.5616560244
0.8177196889,-0.08849040875,-0.5687740835,-0.4423533116,-0.7288661315,-0.5225683783,-0.3683178765,0.6789135511,-0.6351522116
-0.4877102806,-0.6676282678,0.5625043807,-0.4325336618,-0.3748962222,-0.8199801546,0.7583226976,-0.6432148308,-0.1059309577
0.900789184,-0.4065072896,-0.1527438027,0.4284112971,0.7743603671,0.4656498496,-0.07101131118,-0.4848895188,0.8716877584
-0.1698098923,0.8084423076,0.5635473678,-0.4356324837,0.4513655211,-0.7787769293,-0.8839620691,-0.3777435659,0.2755373999
-0.3507993235,-0.87075821,0.3445576503,-0.6137198963,-0.06413371373,-0.7869147068,0.7073102031,-0.4875110322,-0.511903575
-0.8679368087,0.4409958302,-0.2284915184,-0.3540287566,-0.8719693332,-0.3381318107,-0.3483523154,-0.2125844765,0.9129394858
-0.3228260799,-0.386759445,-0.8638289494,0.5046259296,0.7018110229,-0.5028060853,0.800709681,-0.598229404,-0.03139405699
-0.4239357995,0.791876146,0.4395572854,-0.1478213406,0.4183226386,-0.896189166,-0.8935475864,-0.4449026177,-0.06028574863
0.8226261922,-0.1969927324,-0.5333666763,-0.4680492806,-0.7672217413,-0.4385210037,-0.3228250593,0.6103807525,-0.7233390063
-0.7621995748,0.6000507718,-0.2428803815,0.6459502078,0.7295893017,-0.224605832,0.04242802505,-0.3280831026,-0.9436955761
0.4632175362,-0.8818782778,-0.0878647679,0.8565485399,0.4709399942,-0.2110453049,0.2274953034,0.02249944755,0.9735192149
0.409871608,-0.8818004681,0.233309236,0.9103865894,0.3796073912,-0.1646040288,0.05658199905,0.2798681175,0.9583696126
0.007697477594,0.9283775688,0.3715586611,0.9117015853,0.146122698,-0.3839900735,-0.4107809249,0.3417063754,-0.845278525
0.5134890526,-0.7954973527,-0.3217342922,0.5429944116,0.5915513223,-0.5960067969,0.664444175,0.1313430428,0.735705745
-0.3658170474,0.535695295,-0.7610574477,0.7803710875,-0.2690463671,-0.5644776508,-0.507147763,-0.8004027758,-0.3196193722
0.1197822032,-0.8912102986,0.4374887741,0.1539736894,-0.4186534473,-0.8949979855,0.9807876053,0.1745665912,0.08707570539
0.767127892,0.5012902998,-0.400278444,0.6411362963,-0.6199716262,0.452304579,-0.02142537991,-0.6036084974,-0.7969929329
0.8411222468,0.5013617226,0.2028541081,0.5404725781,-0.7930982724,-0.2808638863,0.02006884096,0.3458779459,-0.9380648636
-0.456350374,0.8393701098,0.2953001096,0.7149058237,0.54346198,-0.4399531106,-0.529767873,0.01033900154,-0.8480796577
0.6151352093,0.7747090962,0.1464052276,-0.7757578408,0.5615793845,0.2877991788,0.1407424841,-0.2906104114,0.9464339079
-0.6997523565,0.03067861989,0.7137264615,0.3666370517,-0.8420428467,0.3956527726,0.6131263425,0.5385375256,0.5779735477
0.5559163425,-0.03433443661,0.8305288476,0.7783751869,0.3721251034,-0.5056233538,-0.2917003402,0.9275473323,0.2335955
-0.1364205482,0.1921112939,-0.9718449901,0.642960472,0.7634925649,0.06067070883,0.7536519525,-0.6165811821,-0.2276760425
-0.8666448658,0.2498890387,-0.4318357848,-0.4934532813,-0.3014615427,0.8158583195,0.07369216929,0.9201502087,0.3845686643
-0.2827200416,-0.830646438,0.4796830966,-0.9591794188,0.2482898619,-0.1353772025,-0.006649858807,-0.4983760022,-0.8669354877
-0.7593993601,-0.5729969272,0.3081998269,-0.6503009454,0.653516556,-0.3873303388,0.02052540446,-0.4945610503,-0.8689004979
-0.235506515,0.6425312076,0.7291709873,0.5125956985,-0.5553105351,0.6548861425,0.8257011151,0.5279998645,-0.1985794843
0.03474440197,0.3263826911,0.9445989441,0.9754668882,0.1945167286,-0.1030902137,-0.217387158,0.9250068006,-0.3116171406
0.6497687978,0.7266611338,0.2230786992,0.6676033085,-0.685873206,0.289626946,0.3634643476,-0.03926247489,-0.9307803855
0.9533378134,0.05713280205,-0.2964504284,-0.1607703664,-0.7350523643,-0.6586735998,-0.2555384566,0.6755988934,-0.6915679522
0.5419786548,-0.354286654,-0.7620630582,0.004632270838,-0.9055212987,0.4242755234,-0.8403794856,-0.2334783599,-0.4891320636
-0.3197431981,-0.001765290878,-0.9475025969,-0.6088256807,-0.7658536043,0.2068805144,-0.7260134832,0.6430125508,0.2438017261
-0.990727434,0.09422361838,-0.09788289495,0.04166363818,0.8964319722,0.4412186085,0.1293185703,0.4330492224,-0.8920454464
-0.5748559971,0.7935569068,-0.1995194685,-0.8004937825,-0.4948761581,0.3380936146,0.169559095,0.3540692359,0.9197198972
0.2105518388,-0.2376220792,-0.9482635027,0.3729357274,-0.8771263745,0.3026024889,-0.9036519609,-0.4173548497,-0.09606280798
0.5848563302,-0.7112105683,0.3900289741,-0.8072514781,-0.5573574844,0.1941589183,0.07929769322,-0.4284065383,-0.9000998355
0.3529917633,-0.7208791174,-0.5964311471,-0.5617030665,0.346528028,-0.751270917,0.7482556248,0.6002096501,-0.2825984711
0.3249710005,0.06559788049,0.9434462183,0.6822384754,0.6745973798,-0.2819025326,-0.6549385554,0.7352654576,0.1744711874
0.1798631983,0.6448511524,0.7428433355,-0.9829366032,0.08823571127,0.161400413,0.03853393223,-0.7591978995,0.6497181586
0.1067616685,0.5196900961,-0.8476580385,0.6249340673,0.6280153368,0.4637393108,0.7733429756,-0.5792399681,-0.2577240801
-0.4170693202,-0.3816687254,-0.8248528148,-0.7482331786,-0.3710100523,0.549998774,-0.5159460169,0.8465698584,-0.1308402935
0.5562225176,0.4965015093,-0.6664103556,0.1916282322,0.7036662759,0.6842020116,0.8086378247,-0.508271604,0.296251321
0.7976382708,-0.5707534972,-0.1949708552,0.5916916884,0.6778160325,0.4364245317,-0.1169364564,-0.4634715432,0.8783621086
-0.1776650623,-0.2248384761,-0.9580619945,-0.7719882014,0.6356084861,-0.006005782098,0.6103026648,0.7385455382,-0.2864980722
0.719405016,0.674254404,-0.1668455017,0.6655164059,-0.7378805517,-0.1123396844,-0.1988575779,-0.03022068631,-0.9795623379
0.3753366929,0.1859056185,-0.9080536702,0.106004401,-0.9818610836,-0.1572001253,-0.9208069472,-0.03725471013,-0.3882353056
0.5356975219,0.6857226614,-0.4927601815,-0.843838095,0.4132580919,-0.3422791534,-0.03107143969,0.5991679072,0.8000202401
-0.6800853139,-0.7038888576,0.2049986394,-0.7311747125,0.6716369633,-0.1195296174,-0.05354909778,-0.2311801586,-0.9714361679
0.7872171431,0.09835713603,-0.6087816056,-0.6102980614,-0.01735349758,-0.7919817753,-0.08846154935,0.9949998642,0.04636619866
-0.2361058962,-0.7391207351,0.6308363851,-0.5323738598,0.6414818708,0.5523396445,-0.8129157885,-0.2054301545,-0.5449462107
-0.7897065567,0.4465431736,-0.4206694053,-0.2344253924,0.4140206732,0.8795633108,0.5669288225,0.7932125038,-0.2222737814
-0.2354151147,0.9550135604,-0.1803574875,0.5356302269,0.2823353294,0.7958561564,0.8109747122,0.09075164623,-0.5780001341
-0.9381843453,-0.3439999723,0.03839470467,-0.3152417664,0.8949821921,0.3156414174,-0.1429432157,0.284026222,-0.948101441
-0.4669121854,0.6976719603,0.543366218,-0.8701838565,-0.4718541554,-0.1418933123,0.1573946227,-0.5390802276,0.8274173318
0.3116126569,-0.9150726511,0.2560070219,0.2889158093,-0.1654220064,-0.9429545137,0.9052210819,0.3678010371,0.2128313647
0.1652239069,0.72381314,0.6699220842,-0.1878662669,-0.6437230044,0.7418402519,0.9681979788,-0.2484255059,0.02962164291
-0.889507129,-0.1427528814,0.4340491704,0.2538708533,0.6354162722,0.7292432728,-0.3799034842,0.7588595231,-0.5289665082
-0.4589845218,-0.3609587357,0.811814018,-0.4551793953,0.8802529625,0.134038951,-0.7629842245,-0.3079992099,-0.5683234641
-0.7748559725,-0.4162578077,0.4757390665,-0.06618761889,-0.6950268667,-0.7159307604,0.6286632016,-0.5862312616,0.5109946054
-0.2878288645,0.7240975874,-0.6267672843,-0.3968335368,0.5054553189,0.7661840932,0.871594911,0.4692521756,0.1418615761
-0.9626592467,-0.1707243719,0.2100960819,0.2655535441,-0.4446761114,0.85542064,-0.05261644274,0.8792703479,0.4734080324
-0.9410575311,0.332034703,-0.06452657717,0.2015604733,0.3972778077,-0.8952897403,-0.2716322859,-0.8555251601,-0.4407863447
-0.5191908159,0.4689349681,-0.7145214428,-0.6086323556,0.3840634272,0.6943068052,0.6000062937,0.7953585856,0.08600679021
0.09557211332,0.9709059284,0.2195624045,0.9267921457,-0.006308586822,-0.3755216645,-0.3632110817,0.239378111,-0.9004309136
-0.1059096343,-0.7971163914,0.5944649762,-0.9238942294,-0.1421817666,-0.355251739,0.3676990648,-0.5868473429,-0.7213928152
-0.463239144,0.334305732,-0.8207613375,-0.874975448,-0.3196716881,0.3636316505,-0.1408100171,0.8865944333,0.4405937466
-0.6323330968,0.150700305,0.759897541,0.7238757107,0.4643604733,0.5102678769,-0.2759688571,0.8727306394,-0.4027187866
0.767499442,0.2904996495,0.5714495253,-0.4749150399,-0.3410903932,0.8112416709,0.4305813644,-0.8940175039,-0.1238240337
-0.7036272501,-0.5248819148,0.4789652058,0.6854893924,-0.6789120268,0.2630261448,0.1871175722,0.5133979309,0.8375019873
0.645174134,0.5844184079,-0.4921437405,0.3568069793,-0.8000480798,-0.4822985068,-0.6756027801,0.1355662,-0.7246948937
-0.9373986332,-0.2942879267,0.1862214243,0.2861536632,-0.955639988,-0.06977316362,0.1984940394,-0.01211732546,0.9800271868
-0.0614742416,0.4044108249,-0.9125090697,-0.8678242858,0.4299659788,0.2490186055,0.4930536751,0.8072057617,0.3245257029
0.6430103728,-0.2911725768,0.7083475073,-0.74375459,-0.4580127867,0.4868812968,0.182665734,-0.839906434,-0.5110679131
0.9604235298,-0.06046044972,0.2719028822,-0.1669043233,-0.9064246039,0.3879914744,0.2230013233,-0.418017908,-0.8806426281
-0.352723941,-0.1596065457,0.9220149522,0.3121916853,0.9088147304,0.2767528452,-0.8821123358,0.3854627561,-0.270732877
0.916964453,0.3914951271,0.0768619361,-0.2936313566,0.5317947626,0.7943393209,0.2701051984,-0.7509499954,0.6025921388
-0.3302781529,0.8702923988,0.3653867571,0.7805498968,0.03417153935,0.6241587656,0.5307148013,0.4913485998,-0.6905927549
-0.9243998541,-0.3781485785,-0.04988549169,0.2952496687,-0.7922056172,0.5340766736,-0.2414799017,0.4789717243,0.8439629994
-0.2112855387,0.4950586061,-0.8427783799,0.9704078285,0.00311649936,-0.2414517219,-0.1169062345,-0.8688539946,-0.4810672181
0.1596092301,-0.9757908441,0.1495229825,0.442416149,0.2061077152,0.872804423,-0.882492405,-0.07315625984,0.4646023212
-0.7351090106,0.4969883436,0.4611044665,-0.6610098579,-0.6765157523,-0.3246419637,0.1506011633,-0.5434418306,0.8258270197
-0.4743054364,-0.4300585194,-0.7681692671,0.8101790882,0.1281678916,-0.5719989832,0.3444476711,-0.8936569037,0.2876336914
0.8729788085,0.2749372965,0.4028864392,0.1093921371,-0.9153154542,0.3875964135,0.4753328943,-0.2942908466,-0.8291269729
0.2483158704,0.9128378292,0.3241393623,0.6138766761,-0.4071405018,0.6763076506,0.7493294704,0.03104367138,-0.6614693004
-0.3124407903,-0.6998122569,-0.6423733786,0.8406802497,-0.5185641786,0.1560381702,-0.4423092475,-0.4912779231,0.7503389447
0.1253462275,0.8791655131,0.4597350582,-0.9855565131,0.05715577166,0.1594100913,0.1138713428,-0.4730763345,0.8736315579
0.4204383512,0.352762474,-0.8359367378,-0.6264815141,0.7793145242,0.0137762396,0.6563173816,0.5179068538,0.5486528823
-0.0941213208,-0.1018890298,0.9903331775,0.9955603335,-0.008739404545,0.09371896866,-0.0008940125813,0.9947573816,0.1022592407
-0.6184116212,-0.7852936478,-0.02968086176,-0.04880874446,0.0006856228479,0.9988079076,-0.7843371553,0.619123103,-0.03875319405
-0.507980725,0.8449356603,0.1674494338,-0.7813997526,-0.5338290461,0.3231732912,0.3624500098,0.03332085669,0.9314073818
0.9241487056,-0.1221045345,-0.361993995,0.3814286063,0.3481832995,0.8563180533,0.02147994622,-0.9294400855,0.3683473079
0.8823938922,0.2671959551,0.3872819915,0.1939983262,0.5432770463,-0.8168321127,-0.4286556529,0.7958997252,0.4275487792
0.1048572863,0.7216574966,-0.6842626741,0.9850472701,0.01921020468,0.1712099406,0.1366997632,-0.6919836889,-0.7088524169
0.8096578263,0.3548734226,0.4674602211,0.09127843094,0.7106558277,-0.6975933934,-0.5797606853,0.6074809862,0.5429957634
-0.02711994621,-0.9996319513,-0.0006858790611,-0.500627769,0.01417587574,-0.8655465795,0.8652377392,-0.0231302065,-0.5008279626
-0.2024050211,-0.9347317263,-0.2920767145,-0.8851244975,0.3022314973,-0.353851305,0.4190308239,0.1869029743,-0.8885271221
-0.2004255305,-0.6320708297,0.7485426326,-0.2736864412,-0.697505177,-0.6622554342,0.9407047032,-0.337598866,-0.03319137082
0.2044943673,-0.7004894824,-0.6837371855,0.8324954659,-0.2429726521,0.4979112267,-0.5149110147,-0.6710281481,0.5334677792
-0.2990074329,-0.8928678953,-0.3367216603,-0.1201588149,-0.3148273563,0.9415123976,-0.946655383,0.3219792809,-0.01315022864
-0.7039529549,-0.5672069087,-0.4274652738,-0.5913535491,0.1347241697,0.7950788504,-0.3933843127,0.8124812126,-0.4302592958
-0.3443557282,0.6229659467,0.7023763675,-0.4427411471,-0.7674748349,0.4636406522,0.8278885246,-0.1513136043,0.5400970135
0.5452843654,0.1796367943,-0.8187768824,-0.681070958,-0.4744880893,-0.5576767911,-0.4886791496,0.8617375907,-0.1363855331
-0.07893152384,0.506089798,0.8588614154,0.9893417302,0.145520338,0.005174166328,-0.1223632106,0.8501158437,-0.5121818984
-0.4155196135,-0.6563975691,-0.6296710905,0.7390832307,0.1598635741,-0.6543696323,0.5301881068,-0.7372827605,0.4187059856
-0.6240116031,-0.3490472551,-0.6991248335,-0.1979834822,-0.7948752143,0.5735642374,-0.7559180245,0.4963259083,0.4269057657
0.9691636287,0.06924523195,-0.2364888129,-0.142037023,0.9412156291,-0.3064940845,0.2013637127,0.330633086,0.922027341
0.2171223997,0.7653330209,0.6059069487,0.04870629041,0.611447309,-0.7897847083,-0.97492849,0.200991431,0.09548237466
0.4252602671,0.6006275493,0.6770526216,0.5931857578,-0.7499621763,0.2927240867,0.6835820083,0.2771340491,-0.6752128234
0.8104357898,0.5456197344,0.2132907317,-0.4522321348,0.3512402173,0.8198270587,0.3723975391,-0.7608741126,0.53140442
-0.4121646544,-0.7612502319,-0.5006180002,0.3111682792,-0.6340341495,0.7079371436,-0.8563262228,0.1360102265,0.4982033908
0.9148285874,0.1473612589,-0.3759964295,-0.1838309879,0.9809484349,-0.06281986962,0.359575894,0.1265892076,0.9244892367
0.3835847693,-0.4887601328,-0.7835663707,0.5707609393,0.7924910332,-0.2149183857,0.7260128614,-0.3647896585,0.5829526827
-0.7193645801,0.5736369791,-0.3917336048,0.01285383142,-0.5528541448,-0.8331788965,-0.6945137724,-0.6043946647,0.3903302567
0.8006993306,-0.3742660073,0.4677665421,0.1822289863,-0.5916581029,-0.7853236822,0.5706778239,0.7140487693,-0.4055381318
0.8745297053,0.2097901137,0.437248102,-0.1619798593,-0.7234657962,0.6710884942,0.4571217777,-0.6577122091,-0.5987105564
-0.955737373,-0.2790398147,0.09328909734,0.1661919805,-0.2503522113,0.9537840405,-0.2427885902,0.9270709531,0.2856451443
0.8800518594,0.1931000438,-0.4338445549,0.3615344828,0.3199062983,0.8757584016,0.3078985913,-0.9275625765,0.2117218082
0.1708118587,0.8246997813,-0.5391600687,-0.666227434,-0.3064803584,-0.6798608652,-0.7259230779,0.4753315271,0.4970871395
0.2336337992,0.7680255215,0.5962818513,-0.2717551085,0.6403930504,-0.7183633497,-0.9335761398,0.005791319379,0.3583323202
-0.1296849317,-0.6432482887,-0.7545948964,-0.07906678621,-0.751889651,0.6545306685,-0.9883978257,0.1445461583,0.04664918313
-0.9970410297,-0.07244714039,-0.02570207773,-0.07660561941,0.9086425522,0.4104878698,-0.006384670787,0.411242172,-0.9115037641
-0.4192312147,-0.6239964992,-0.6594494352,0.4980234816,-0.7653837784,0.4076276284,-0.7590901135,-0.1575310778,0.6316376801
-0.8007439688,-0.06173909559,-0.5958165663,-0.5699232645,-0.2276480414,0.7895339397,-0.1843815856,0.9717842628,0.1471012493
0.5545766364,-0.4550524108,-0.6966864846,0.3964234778,0.8805956469,-0.2596145857,0.7316373285,-0.1322066955,0.6687512311
-0.9190957569,0.3939674015,-0.007257836587,0.3747739406,0.868333987,-0.3248700976,-0.1216860019,-0.3013067763,-0.9457307987
-0.7122862887,-0.6352931696,-0.2984138596,-0.4997329939,0.7575628555,-0.4199588726,0.4928642589,-0.1500036953,-0.8570785925
-0.7160807549,0.6955906332,-0.05815516728,-0.6617502666,-0.6500087469,0.3735976626,0.2220696673,0.3060102939,0.9257660412
0.5676759015,0.4265099819,0.7041543199,0.7424496556,0.1043113345,-0.6617308021,-0.3556860692,0.8984477619,-0.2574471584
-0.5958131992,0.3515931675,-0.7220726254,0.6115009537,0.7814562481,-0.1240673846,0.5206469198,-0.5154690843,-0.6806015045
0.3713437048,0.8242129638,-0.4275240852,-0.6431002602,0.5604348845,0.5218570642,0.6697207689,0.08115251477,0.7381655378
-0.8621796719,-0.1011635432,-0.4963991851,0.07234802982,0.9452281713,-0.3182914807,0.501409988,-0.3103379474,-0.8076375316
0.4234733786,0.8159326266,0.3936041747,0.2879712388,0.290704879,-0.9124490338,-0.8589195908,0.4997445568,-0.111859352
-0.610816347,0.7596700524,-0.2231698943,-0.5432841117,-0.1970863275,0.8160878344,0.5759737531,0.6197244476,0.5331002203
0.9946218408,-0.09010619755,0.0510711944,-0.07677562798,-0.9723866383,-0.2203854088,0.0695190382,0.215279118,-0.9740749481
-0.2423529367,0.1715086066,-0.954908295,0.5445284186,0.8386503108,0.01242808871,0.8029656626,-0.51696272,-0.296640676
0.5725468657,-0.0468079607,0.8185347282,0.0506569654,-0.9944417851,-0.09230063925,0.8183055409,0.09431092718,-0.566993378
-0.2014973297,0.9744790104,0.09894182429,-0.6286868303,-0.206130112,0.7498421476,0.7511003234,0.08888776848,0.6541767873
-0.09272556095,0.9956878284,-0.002778263789,0.186376142,0.02009750938,0.9822728866,0.9780929935,0.09056400239,-0.1874360088
0.9062622052,0.09133168932,-0.4127315568,0.4046269788,-0.4699937526,0.7844634348,-0.1223348825,-0.8779318852,-0.4628928401
0.2954423214,-0.5350226616,0.7914951586,0.7904736456,0.602171599,0.1119856284,-0.5365307543,0.5925707695,0.600828289
-0.6442637138,-0.7317440716,0.222429496,0.3562920863,-0.0298184063,0.933898716,-0.6767423559,0.6809269243,0.2799255391
0.1359436503,0.3165054549,0.9387990313,-0.9540950962,0.2970833603,0.03800032253,-0.2668742615,-0.9008694546,0.3423628989
0.8947915116,0.3972926775,0.2037318805,-0.3944936479,0.4897952844,0.7774801225,0.2091002452,-0.7760535469,0.5949941007
0.1372676792,-0.9147580376,0.3799675208,0.9866082637,0.1603825229,0.0296914201,-0.08810061475,0.3708034236,0.9245231758
-0.3663800544,-0.01350460255,0.9303672832,0.9206838062,0.1393412745,0.3645892733,-0.1345621962,0.9901523291,-0.03861839473
0.8403729948,0.5044326385,0.1982950902,0.4782156274,-0.5178597289,-0.7093173583,-0.2551137849,0.6909189636,-0.676422902
-0.9761386892,-0.216140232,0.02089639572,0.2166199971,-0.9625391482,0.1630771754,-0.01513393954,0.1637125175,0.9863919989
0.5706719873,-0.5443131424,0.6148631441,0.2485814337,0.8281332202,0.5023968953,-0.7826498282,-0.1338602728,0.6078985719
0.4799338472,-0.776635023,-0.4080460064,0.7368700585,0.1044340257,0.6679191951,-0.4761155523,-0.6212339136,0.6224005185
0.1940034842,-0.9380563173,0.2870766339,-0.4518826045,-0.3451938297,-0.8225833281,0.8707265701,0.02985909455,-0.4908601375
0.802805443,0.1373184452,0.5802129482,0.5889149906,-0.3346982119,-0.7356332243,0.09318022578,0.9322664594,-0.3495664372
0.8789603223,0.0724911277,0.471353146,0.3887469989,-0.6814129301,-0.6201227214,0.2762327329,0.728300388,-0.6271156369
0.885746623,-0.07071063999,0.4587514852,0.2734360741,0.8781252981,-0.3925922493,-0.3750808356,0.473176464,0.7971313571
-0.02714145553,-0.1212353561,-0.9922526542,-0.5531498166,-0.8249763886,0.1159277296,-0.8326395509,0.552010821,-0.04467025498
0.8098702157,-0.3914985619,-0.436851359,-0.2453685263,-0.9025115153,0.3539311389,-0.5328269139,-0.1794487135,-0.8269786206
-0.2476018811,-0.8792928129,0.406862947,0.9423003386,-0.3162073155,-0.109922724,0.2253073015,0.3561700196,0.9068514416
