0.8323332146,-0.4137107512,-0.3688696711,0.5200588079,0.8131041272,0.2615349206,0.1917296435,-0.4095181226,0.8919274921
0.5631080875,0.4237532659,-0.7094663145,-0.5369460816,0.8402159835,0.07567038044,0.6281705081,0.3383345544,0.7006650713
0.8917755202,0.06065400427,0.4483943726,-0.4454282276,0.2919278734,0.8463875063,-0.07956202422,-0.9545151693,0.2873511368
-0.7319879927,0.6589141933,0.1732791515,-0.3267718175,-0.1163616425,-0.9379126545,-0.5978409135,-0.7431635446,0.3004899137
-0.05875582646,0.8024802712,-0.5937787191,0.4185660325,-0.5201922822,-0.7444477591,-0.9062837465,-0.292276246,-0.3053266558
-0.5413641152,-0.6802813461,0.4941074629,0.1434368033,0.5043319479,0.8515134584,-0.8284629009,0.5318520249,-0.1754498372
-0.4719044175,-0.7417498654,0.4765641172,0.03074572638,-0.5540533782,-0.8319131892,0.8811134552,-0.3779311991,0.2842658751
-0.1640885465,-0.2983249821,-0.940253771,0.9568355928,-0.2799201178,-0.07816889414,-0.2398762124,-0.9124948946,0.3313796464
0.8715091008,0.2239419715,0.4362589605,-0.08742326428,-0.8044311768,0.587577786,0.4825236368,-0.5502185703,-0.6814913534
-0.6191242332,-0.3059992851,0.7232216959,0.6658803776,0.2836296142,0.6900417123,-0.4162793613,0.9088006819,0.02815695213
-0.7034002256,-0.4570865307,0.54433448,0.01008716156,0.759315516,0.6506444469,-0.7107224295,0.4631542406,-0.5294919996
0.1215029944,0.9466569727,0.2984587046,-0.03458326842,0.3045413398,-0.9518710889,-0.9919884172,0.1053335101,0.0697411769
0.5057758381,-0.6593996451,0.5562219967,0.5745932961,0.7384330614,0.352929395,-0.6434542296,0.1410982699,0.7523682161
-0.4198945918,-0.9001339591,0.115962871,0.2739353491,-0.2475125068,-0.9293529919,0.8652444489,-0.3584639656,0.3505076733
0.1654073995,-0.9426970586,0.2897630894,0.04191125107,0.3002638165,0.952934986,-0.9853343794,-0.1454781644,0.08917547016
0.9935675821,-0.03167566046,0.1087203403,0.05492974514,0.97437847,-0.2181039208,-0.0990261731,0.2226729658,0.9698507964
0.7107885274,0.6180149605,-0.3359124556,0.2907813557,0.1766732286,0.9403365214,0.6404887762,-0.7660574906,-0.05412992407
-0.5788417494,-0.1853098074,0.7941048447,0.7084562468,0.3679189541,0.6022668757,-0.4037721826,0.9112057498,-0.08168296042
0.4322554009,0.8912626342,-0.1371356454,0.8985362075,-0.4128741141,0.1488880443,0.07607859246,-0.187579004,-0.9792988129
0.6242169002,0.7755195167,0.09446025994,-0.7805995294,0.6141836106,0.1159433789,0.03190040967,-0.146109451,0.9887539594
0.9539070843,-0.2202395821,-0.2038523998,-0.2871655301,-0.4725877535,-0.8331847175,0.08716210629,0.8533201871,-0.5140500224
-0.7547728806,-0.3977772139,-0.5216236064,0.6468909214,-0.3193782332,-0.6924808156,0.1088578637,-0.8600993154,0.4983764975
-0.4017080045,-0.7610819678,0.5092984561,-0.6062827539,0.6378354887,0.4749601159,-0.6863322093,-0.1179835901,-0.7176544928
-0.6227134463,0.7824297259,0.005629196311,0.7757280809,0.6164068484,0.1352351351,0.1023421145,0.08857946267,-0.9907975426
0.00917243006,-0.03655959663,0.9992893787,-0.6167002243,-0.7868582937,-0.0231270167,0.7871446499,-0.6160498531,-0.02976371411
0.9561707038,0.03792133589,0.2903438609,-0.2446508053,0.6482857851,0.7210211678,-0.1608837119,-0.7604521768,0.6291493607
0.9314294124,-0.2205571782,0.2894715546,0.2117591188,0.9753668445,0.0617866836,-0.2959684534,0.003748306929,0.9551903605
0.4061207936,-0.06521719802,0.9114892309,0.8400425966,-0.3659905643,-0.4004738977,0.3597142435,0.9283305575,-0.09385115406
0.9718949234,-0.08261330097,-0.2204434178,0.206805116,0.7470247856,0.6318113751,0.1124806736,-0.6596430946,0.74311445
-0.3312014711,0.2088883387,-0.9201474053,-0.9212246844,-0.2825123915,0.2674543504,-0.204084949,0.9362437773,0.2860016135
0.8379490844,0.5397878036,0.08043916309,0.3816675523,-0.6849702763,0.6206009991,0.390091286,-0.4893310205,-0.7799897056
0.7677134731,-0.2962895431,0.5681800154,-0.01916417226,0.8756693979,0.4825306622,-0.6405066415,-0.3813339903,0.6665850509
0.9964571943,-0.001565801135,-0.08408690885,-0.03862082859,0.879650762,-0.4740495423,0.07470938075,0.475617583,0.8764738577
-0.9681708505,0.05984524858,-0.243030349,-0.0309735628,-0.9921778094,-0.1209290408,-0.2483663478,-0.1095524565,0.9624512541
0.9939012285,-0.0915174552,-0.06152156891,0.0793637284,0.9809823795,-0.1771298102,0.07656204453,0.1711669548,0.9822627586
0.7223803333,0.3514107295,0.5955477758,0.2322940749,0.687874191,-0.68765439,-0.6513110753,0.6350902271,0.4152761571
0.7633502193,0.2588708329,-0.5918465465,0.6458740736,-0.288883552,0.706677419,0.01196343944,-0.9217007026,-0.3877172821
0.8652321917,0.4184342264,-0.2761992989,-0.4654371506,0.8751493791,-0.1322188458,0.1863907544,0.2429534164,0.9519622493
0.9910762416,0.1280326853,0.03708793521,0.02954272166,0.06033660017,-0.9977408092,-0.1299811949,0.9899328897,0.05601573694
-0.5307918214,0.7974134428,-0.2870397943,-0.04076267722,-0.3623180184,-0.931162745,-0.8465213798,-0.482553059,0.2248201477
-0.08512009491,0.3278356544,-0.9408923175,0.02151045706,0.9447040881,0.3272177963,0.9961384792,0.007613786089,-0.0874651964
0.6632941719,-0.7423890363,0.09433642067,0.6547802032,0.636760698,0.4071838639,-0.3623585614,-0.2083130631,0.9084613039
0.3840778238,-0.3736873984,-0.8442996823,-0.919232619,-0.2405088871,-0.3117160045,-0.08657723418,0.8958310128,-0.4358797759
0.8046016012,-0.590103592,0.06628735971,0.5901730183,0.8070132395,0.02062619267,-0.06566636728,0.0225251435,0.9975873626
0.7779784389,0.5400658151,-0.3210583497,-0.5066404497,0.8414596027,0.1877796361,0.3715709936,0.01657263855,0.9282566156
0.1087618504,0.8694638386,0.4818749767,0.5114440934,0.3667266762,-0.7771335048,-0.8524058888,0.3309745886,-0.4047962728
0.8821498456,-0.4132040343,0.2259957432,0.3896806837,0.9098607215,0.1424866034,-0.2645006893,-0.03762835942,0.9636511256
-0.925714569,-0.2674811318,0.2674067704,-0.2287834359,0.9590006639,0.167259876,-0.3011821313,0.09365666429,-0.9489561386
0.8729918188,0.4876917863,-0.006481201162,-0.2628329282,0.45920669,-0.8485564611,-0.4108578053,0.7424863214,0.5290651438
0.352948702,-0.3139705329,-0.8813907863,-0.9193342921,0.05874147841,-0.3890679864,0.1739300809,0.9476138154,-0.2679111491
0.1401332491,0.7285800796,0.6704727736,0.05084198075,0.6709663244,-0.7397427151,-0.9888264587,0.137750714,0.0569822367
0.2352671322,-0.7008992715,-0.673342103,0.9257691428,0.3725721547,-0.06435436056,0.2959744426,-0.6082188757,0.7365249002
0.3603046906,-0.9306204863,-0.06423426196,0.8563623187,0.3572871315,-0.3728129353,0.3698974304,0.07931844781,0.9256805469
-0.1669503449,-0.8606093652,0.4811227524,-0.961408562,0.03386601574,-0.2730323604,0.2186804957,-0.5081383803,-0.8330511552
-0.6379117353,-0.7344757482,0.2315469568,-0.3005566391,0.5142668194,0.8032405276,-0.7090376045,0.4428035837,-0.5488084016
0.7205069224,-0.6528074172,0.2339065002,0.6687655784,0.5649457996,-0.4833102985,0.1833640529,0.5046570316,0.8436224894
0.5345537621,0.1085962881,-0.8381283443,0.09915143292,-0.9929199123,-0.06541437925,-0.839298081,-0.04813412379,-0.5415365522
0.5397943324,-0.07416162797,-0.8385237812,-0.6571521086,-0.6596578211,-0.3646953047,-0.5260923729,0.7478981295,-0.4048150234
0.8875026066,0.1872222693,-0.4210545631,-0.1268253893,0.9776959329,0.1674096278,0.4430061443,-0.09517607217,0.8914522261
0.3084389237,0.3324483737,-0.8912595072,-0.8338956371,0.5453092731,-0.0851813543,0.4576936713,0.7694906598,0.4454218536
0.9433497571,-0.3092741832,0.1201695279,0.331759827,0.8848348284,-0.3271127385,-0.005162658528,0.3484491442,0.9373134699
-0.826739289,0.4717734816,0.3064831644,-0.5088712008,-0.3947885991,-0.7649784723,-0.2399004981,-0.7883982142,0.5664591838
-0.09423362101,0.3263704364,-0.9405330206,-0.5532599334,-0.8025854062,-0.2230697464,-0.8276614469,0.4993385664,0.2561982149
0.4349231398,0.3671110266,0.8222355846,-0.2322229767,-0.8365057005,0.4963171386,0.870008248,-0.4068018032,-0.2785640703
0.9973052194,0.01588304953,0.0716242148,-0.004058712095,0.9867332327,-0.1622992739,-0.07325180042,0.1615712109,0.9841386678
-0.6287581755,-0.6894314174,0.3596491034,0.7109343175,-0.6970414928,-0.09330355527,0.3150167503,0.1970215167,0.9284109914
0.6390757544,0.1496100066,-0.7544527991,-0.3631276386,-0.8060078787,-0.4674287299,-0.6780269155,0.5726850316,-0.4607725647
-0.399721252,-0.9001153,-0.173249437,0.8466158908,-0.2900811244,-0.4462000389,0.3513750904,-0.3250313646,0.8780035067
-0.7233834656,-0.2216680973,0.6538957228,0.09959644729,0.9036563243,0.4165162606,-0.6832253723,0.3664266669,-0.6316126886
0.949149416,-0.1026992992,-0.2976041668,-0.220628879,0.4573568759,-0.8614798813,0.2245846921,0.8833331999,0.4114415804
-0.09540769805,0.04032313288,-0.9946212425,-0.972745418,0.2083554974,0.1017562698,0.2113379353,0.9772215878,0.01934542436
0.3957664978,-0.1935732776,0.8977183664,-0.01187523093,-0.9785297588,-0.2057631892,0.9182743915,0.07077356384,-0.389568023
0.535041082,-0.7571219073,-0.3748299056,-0.6639960536,-0.651181047,0.3675220876,-0.5223411543,0.05224616268,-0.8511345705
-0.3776475794,-0.9166981463,0.1305634495,0.1372340302,-0.1948592575,-0.9711831396,0.9157232806,-0.3488472135,0.199390308
0.6249780598,-0.2549475165,-0.7378375083,-0.3088302414,0.7873110664,-0.5336339258,0.7169562796,0.5613760314,0.4133166396
0.761845411,-0.1221550606,-0.6361365505,0.2243996925,0.9710171406,0.08228299146,0.6076482105,-0.2054357658,0.7671765106
0.7932102627,-0.2312127737,0.5633454823,-0.003311903302,0.9234611618,0.3836776172,-0.6089388396,-0.3062027693,0.7317331164
0.6546299315,0.5648343122,0.5024160154,-0.2156411308,0.7765299455,-0.5920305282,-0.7245402373,0.2792193464,0.6301412549
0.4159816922,0.07524243816,-0.9062548247,-0.1036869982,0.9939963001,0.03493367574,0.9034424376,0.0794350728,0.4212859255
0.7388198222,-0.5780496695,-0.3464157185,0.4922547946,0.1118397697,0.8632364005,-0.4602504618,-0.8083009622,0.3671771601
-0.1126953801,0.958147643,0.263159354,-0.9702847069,-0.0490454208,-0.2369433143,-0.2141199169,-0.2820419135,0.9352031973
0.7538834823,0.1171642704,-0.6464767814,-0.3603117846,0.8965325123,-0.2576914283,0.5493952248,0.4272025141,0.7180967197
0.93424286,-0.348561954,-0.07546418241,0.3368431245,0.9319238793,-0.1343673793,0.1171622299,0.1001121737,0.988053928
0.8128089937,-0.3227784683,0.4849284484,-0.3826130777,-0.9235257932,0.02659590237,0.4392593454,-0.2071573547,-0.8741493339
-0.5607797944,-0.8146894575,-0.1476723062,0.7053177933,-0.3766367346,-0.6005593897,0.4336505882,-0.4409374762,0.785825241
0.4556186324,0.8703975351,0.1866006238,-0.8886046352,0.457156062,0.03728454353,-0.05285323155,-0.182801712,0.9817281039
0.9508942331,0.1336197251,0.279187977,-0.07835249456,0.9765521797,-0.200516151,-0.2994345405,0.1687945772,0.9390672748
-0.07399645864,-0.9718258598,-0.2237834271,-0.8590333314,-0.05186549274,0.509285486,-0.506543443,0.2299227453,-0.8309929431
0.9942142996,-0.09745649044,-0.04516811913,0.09544803611,0.9944313072,-0.04467714975,0.04927066997,0.04010745288,0.9979798562
0.2253906968,-0.1556058699,-0.9617618453,-0.06382083245,-0.9874009173,0.1447975478,-0.9721758766,0.02874442138,-0.232481877
0.3239726977,-0.5304055615,0.7833974926,0.8958528792,0.4381783348,-0.07380627181,-0.3041205518,0.7257201163,0.6171231666
0.9725620326,-0.06892398795,-0.2221994075,-0.1372255067,0.6013011872,-0.7871505844,0.187862325,0.7960441986,0.5753445757
0.865888379,0.4088272882,-0.2882664801,0.1788147752,0.2852244344,0.9416327831,0.4671858209,-0.86689519,0.1738681635
0.06074447606,0.5965886215,0.8002450408,0.911149634,-0.3605087738,0.1995990192,0.4075738622,0.7170184382,-0.5654804207
0.997039744,-0.05049598336,0.0579819337,0.05504696267,0.9952914173,-0.07977986292,-0.05368035834,0.08273542344,0.9951247504
0.8562082638,-0.1543278521,0.493041908,-0.08282175304,0.9009956711,0.4258489849,-0.5099489839,-0.4054500151,0.758658236
0.6847019066,0.3006041724,0.6639430929,-0.4268404394,0.9037959071,0.03098705631,-0.5907542115,-0.3046146581,0.7471407978
-0.08177334392,0.9388173603,0.3345670101,-0.7535915585,0.1614430758,-0.6372094603,-0.6522368306,-0.3042336229,0.6942830975
0.00100898424,0.7569745738,-0.6534435527,0.3548114675,0.6106583936,0.7079584373,0.9349373265,-0.2325635847,-0.2679671147
-0.5759903184,0.7688809878,-0.2775917501,-0.03583150015,-0.3630005259,-0.9310997378,-0.8166708374,-0.5263579056,0.2366349477
0.7408083956,-0.3053359375,0.5983083539,-0.2576000315,0.693475018,0.6728555738,-0.6203588839,-0.6525813089,0.4350775683
0.939170623,-0.1808798357,-0.2919606582,0.2199014214,0.9696776959,0.1066233129,0.263821731,-0.1643400469,0.9504685388
-0.9514571347,-0.3017719481,-0.06052282424,0.2497811252,-0.642188967,-0.724708714,0.1798296704,-0.7046467356,0.6863922112
0.9393107092,-0.3426003256,-0.01789995624,0.3142626263,0.8801988737,-0.3556528425,0.137602301,0.3284432365,0.9344467065
0.5724456343,0.03688924459,-0.8191124339,-0.5626101124,-0.7090445351,-0.4251184643,-0.5964694939,0.7041981474,-0.3851351866
0.3193958161,-0.7717920368,0.5498393989,0.8956068437,0.05626277453,-0.4412741572,0.3096363904,0.6333810481,0.7091923248
0.136208718,0.3445945141,-0.9288174234,0.6398287429,0.6851924478,0.3480380571,0.7563506891,-0.641689902,-0.1271522899
0.9940090431,0.0001998459566,0.1092976778,0.01636220299,0.9884572936,-0.1506136019,-0.1080661863,0.1514996331,0.9825322186
0.9562961064,0.009581342278,-0.2922429722,-0.03793735268,0.9950806183,-0.09151677613,0.2899284639,0.09860406138,0.9519552116
0.3209885913,-0.06663234515,-0.9447361827,0.941858497,-0.0821743247,0.3258066175,-0.09934231682,-0.9943880082,0.03638121973
-0.9450442945,-0.2486919542,-0.2122347601,-0.3235718052,0.8044182725,0.4982093232,0.0468248689,0.5395030628,-0.8406806034
0.9911381244,-0.1100475872,0.07439587925,0.1196401939,0.9828990186,-0.1399847961,-0.05771864766,0.1476450057,0.9873548045
0.07741386529,0.6644742389,-0.7432907098,-0.8172760339,0.469288592,0.3344070899,0.5710227472,0.581585938,0.5793883144
0.06949167754,0.8355322481,-0.5450291453,-0.9884598094,-0.01604786225,-0.1506309112,-0.1346035365,0.5492069997,0.8247748538
-0.5357322488,-0.8353990759,-0.1228793779,0.06278975842,-0.1845355316,0.9808180687,-0.8420501195,0.5177403032,0.1513161415
0.9899565693,-0.1239120869,0.06805722374,0.1304121499,0.9862763754,-0.1012500986,-0.05457712094,0.1091086891,0.9925304186
0.1678178372,0.923833793,0.3440469393,-0.9619722091,0.2297579725,-0.1477184586,-0.2155148311,-0.306173802,0.9272599207
0.2903466613,0.7450721507,-0.6004717367,-0.9353062574,0.3535807501,-0.01352250021,0.2022400088,0.5655511855,0.7995316351
-0.4573176999,-0.1300810232,0.8797382843,0.03315919152,0.9860621318,0.163039689,-0.8886849776,0.1037323458,-0.4466302845
0.735400266,-0.6462617982,0.2037943497,0.6721867751,0.7337707845,-0.09871866691,-0.08574023665,0.2095856006,0.9740238641
0.8298963699,0.06270382893,0.5543827604,0.5575334077,-0.1300752837,-0.8199005549,0.02070059072,0.9895194038,-0.1429084852
0.9991312057,0.02771739396,0.0311220153,-0.04122862553,0.7664248426,0.6410094859,-0.006085573221,-0.6417356985,0.7669017272
-0.3345243547,-0.9351223712,0.1167887279,0.8824116222,-0.2673150997,0.3871593554,-0.330821984,0.2325699644,0.9145862598
0.9788043866,-0.2017783201,0.0350354443,0.1981509718,0.8898483693,-0.410981839,0.05175099208,0.4092131342,0.9109700575
0.9541108075,0.2192057383,0.2040132626,-0.1978076148,0.9728432793,-0.1202002554,-0.2248215171,0.07432898585,0.9715608511
0.7447020154,0.6143267768,0.2608093548,-0.5965665006,0.7879335689,-0.1525421295,-0.2992111605,-0.04199169289,0.9532624923
-0.855018433,-0.4995302397,-0.1393306102,0.251568954,-0.1645752791,-0.9537442209,0.4534937052,-0.8505201451,0.2663811971
0.1654108556,0.4767167344,0.8633541591,-0.007976616463,-0.8747378822,0.4845307122,0.9861924875,-0.08703328467,-0.140888555
-0.8487624203,0.5286244185,-0.01259277453,-0.03167732635,-0.07460470274,-0.9967099304,-0.5278246876,-0.8455710275,0.08006707629
0.9985514121,-0.04685190033,-0.02645707611,0.04384329519,0.9935394559,-0.1046762396,0.03119042974,0.1033646415,0.9941543683
0.557502717,0.05819489895,-0.8281328844,-0.5560802653,-0.7145058887,-0.4245657471,-0.6164133833,0.6972049116,-0.3659779394
0.04100134299,-0.8522071748,-0.5215954574,0.9991286945,0.03089797917,0.02805649198,-0.007793698185,-0.5222913422,0.8527315006
0.7689112933,-0.3498343235,0.5351554625,-0.04449356084,0.8057154133,0.5906293219,-0.6378054139,-0.4779525279,0.6039583057
0.8456151947,-0.5147391425,0.1413455259,0.3348154675,0.7176988422,0.6105792124,-0.4157325405,-0.4689903912,0.7792396728
0.9970797816,0.007780168145,-0.07596958716,-0.06980992733,0.4961528311,-0.8654241401,0.03095938042,0.8682003439,0.4952470895
0.9544269611,-0.04480891227,0.2950615821,0.0450799825,-0.9556754549,-0.2909505457,0.2950202892,0.2909924161,-0.9101024353
-0.215678899,0.7530085977,0.6216596049,-0.147031255,-0.6544288244,0.7416904502,0.9653312502,0.06856358781,0.2518622874
0.8418434744,0.1814251582,-0.5083153318,-0.4468502802,-0.2939120959,-0.8449500026,-0.3026952125,0.9384564944,-0.1663580972
0.879438598,-0.4536469046,-0.1441951401,0.3975732588,0.5334259798,0.7465870532,-0.2617694718,-0.713905603,0.649473274
0.9778914983,-0.1584902403,-0.1364150329,0.1732698519,0.9793397546,0.1042650635,0.1170716699,-0.1255965317,0.9851496005
-0.766361007,-0.6011967868,-0.2263917635,-0.4175025858,0.1982672639,0.8867816433,-0.488244199,0.7741140198,-0.4029455131
0.5460643566,-0.5568172727,-0.6259139263,0.8153624025,0.1817063818,0.5496971378,-0.1923483063,-0.8105166967,0.5532312477
-0.02931565068,-0.06910044463,-0.9971788812,-0.6568550188,0.753299233,-0.03288996617,0.7534467977,0.654037762,-0.06747243103
0.408734263,-0.6639078567,0.6262289198,-0.8240361852,0.02648304491,0.5659178508,-0.392301756,-0.7473453058,-0.5362595697
0.8627159252,0.4113084732,0.294187988,-0.4246208936,0.9051440802,-0.02028030628,-0.2746239776,-0.1074222231,0.955532384
-0.3911550569,0.6695336887,0.6314446619,-0.6581474281,0.2760898745,-0.7004401074,-0.6433037263,-0.6895643703,0.3326579247
0.9786613096,0.1164188148,0.1693183411,-0.1494919865,0.9687381811,0.1979860664,-0.1409758386,-0.2190730382,0.9654702569
0.8507377455,0.5059115263,0.1424739129,-0.5255858147,0.8200122933,0.2265819723,-0.002199928626,-0.2676441039,0.9635153315
-0.1767073915,-0.9308275436,-0.3198977678,-0.02133377909,-0.3213138216,0.9467324321,-0.9840321985,0.1741192469,0.0369204581
0.6545788155,-0.6751095948,0.3402258212,-0.1228002571,0.3491100863,0.9290006698,-0.7459535315,-0.6498839763,0.145616435
-0.2907124235,-0.9567923852,0.00588374724,0.625716516,-0.1854587797,0.7576832337,-0.7238543558,0.223949487,0.6525959691
0.7625906499,0.4984549532,0.4123083317,-0.2109601888,0.7941645854,-0.569910879,-0.6115155758,0.3476280641,0.7107766383
0.6209311842,-0.772321203,0.1340314285,0.224986442,0.01180281332,-0.9742904056,0.7508831903,0.6351225495,0.1810905344
0.9597878904,0.1430051312,0.2415713929,-0.1008829548,0.9787407481,-0.1785754109,-0.2619729658,0.147024081,0.9538102981
-0.9780077212,-0.1133575948,-0.1750741355,-0.1935654611,0.1807039254,0.9643020811,-0.077674381,0.9769831867,-0.1986719494
0.307386905,0.4664172911,0.8294384854,-0.4849644054,-0.6731635893,0.5582654454,0.8187324448,-0.5738516294,0.01927411195
0.6857149765,0.5812546931,-0.4381072389,0.315664844,-0.7798348636,-0.5405675645,-0.6558587327,0.2323802216,-0.7182261172
0.827224843,-0.1599235814,0.5386311421,-0.5273954017,-0.5516328003,0.6461852242,0.1937863499,-0.8186120581,-0.5406673181
0.2236599667,0.5260890551,-0.8204916364,0.1669691051,-0.8500538992,-0.499529465,-0.960259099,-0.02527201079,-0.2779636455
-0.222781854,0.6934768435,-0.6851701343,-0.9567735841,-0.02074895679,0.2900927258,0.1869560223,0.7201800804,0.6681228162
0.9252647942,-0.1125407284,-0.3622425223,0.1738329799,0.9745952477,0.1412310102,0.3371456,-0.1936457787,0.9213219615
0.9973253377,-0.06356977963,-0.03607012426,0.06537482104,0.9965417718,0.05128966669,0.03268491273,-0.05351056208,0.998032222
0.5064061764,0.8037575735,-0.3122924073,-0.7455064348,0.2260994518,-0.6269762305,-0.4333277515,0.5503206347,0.7137046019
0.473858555,-0.7244171194,-0.5006774481,0.7219885963,0.6451232619,-0.2500968687,0.5041731217,-0.2429728672,0.8287180758
-0.2290427828,0.8893475521,0.3957276024,-0.4495428888,-0.4572268234,0.767368766,0.8633948082,-0.002136251959,0.5045243717
0.5757969346,0.5918829462,0.564032329,-0.310487554,0.7964864635,-0.5188514163,-0.75634342,0.1236280368,0.6423867524
0.9993112671,0.03257035369,0.01778098792,-0.03022057102,0.9923886205,-0.1193798265,-0.02153389325,0.1187602541,0.9926894245
-0.5934528119,-0.5768002392,0.5613512663,0.4321225122,0.3600696833,0.8268131334,-0.6790315858,0.7332470983,0.03556400236
0.9943469416,-0.04103084691,0.09793175817,0.03239908842,0.9955794048,0.08815865081,-0.1011160656,-0.08448738512,0.9912806984
0.5340474801,-0.5743735733,0.6203936552,0.786347732,0.06789935519,-0.6140414659,0.3105648618,0.8157724412,0.4879188362
-0.02615944878,-0.7290530323,0.6839571327,0.989722103,-0.1151126312,-0.08484834124,0.1405910457,0.6747079059,0.7245711833
0.1916136287,0.9768281605,0.09534653712,-0.7294958255,0.07675623468,0.6796648593,0.6565973331,-0.1997879508,0.727299606
0.8762857176,-0.3606319953,-0.3194806804,-0.02163299108,0.6329891046,-0.7738583896,0.4813058849,0.685032377,0.546877763
0.2160893032,-0.7279130585,-0.6507288163,-0.02379013238,0.6623520116,-0.7488149587,0.9760837273,0.1772918273,0.1258100366
0.6164717862,0.2583664892,-0.7437804072,0.09169351266,0.9146462332,0.3937188945,0.7820197162,-0.3109164283,0.5401630662
0.8985961121,-0.4305176302,-0.08473250532,0.4190007794,0.8992655081,-0.1255384117,0.130243519,0.07730534295,0.9884637119
-0.3166511449,-0.9344652613,0.1628088689,0.813681102,-0.1793852873,0.5529412112,-0.4874988377,0.3075639674,0.8171592802
0.7616287342,0.320826931,0.5630202053,0.1307521222,0.7748856799,-0.6184303239,-0.6346853975,0.5446303915,0.5482263974
0.3708961025,0.8081215596,0.4575758145,0.7462172538,0.03395983732,-0.6648357238,-0.5528072822,0.5880359464,-0.5904386796
0.03059223189,-0.4626816607,0.885996499,-0.9962290895,-0.08611519637,-0.01057233383,0.08118938746,-0.8823320541,-0.4635713857
0.01056970892,0.1964351396,-0.9804598499,0.8129435716,-0.5726212094,-0.105960841,-0.5822465376,-0.7959385569,-0.1657431235
-0.6253622954,-0.7731151233,0.1059009236,0.5085822889,-0.5067373217,-0.6961044047,0.591832793,-0.3814581143,0.7100870737
0.4202867588,-0.6877925646,0.5918618322,0.7046765163,-0.1635254703,-0.6904277137,0.5716555324,0.70724876,0.4159436785
0.8954959789,0.1813156445,-0.4064622847,-0.2680634147,0.94875302,-0.1673610252,0.3552871479,0.2588287931,0.8982086051
0.8174588839,0.5476684582,0.1783822668,-0.2097925688,0.5715303797,-0.7933095885,-0.5364215239,0.6110746967,0.582099359
0.5241653064,0.3365745605,0.7822840256,-0.6937600051,-0.3639911192,0.6214559683,0.4939107074,-0.8684630276,0.04271045229
-0.7592535974,0.2674718635,-0.5932897917,0.5977016609,0.6472449761,-0.4731032291,0.2574620348,-0.7138156226,-0.6512914536
0.5846373636,0.1620282052,-0.7949503216,0.7952289222,0.07958490083,0.601063395,0.1606552656,-0.9835716061,-0.08232120838
-0.1589847589,-0.1460353978,-0.9764207643,-0.3284759567,0.9404806382,-0.08717634491,0.9310356558,0.3068710345,-0.1974912045
0.4648055982,0.7078141485,-0.5319350403,-0.3894275171,0.7029747387,0.5951241262,0.7951741726,-0.06946688354,0.6023889004
-0.7549060896,0.6297298683,-0.1831859409,0.5535988038,0.7616249659,0.3368319697,0.3516321379,0.1528649874,-0.9235730265
-0.2279201688,-0.8269986976,0.5139314651,0.3619239021,0.4180483795,0.8332146431,-0.9039156408,0.3759105033,0.2040289385
0.0935790697,0.9687839449,-0.2295661685,-0.7664729657,-0.07705956459,-0.6376370569,-0.6354228124,0.2356257446,0.7353355411
0.6836644246,0.7292540357,-0.02813371433,-0.7139385014,0.6603190194,-0.2329605305,-0.1513101804,0.1793525689,0.9720791559
0.9095236091,-0.3935368892,0.1337741427,0.3290050172,0.8783022307,0.3469018453,-0.254012801,-0.2715030542,0.9283122258
0.2534016736,0.0830864788,0.9637864021,-0.01758416798,0.9965356537,-0.08128645591,-0.9672013176,0.003650741981,0.2539848091
0.9801413984,0.1229175877,0.1556088229,-0.07817441077,0.9606737293,-0.2664483951,-0.1822405022,0.2489924746,0.9512051025
0.6308825415,-0.5671439485,-0.5294666755,0.03628810105,0.7032310527,-0.7100346895,0.775029285,0.4287351492,0.4642367707
-0.08379794003,0.624287318,0.7766873565,0.4511661041,-0.6711953419,0.5881717092,0.8884970747,0.3997025864,-0.2254124901
0.9615880059,-0.04107845182,0.2714057252,-0.1171518581,0.8327525365,0.5411087275,-0.2482417148,-0.5521193473,0.7959524341
-0.1364585815,0.5670000501,-0.8123361365,-0.934935225,0.1974015353,0.2948368345,0.3275289004,0.7997146848,0.5031711859
0.7728632131,-0.5070510517,0.3815516805,0.4939643632,0.103269204,-0.8633276779,0.3983486687,0.8557071359,0.3302781187
0.9513901682,0.3057385101,-0.03715792244,-0.3025099612,0.9502957848,0.07365897537,0.05783140245,-0.0588377833,0.9965910115
0.8560037054,0.4746425813,-0.2048708774,-0.2594592039,0.737206789,0.6238646262,0.4471449182,-0.4808747969,0.7542021293
0.2817186708,0.03808081318,-0.9587410715,0.4215849832,0.8926802415,0.1593363997,0.861916871,-0.4490788773,0.2354303921
0.7922140683,-0.606946836,0.06334357277,-0.5916849156,-0.7385682028,0.3231500742,-0.1493513664,-0.2934834715,-0.9442254081
0.9583529927,-0.274301271,-0.07948807505,0.2625783845,0.9557771238,-0.1324487885,0.1123037548,0.1060608425,0.9879974516
-0.9075969039,-0.4142814454,-0.06810832638,-0.3841592127,0.7540109391,0.5328125402,-0.1693799262,0.5097434529,-0.8434880277
0.7512448325,0.3468464352,-0.5615414072,-0.5186297446,0.8364356357,-0.1771965447,0.408233254,0.4243500651,0.8082528271
-0.06280220166,-0.9054139976,-0.4198587577,-0.1919899946,0.4237919481,-0.8851780763,0.9793853815,0.02501754857,-0.2004454959
0.3863147113,0.400038678,0.8311016785,0.471121552,-0.8602279132,0.1950702965,0.7929725261,0.3161913873,-0.5207855408
-0.2396201605,-0.6561132389,0.7156099471,-0.3290359661,-0.6385807076,-0.6956651586,0.9134098268,-0.4021568073,-0.06286804177
0.08599509772,-0.4478880881,-0.8899444385,-0.9054553307,0.3375166127,-0.2573580778,0.4156386498,0.827936469,-0.3765178828
-0.3603846331,0.9313076274,0.05281116648,-0.7907024361,-0.335031015,0.5123903556,0.4948864251,0.1428996923,0.8571272392
0.8217345033,0.3911843467,-0.4143998226,0.1926239177,-0.8750463193,-0.4440607678,-0.5363286608,0.2850767371,-0.7944072139
0.993208503,-0.1160280748,-0.008622962119,0.0749059058,0.6943884902,-0.7156910856,0.08902794445,0.7101845609,0.6983637409
-0.3731623523,-0.16159486,-0.9135846759,0.9229470271,0.03557699713,-0.3832793531,0.09443857278,-0.9862156856,0.1358674997
0.7809947326,-0.3509897382,0.5165785819,0.526464569,0.8149652246,-0.2422121801,-0.3359795904,0.4611267574,0.821267209
0.9221379596,0.06599395857,-0.3811907409,0.1405662882,-0.9751538536,0.1712193927,-0.3604201744,-0.2114704689,-0.9085029106
-0.5290285698,-0.8470977557,0.05053874282,0.8365334216,-0.5305871043,-0.1367082999,0.1426204993,-0.03004524894,0.989321321
0.1617120363,0.8918147743,0.4225110953,-0.3292855339,-0.3548443042,0.8750180323,0.9302796647,-0.2806277394,0.2362791091
0.9704105658,-0.2040961414,-0.1290275119,0.2081469406,0.9779209655,0.01858591848,0.1223853948,-0.04489265353,0.9914668249
0.2790200055,0.7115068025,0.6449076729,-0.8633811967,0.4798686059,-0.1558814624,-0.4203816668,-0.5133071119,0.7481945356
0.8406673525,0.1020172342,0.5318560768,-0.4210120491,0.7408387449,0.5233610691,-0.3406277397,-0.663890381,0.665749431
0.4312020422,0.5194485378,-0.7377248914,-0.8665644857,0.4661287417,-0.1782974713,0.2512584146,0.7161684249,0.6511313203
0.1236012117,-0.5316712211,0.8378833171,0.505949588,0.7601299143,0.4076978388,-0.8536613818,0.3735347722,0.3629518138
0.9435211069,0.1726623796,0.2827642542,0.1464714949,0.5481492515,-0.8234552199,-0.2971767521,0.8183642836,0.4919002717
-0.2885809247,-0.6657808116,0.6880820887,0.9450941661,-0.08297067839,0.3160899932,-0.1533560145,0.7415199103,0.653169316
-0.9668285596,-0.2155694591,-0.1370122064,-0.06305614486,0.7212384693,-0.6898108386,0.2475206233,-0.6582893579,-0.7109069294
0.9720925293,-0.2272810155,0.05813307491,0.2332247912,0.9630326789,-0.1348119291,-0.02534385871,0.1446077434,0.98916444
0.9175618704,0.02020804665,-0.3970791469,-0.1366594961,0.9538891128,-0.2672447243,0.3733689813,0.2994782052,0.8780138999
0.1864630249,-0.5948808252,-0.78188768,-0.1581237006,0.767298526,-0.6214900379,0.969653771,0.2395198858,0.04900804665
0.3872272605,-0.5960136838,-0.7034363777,0.8123583059,-0.1402715058,0.5660370018,-0.4360378786,-0.7906273417,0.4298597155
-0.8631699158,0.5047632341,0.01231965605,-0.3756483933,-0.6256911025,-0.683665802,-0.3373810621,-0.5947476118,0.7296912342
0.9878430083,0.004650601574,0.1553852081,0.02188311343,0.9854393865,-0.168613003,-0.1539068561,0.1699634883,0.9733576384
0.9997058468,0.006325600368,0.02341381355,0.0003494268677,0.961532146,-0.2746922096,-0.02425072753,0.2746195895,0.9612470979
-0.5891855385,0.7063640468,-0.3923139491,-0.7654417912,-0.3324510008,0.5509765842,0.2587648847,0.6249209273,0.7365558832
0.34008454,-0.8579794961,0.3849853114,0.502029995,-0.1805260138,-0.8457991738,0.7951782126,0.4809173969,0.3693373358
0.9106499783,-0.1989745073,0.3621129141,-0.4098733518,-0.5456676517,0.7309245169,0.05215795788,-0.8140368293,-0.5784665833
0.2690214555,-0.9502919149,0.1567569233,-0.156283443,-0.2036709373,-0.9664851963,0.9503698974,0.2355067426,-0.2033067443
0.8335437293,0.389289294,-0.3919932359,-0.4113980725,0.9109660118,0.02987559733,0.3687227649,0.1363626448,0.9194828719
-0.1372601555,0.9895760807,-0.04357557004,0.888508762,0.1035571108,-0.4470213694,-0.4378490946,-0.1000754985,-0.8934612834
0.8498248749,-0.4970031797,0.1754580329,0.4423491443,0.4915494612,-0.7501375618,0.2865744519,0.7150992704,0.6375798907
0.2311270638,0.3972572659,0.8881255233,-0.9624608447,0.2268701287,0.1489935133,-0.1423003961,-0.8892224746,0.4347803905
0.597169656,-0.7372235006,0.316053654,0.2347131756,0.5373844505,0.8100170847,-0.7670059499,-0.409535667,0.4939457564
-0.833725795,-0.4721860854,0.2862544314,-0.03759788581,-0.4686613626,-0.8825774335,0.5508971752,-0.7465901339,0.3729818686
0.9014053865,-0.3159835902,0.2960113172,0.08667772543,-0.5381336422,-0.8383908128,0.4242113873,0.7813875824,-0.4576878249
-0.7217057543,-0.4032912858,0.5625806102,-0.4407641811,0.8944217298,0.07574104559,-0.5337300262,-0.1933026335,-0.8232656625
-0.2501822323,0.9581232502,-0.1393150679,0.6740413572,0.0690650279,-0.7354578647,-0.6950374806,-0.2779026078,-0.6630935388
0.7044424972,0.5642645291,0.4305418788,-0.5700683685,0.8111834045,-0.1303976209,-0.4228271791,-0.1535806807,0.8931014226
0.4718184637,0.0487651192,-0.8803461254,0.2268062392,0.9581559632,0.174631269,0.8520248043,-0.2820622509,0.4410154413
0.9672944097,0.2266972329,0.1137975816,-0.22910311,0.9733663078,0.008354386426,-0.1088728156,-0.03415253115,0.9934688292
0.6956022298,0.2202959536,0.683818127,0.6616777041,-0.5672246884,-0.4903455605,0.2798573811,0.7935526735,-0.5403276789
-0.8102313658,-0.2924546494,0.5079324876,-0.5859541744,0.3841848453,-0.7134842045,0.01352180871,-0.8757124429,-0.4826436345
-0.3294731581,-0.5618163484,-0.7588213418,0.9266129973,-0.3466526006,-0.1456719866,-0.1812064879,-0.7511287274,0.6347990577
-0.7929334745,0.4599979099,0.3995728068,-0.1958410833,-0.8133918668,0.5477590174,0.5769772744,0.3560836895,0.735052128
-0.984742299,0.1618370658,-0.06396380727,0.1578242227,0.6757350236,-0.7200511736,-0.07330838432,-0.7191598863,-0.6909666698
0.7197268395,0.3961936846,-0.5701086219,-0.4181487062,0.9029038151,0.09958092266,0.5542065824,0.1667191199,0.8155119858
-0.9909577808,0.05495545211,-0.1224033292,-0.1310998475,-0.2024156738,0.9704847886,0.02855707798,0.9777565102,0.2077900383
0.4080542029,-0.4056353801,0.817894679,0.8287938513,0.540297597,-0.1455309544,-0.3828740257,0.7372505986,0.5566588141
0.08196174024,-0.8465037986,0.5260357327,0.5700276324,0.472773543,0.6719774366,-0.8175272298,0.2447784632,0.5212798985
-0.3612927611,-0.6678490689,-0.6507266415,-0.291499649,0.7437835394,-0.6015097681,0.8857175032,-0.02763453738,-0.4634013778
-0.1042939214,-0.6340775387,0.7662039238,0.9039193858,0.2608763977,0.3389295636,-0.4147921431,0.7279348735,0.5459471568
0.8402836891,0.495831678,0.2192584525,-0.515544711,0.8559196916,0.04018871155,-0.1677407907,-0.1468074543,0.9748387551
0.5295636148,0.7757898705,0.3430924872,0.1455830114,-0.4815799695,0.86422585,0.8356841297,-0.4077141276,-0.367969055
-0.6793983881,0.03477475172,0.7329451186,0.7335757357,0.009229568311,0.6795450353,0.01686624284,0.9993525563,-0.03178046791
-0.5834808384,0.3418526367,-0.7366728487,0.6519864254,-0.3436579694,-0.675879354,-0.4842146346,-0.8746633494,-0.02236543849
0.8810290911,-0.3395852589,0.3293472219,0.336566275,-0.03927860655,-0.9408402274,0.3324317721,0.9397547781,0.0796873506
0.9732469386,0.2103025563,-0.09253772856,-0.2139098953,0.9763661127,-0.03085078208,0.08386270397,0.04982016504,0.9952311279
0.8384389162,0.3316454267,0.4324713802,-0.2286579322,0.9343761339,-0.2732339482,-0.4947077256,0.1302019638,0.8592506705
0.8288047983,-0.1910676402,0.5259047092,0.5015068968,-0.1631532834,-0.849630413,0.2481399581,0.9679226018,-0.03940048478
-0.4114061813,-0.9108826503,-0.03221414775,-0.4692716699,0.1813856283,0.8642241339,-0.7813635862,0.3706643377,-0.5020745911
0.9773745186,-0.05389817681,0.2045337059,0.09789884017,0.9724502315,-0.2115570003,-0.187496313,0.2267940339,0.9557246459
0.8898160987,-0.3680477817,0.269755706,0.4555834248,0.7500897078,-0.4793841605,-0.02590470188,0.5494599718,0.8351183663
0.4109721798,0.03291776622,-0.9110533948,0.1960508454,0.9727747341,0.1235855277,0.8903178834,-0.2294030019,0.393329797
-0.4817932406,-0.5406610984,0.6896092009,0.004059731503,0.7855835151,0.6187423207,-0.8762755228,0.300905496,-0.3762938886
0.2888206935,0.1477241862,-0.9459176348,-0.7192826127,0.6855381949,-0.1125606788,0.6318347332,0.7128919611,0.3042530554
0.7952372244,-0.5959862468,-0.1113469824,0.597462302,0.8015586165,-0.02329338987,0.1031336732,-0.04800185371,0.9935085644
0.5308665225,0.2278365492,-0.8162543979,-0.3015159063,-0.8493786951,-0.4331789359,-0.7920030893,0.4760738799,-0.3822103706
0.7631847682,0.6416623085,-0.07627903726,-0.09365789599,0.2266427229,0.9694644267,0.6393568708,-0.7327363496,0.2330670157
0.6923293619,0.0193056756,0.7213233294,-0.2970436324,0.9186380645,0.2605171528,-0.6576056076,-0.394628176,0.641734733
-0.9352462854,0.3448919239,0.07977434756,-0.1143782387,-0.08114373576,-0.9901178277,-0.3350104539,-0.9351284698,0.1153375082
0.5657216682,0.8157140376,0.1207046104,-0.7916793081,0.5782339559,-0.1972038674,-0.2306574673,0.01600315839,0.9729034031
0.2196640309,-0.3833095494,0.8971184442,0.9228162931,-0.216671922,-0.3185331496,0.3164771756,0.8978457928,0.3061292697
0.1016355057,-0.2794108025,-0.9547773706,-0.9687198843,-0.2462041558,-0.03106926863,-0.2263890672,0.9280695648,-0.2956938842
0.9158077626,-0.3983859771,0.05084048791,0.3156618819,0.6357490685,-0.7044009498,0.2483016678,0.6611442619,0.7079791993
0.2269955752,-0.6426677236,0.7317453149,0.6025426096,0.6829680767,0.4129128356,-0.7651244425,0.347178345,0.5422654187
0.998509475,0.03971821926,-0.03743382761,-0.04065349547,0.9988713241,-0.02456361546,0.03641595388,0.02604881872,0.9989971658
0.9258401925,0.1327689045,-0.3538253184,-0.1310017416,0.9909561901,0.02905809611,0.3544834011,0.01944857962,0.9348600276
0.7168987869,-0.4844931638,-0.5013207592,0.6841012967,0.3502404762,0.6397945176,-0.1343932486,-0.8016220949,0.5825293741
0.940334028,0.08008180684,-0.3306944511,-0.2524588363,0.8158060991,-0.520312353,0.2281149968,0.572754147,0.787347595
-0.05182017819,0.111621242,-0.9923987946,-0.9985113764,-0.02272786254,0.04958301589,-0.01702058558,0.993490887,0.1126328419
0.8319985848,-0.3241294656,0.4502426506,0.5544121142,0.5152359686,-0.6535741001,-0.02013858439,0.7933927062,0.608376899
0.4819832239,-0.2470201961,0.8406385636,-0.2753613802,0.8681176746,0.4129743495,-0.8317861998,-0.4305261035,0.3503983333
-0.3441252965,0.4189640006,-0.8402659975,-0.4128566378,0.7362463744,0.5361815671,0.8432835685,0.5314230353,-0.0803889332
0.9386737873,-0.03386353621,-0.3431395953,0.09926028796,0.9795773029,0.1748590946,0.330210412,-0.1981957836,0.9228648412
-0.1083367536,0.8586475954,0.5009864816,-0.9934805167,-0.1115058671,-0.02372560883,0.03549099505,-0.500290664,0.8651298404
0.708805429,-0.2293064789,0.6670932487,-0.3334101036,0.7244839238,0.6032915936,-0.6216370055,-0.650031986,0.4370650416
0.7291640752,-0.2463825559,-0.6384476389,-0.3496292105,0.6678707942,-0.6570449128,0.5882849366,0.7023134902,0.4008448515
0.02078022503,-0.3252312075,0.9454061793,0.8497349504,0.504000851,0.1547050623,-0.5268004331,0.8001298669,0.286833575
-0.9353738786,-0.1948732828,-0.2951272792,-0.2107099886,-0.3631318772,0.9075993281,-0.2840369834,0.9111309694,0.2986023253
0.9678685242,0.2223434822,0.1174474169,-0.1886627218,0.3333075485,0.9237491302,0.1662434877,-0.9162256567,0.3645458116
-0.4658087972,-0.628677432,0.6227253415,-0.05086642186,0.7215955213,0.6904437057,-0.8834221933,0.2899389422,-0.3681041133
0.9000586212,0.001893032982,0.4357647241,0.1637688444,0.9252161863,-0.342278796,-0.4038245212,0.3794356665,0.8324387852
-0.9366288425,-0.2021718936,-0.2860995225,-0.1879733461,-0.3991211542,0.8974231585,-0.2956221109,0.8943314988,0.3358254573
-0.05932330561,0.0974471044,0.9934710903,-0.6453174111,0.7555636797,-0.1126453058,-0.7616076315,-0.6477866839,0.01806177805
0.5828091053,0.7593587396,-0.2893230917,-0.5721561651,0.1306372992,-0.809673526,-0.5770362809,0.6374230939,0.5106083919
0.4057979651,0.1851729317,0.8950078194,0.2375544305,0.9242349667,-0.2989274474,-0.882550794,0.3339172227,0.3310640185
0.02558441809,0.8079717266,0.5886655473,-0.6285118027,-0.4449152777,0.6379837847,0.7773791555,-0.3863056882,0.4964368679
0.3224101786,-0.01262212882,0.9465159051,-0.09946744756,0.9939237629,0.04713576503,-0.9413596038,-0.1093445716,0.3191956469
-0.8519940212,-0.4309845566,-0.2972515767,0.3905441565,-0.1450499752,-0.9090851261,0.3486853161,-0.8906249585,0.2919002118
0.07564168773,0.8055292742,-0.5877081958,0.9620369808,-0.2139557921,-0.1694336641,-0.2622273491,-0.55258077,-0.7911329281
0.8917810205,0.187888044,-0.4116123107,-0.247271936,0.9642191711,-0.09559278072,0.3789237405,0.1870280005,0.9063317968
-0.6070484777,0.7905779351,-0.08049021162,0.2342155358,0.2747872143,0.9325422616,0.7593650166,0.5472463023,-0.3519747948
0.3311020486,0.7130277407,-0.618031451,-0.4643739185,0.6932995769,0.5510830794,0.8214184666,0.1045329501,0.5606643961
0.8836790484,-0.3648602999,0.2932376187,0.1796989274,-0.3140257864,-0.9322532387,0.43222637,0.8765071403,-0.2119330036
0.9266201311,0.3043401722,0.220798986,-0.2965765663,0.952560963,-0.06833704741,-0.2311222035,-0.002161321292,0.9729223277
0.8856556583,-0.4317016767,-0.1710196398,0.4641375843,0.8120915603,0.3536715998,-0.01379701647,-0.392607896,0.9196024588
-0.4368347407,-0.8582959579,-0.2692646616,0.08653643091,-0.3380439095,0.9371434049,-0.8953696753,0.3860755935,0.2219431924
-0.6063204668,0.6555554895,0.4501360813,0.183740216,-0.4352458361,0.8813629191,0.7737021549,0.6170964774,0.1434465513
0.9807780474,-0.05405233811,-0.1874907103,0.0439153357,0.9973613418,-0.05780827885,0.1901206591,0.04846337336,0.980563836
0.6830286405,-0.3708321727,0.6292498517,0.2657556886,0.9286508299,0.2588079405,-0.6803277079,-0.009546508087,0.7328458733
-0.950256799,-0.2863922008,0.1224398761,0.01283887254,0.3567556215,0.9341095171,-0.3112027945,0.8892159096,-0.3353325019
0.5199765771,0.5826197152,0.6246427993,-0.2499803766,0.8030553043,-0.5409362158,-0.8167828173,0.1251257197,0.5632134442
0.9598752771,0.219589428,0.1744131175,-0.2575395517,0.9363904025,0.2384248172,-0.1109632001,-0.2737763636,0.9553709599
0.6955629911,0.5568908495,-0.4539435066,-0.4420832851,0.8297955217,0.3405903128,0.5663519175,-0.03622118008,0.8233671912
0.7439402107,0.3596747687,0.5631935934,-0.06015787895,0.8754184017,-0.4796078101,-0.6655328636,0.3229190033,0.6728962214
0.4691010082,0.09273084306,0.8782626229,0.877665099,-0.1595578103,-0.4519350388,0.09822534381,0.9828236342,-0.1562353542
0.5759202687,0.04390072864,0.8163262645,-0.7476086118,-0.3757204277,0.5476454361,0.330752487,-0.9256926521,-0.1835644469
