0.8315267135,-0.4534996157,-0.3207825171,0.5505457133,0.7496623757,0.3672951675,0.07391036656,-0.4820211832,0.8730365609
0.5627666506,0.3418652595,-0.7526100194,-0.4894335017,0.8715276414,0.02990681797,0.6661445372,0.3515219974,0.6577870027
0.9308514454,0.03063749412,0.3641111514,-0.3587398591,0.2659850951,0.8947388684,-0.06943558244,-0.9634901521,0.2585835006
-0.6796101388,0.6987831491,0.2232312026,-0.3714400766,-0.06538285654,-0.9261519052,-0.6325838512,-0.7123392399,0.3039909186
-0.06005677489,0.7695168835,-0.6357963116,0.3688520654,-0.574756896,-0.7304811184,-0.9275458682,-0.2783851228,-0.2493198463
-0.5199800909,-0.6676034876,0.5328473405,0.2408159175,0.4839323815,0.8413186935,-0.8195293765,0.5657870919,-0.09086565739
-0.2873022783,-0.814486741,0.5040523282,0.1055260255,-0.5499503213,-0.8285040145,0.9520092745,-0.1848404521,0.2439515289
-0.06555722681,-0.3576023495,-0.9315700777,0.9945948321,-0.09875054909,-0.0320850265,-0.08051937583,-0.9286381904,0.3621432609
0.8359600721,0.2717550284,0.4767808327,-0.0793419579,-0.7998089193,0.5949878539,0.5430245037,-0.535214814,-0.6470467458
-0.6413166446,-0.3083380569,0.7025956191,0.6173895354,0.3363213647,0.7111385949,-0.45556901,0.8898402004,-0.02532379944
-0.7199308971,-0.472429457,0.5084386999,-0.09937681943,0.7951914709,0.5981594874,-0.6868942795,0.3801064755,-0.6194314459
0.2831748688,0.9349160367,0.2138784657,-0.01502712494,0.2273043059,-0.9737078299,-0.9589505614,0.2725156086,0.0784159671
0.603423715,-0.6519314063,0.4592006768,0.5953479901,0.7514232782,0.2844711368,-0.5305097462,0.1017275698,0.8415526785
-0.438722095,-0.8929244757,0.1010386269,0.21449524,-0.2132431769,-0.9531627036,0.8726481051,-0.3965012336,0.285082543
0.1583488728,-0.9082127419,0.3873954698,-0.1544329268,0.3647360269,0.9182146273,-0.9752313088,-0.2052248675,-0.08250241317
0.9893317784,0.07638413527,0.124048765,-0.05833202251,0.9879818525,-0.1431406101,-0.1334916003,0.134377539,0.9818974843
0.7121683327,0.6295763106,-0.3105638986,0.2882609004,0.1411166364,0.9470964831,0.6400952423,-0.7640155522,-0.08098343453
-0.6596843975,-0.1828759943,0.7289532676,0.6168260837,0.422371644,0.6641745078,-0.4293507636,0.8877829493,-0.1658293002
0.5125335677,0.8534720378,-0.09431236727,0.8526432369,-0.4928712474,0.1734284985,0.1015325199,-0.1693027292,-0.9803202198
0.6715202825,0.7188881964,0.1796114452,-0.7404448883,0.6602813768,0.1255781466,-0.02831744507,-0.2173206489,0.9756894269
0.9382585105,-0.2205619631,-0.2665021347,-0.3421689103,-0.4783393806,-0.8087718304,0.05090583657,0.850025798,-0.5242754414
-0.7469739161,-0.3201517803,-0.5826944365,0.6614037403,-0.268666021,-0.70025971,0.06763919712,-0.9084720176,0.4124360947
-0.4548953641,-0.7831048772,0.4240482981,-0.5883736221,0.6217246743,0.5169863732,-0.6684958403,-0.01432412862,-0.7435779252
-0.5265755996,0.8464063547,0.07946332892,0.8482634308,0.5169322578,0.1150225752,0.05627868056,0.1279739175,-0.9901794719
-0.03016227414,-0.01006163326,0.9994943725,-0.6142295701,-0.7886831361,-0.02647538783,0.7885507419,-0.6147175566,0.01760832429
0.9098688447,-0.08650614173,0.4057774918,-0.308179671,0.513899152,0.8005828827,-0.2777840452,-0.8534777965,0.4409213934
0.9652012431,-0.05010457596,0.2566633823,0.02551692026,0.9948347133,0.09824856232,-0.2602603449,-0.08828037542,0.9614942164
0.4546170478,-0.06159016837,0.8885550017,0.8083853042,-0.3903048558,-0.4406532871,0.373947242,0.9186233018,-0.1276506543
0.9547611171,-0.1093776657,-0.2765280014,0.2638034001,0.7407312457,0.6178389659,0.1372551471,-0.6628376482,0.7360755917
-0.255761997,0.1799181231,-0.9498501302,-0.9367873331,-0.2888032763,0.1975402747,-0.2387787541,0.9403308655,0.2424099214
0.8382687648,0.545105571,0.01286057653,0.3966683511,-0.6258441821,0.6715454407,0.3741118779,-0.5578341834,-0.7408517575
0.7517271572,-0.2022922306,0.6276815551,-0.1253408073,0.8906153012,0.4371430742,-0.6474534448,-0.4072864333,0.644144237
0.9995661632,0.01347743508,-0.02618862721,-0.02422117749,0.8820418768,-0.4705480444,0.01675768517,0.4709782228,0.8819856539
-0.9537615347,0.1442575524,-0.2636829411,-0.1361631056,-0.9894827599,-0.04882086214,-0.2679525024,-0.01065957225,0.963373152
0.9835355984,-0.1772093377,-0.03542001329,0.1672340844,0.9667949965,-0.1932361141,0.06848713542,0.1841311637,0.9805127367
0.7492322673,0.3750688037,0.5458703162,0.09383589942,0.7557665546,-0.6480831265,-0.6556262911,0.5367870224,0.5310497707
0.7920564205,0.05267686437,-0.6081708433,0.5926616135,-0.3050959037,0.7454318892,-0.1462834185,-0.9508636272,-0.2728727249
0.865763821,0.4378267213,-0.2424062053,-0.4805205442,0.8625955847,-0.1582051322,0.1398320881,0.2534494415,0.9571887838
0.9961496021,0.08572880772,-0.01834507411,-0.03298997068,0.1726792675,-0.9844254834,-0.08122580902,0.9812402571,0.1748425744
-0.5580024441,0.7876474092,-0.2612371166,0.09293717022,-0.2535083213,-0.9628583559,-0.8246186723,-0.5615559543,0.06825654152
-0.01929984944,0.2477143384,-0.9686408635,0.003699113897,0.9688323762,0.2476896111,0.9998068975,0.001197259324,-0.01961464255
0.5980449183,-0.7932201362,0.1146476831,0.715691099,0.5929357402,0.3690710756,-0.3607333177,-0.138668755,0.9223027973
0.3491050959,-0.3189956015,-0.8811171535,-0.9326765725,-0.2093650103,-0.2937357716,-0.09077468276,0.9243419815,-0.3706101162
0.8403975126,-0.5377704043,0.06734250571,0.5361473801,0.8430907267,0.04176138578,-0.07923387939,0.001009343274,0.996855543
0.8162947997,0.518210078,-0.2551883912,-0.4675243798,0.8521735529,0.2349918938,0.3392399656,-0.07251586651,0.937900685
0.09248242398,0.8904150392,0.4456546413,0.6276027067,0.2953449247,-0.7203375722,-0.7730212441,0.3463126239,-0.5315126742
0.8845976487,-0.3742494167,0.2782523566,0.3520572988,0.9272044555,0.1278575618,-0.3058474428,-0.01514172548,0.9519601199
-0.9434303872,-0.2059483273,0.2598545573,-0.1348249928,0.954271005,0.2668128003,-0.3029213194,0.2166844146,-0.9280552455
0.8225223584,0.5583719465,0.1080635892,-0.1806041671,0.4366109219,-0.8813359392,-0.5392950072,0.7054017807,0.4599665455
0.3256060764,-0.3809554006,-0.8653633143,-0.9044617613,0.1412368269,-0.4024935788,0.2755532712,0.9137423825,-0.2985720235
0.2246184714,0.6316410549,0.7420081671,0.03607319393,0.7555541862,-0.6540921926,-0.9737788594,0.173687793,0.1469261161
0.2440750957,-0.7072442648,-0.663500488,0.8966897349,0.4251376817,-0.1233104658,0.369289679,-0.564857063,0.7379441926
0.4073376628,-0.8860604069,-0.2212984044,0.8367043611,0.4591874487,-0.2984504968,0.3660626183,-0.06359121226,0.9284149488
-0.1026079739,-0.8922943138,0.4396390125,-0.9724013945,-0.003125309559,-0.2332932927,0.2095402866,-0.4514433409,-0.8673475533
-0.6874063613,-0.6737282733,0.271224461,-0.2136020196,0.544474637,0.8111236323,-0.6941517641,0.499637452,-0.5181850489
0.7396158596,-0.6387772804,0.2119716166,0.6509049642,0.5988094245,-0.4666369045,0.171146451,0.4831054327,0.8586722501
0.5539292486,-0.002017919796,-0.8325612984,0.1248503316,-0.9884879974,0.08546270405,-0.8231493074,-0.1512858456,-0.5473004757
0.5012465998,-0.05763994151,-0.8633825822,-0.6432912065,-0.692153421,-0.3272614633,-0.5787298764,0.7194451187,-0.3840188164
0.8802278503,0.07147137129,-0.469138332,-0.01117677056,0.9914416027,0.1300716271,0.4744196574,-0.1092492172,0.8734933298
0.2961307912,0.4466040614,-0.8443052569,-0.8244241758,0.5658810213,0.01017094101,0.4823187047,0.6930537368,0.5357659798
0.9289615902,-0.2994730621,0.2175919323,0.355561814,0.8853942807,-0.2994207142,-0.1029862142,0.3555177249,0.9289784642
-0.8108746974,0.4580718241,0.3642148117,-0.5648396775,-0.4497856666,-0.6918446306,-0.15309593,-0.7667222823,0.6234569577
0.00110268557,0.4254446285,-0.9049837856,-0.5056941208,-0.7805042122,-0.3675413322,-0.8627121422,0.4580502623,0.2142841966
0.3473041655,0.4049131982,0.8458280668,-0.3148965172,-0.7992418856,0.5119107264,0.8833006284,-0.44413704,-0.1500742802
0.9988157296,-0.006398619321,0.04823065411,0.01087338876,0.9955978022,-0.09309557321,-0.04742265009,0.09350975353,0.9944883198
-0.6716412223,-0.6571344171,0.3421584813,0.6684863648,-0.7366244148,-0.1025204933,0.3194120357,0.1598712899,0.93403272
0.5730418605,0.1702599275,-0.8016449234,-0.4494381959,-0.7526734396,-0.481132,-0.6852943413,0.6359986246,-0.3547920735
-0.3669689691,-0.906787196,-0.2075349536,0.8666529806,-0.2522059105,-0.4304704286,0.3380035309,-0.3378300755,0.8784215691
-0.6599914025,-0.2729941432,0.6999182427,0.2353405158,0.8096257776,0.5376996763,-0.7134607139,0.5195962837,-0.4700994699
0.9141770509,-0.2371911806,-0.3286649713,-0.1888309481,0.4682700029,-0.8631721019,0.358640757,0.8511542447,0.3832926547
-0.03538349003,0.06697345853,-0.9971271556,-0.975460154,0.2146471056,0.04903170411,0.2173142806,0.9743927216,0.05773497645
0.486109339,-0.03938803449,0.8730099044,0.06242867378,-0.9948662969,-0.07964742326,0.8716652862,0.09321820681,-0.4811548553
0.4858399011,-0.7893946098,-0.3752542345,-0.7341517579,-0.6015403946,0.3149132421,-0.4743213961,0.1224961375,-0.8717877663
-0.4662996237,-0.8764691775,0.1198600928,0.1943723591,-0.2336928338,-0.9526841268,0.8630087178,-0.4209387608,0.2793322622
0.6073468666,-0.1675546773,-0.7765662971,-0.3044840909,0.8537642071,-0.4223459684,0.7337705514,0.4929625835,0.4675132824
0.7434640524,-0.185429466,-0.6425551463,0.3421825918,0.9309761373,0.1272576351,0.5746061927,-0.3144826624,0.7555980269
0.7651923658,-0.3272548585,0.5544230343,0.09145832028,0.9076920921,0.4095490711,-0.6372723272,-0.2626772232,0.724489239
0.6385459973,0.5817054582,0.5038628476,-0.1576723427,0.7397197899,-0.6541819814,-0.753258549,0.3382800502,0.5640639733
0.3907913103,0.05945693862,-0.9185570337,-0.1348940368,0.9908370645,0.006746147376,0.9105414601,0.1212715306,0.3952309012
0.6779943909,-0.5815681521,-0.4495576607,0.6024544549,0.0892315769,0.7931496425,-0.421155833,-0.8085890242,0.4108668327
-0.1378478807,0.9515680164,0.2748022416,-0.9641351833,-0.06538258182,-0.2572323198,-0.2268067683,-0.3004054397,0.9264530542
0.6782142412,0.1340300309,-0.7225381608,-0.4239267348,0.8744881509,-0.2357044708,0.6002595827,0.4661613721,0.649909231
0.9006152092,-0.3627673594,-0.2393576568,0.3228251727,0.9271027722,-0.1904320288,0.2909916714,0.09423530453,0.9520732926
0.827300515,-0.3472070752,0.4416119391,-0.3844359645,-0.923134651,-0.005604039441,0.4096130455,-0.1651352871,-0.8971886591
-0.6248505078,-0.770934673,-0.1233757382,0.6908775943,-0.4723749614,-0.547311653,0.3636619207,-0.4272254975,0.8277852268
0.4657746763,0.8735322585,0.1414048948,-0.8842566639,0.4655614964,0.03664212555,-0.03382459574,-0.1421051947,0.989273476
0.9335951592,0.1938446495,0.3013707528,-0.1264228792,0.9651453091,-0.2291545066,-0.3352869434,0.1758373798,0.9255613872
-0.06465700526,-0.9776875521,-0.1998662608,-0.8208396766,-0.06179101342,0.5678063896,-0.5674871779,0.2007708176,-0.7985295121
0.9859966446,-0.1656857225,0.01894355489,0.1666516631,0.9831379652,-0.07527924352,-0.006151432153,0.07738205645,0.9969825361
0.1293819387,-0.1817755005,-0.9747912501,-0.1093771268,-0.9796714336,0.1681681493,-0.9855439909,0.08486194497,-0.1466338713
0.2653428401,-0.5257444018,0.8081992336,0.931151995,0.3571748081,-0.07336292421,-0.2500982594,0.7720226554,0.5843217266
0.9759728762,-0.1540018026,-0.1541440553,-0.02260781778,0.6320435059,-0.7746030552,0.2167160159,0.7594764324,0.6133756737
0.8332481365,0.4329371029,-0.3438938906,0.2320734194,0.2906770736,0.9282503794,0.5018360998,-0.8532715299,0.141732936
0.02773366071,0.573188615,0.8189540009,0.872857132,-0.4131770999,0.2596249434,0.4871871008,0.7076294904,-0.5117706841
0.9961231515,-0.08018810043,0.03617368601,0.08376644152,0.9902117501,-0.111641718,-0.02686727163,0.1142390409,0.993089921
0.902622255,-0.1832164517,0.3894929994,0.04208008803,0.9381114921,0.3437675007,-0.4283717205,-0.293902297,0.8544700749
0.6758675551,0.2784278774,0.6824082099,-0.4439924085,0.8928484636,0.07544774564,-0.5882803661,-0.3539767481,0.7270671721
-0.09716474723,0.9024338749,0.4197286188,-0.6542772106,0.2598742942,-0.7102018607,-0.7499868956,-0.3436254542,0.5651912983
-0.02127792794,0.6844674888,-0.7287328088,0.2987597888,0.6999455444,0.6487054983,0.9540911059,-0.2039129512,-0.2193847532
-0.5436093548,0.7946194858,-0.2703123046,-0.07927580721,-0.3692228681,-0.9259534654,-0.835586151,-0.4819277398,0.2637071063
0.7264472269,-0.2849752072,0.6253507478,-0.2475835505,0.7403364087,0.6249835097,-0.641074732,-0.608844096,0.4672601575
0.950328156,-0.1622614873,-0.2656079925,0.2170051596,0.957163724,0.1916934174,0.2231258762,-0.2398099566,0.9448312167
-0.9424049476,-0.325343173,-0.0776191629,0.2867992566,-0.6666106545,-0.6880235619,0.1721020077,-0.670657927,0.7215253591
0.9443101833,-0.3283216963,-0.02198047938,0.2963215315,0.8775144708,-0.3770436362,0.1430797949,0.3495328559,0.9259346386
0.6039136971,0.02514918192,-0.796652851,-0.4883058451,-0.7782932792,-0.3947365871,-0.6299568621,0.6273970754,-0.4577414792
0.3990429515,-0.7201494486,0.5675821478,0.8579304415,0.07477910469,-0.5082946419,0.3236048213,0.6897773968,0.6476782091
0.0402739047,0.229290694,-0.972524442,0.7356503551,0.6518491412,0.1841500805,0.676163122,-0.7228543939,-0.1424252703
0.9926110219,-0.01966378052,0.1197359388,0.0142736677,0.998852812,0.0457091049,-0.1204973929,-0.04366229032,0.9917529847
0.949009494,-0.08874401072,-0.3024987287,0.06545148563,0.9941162856,-0.08630709013,0.3083781499,0.06210725674,0.9492342205
0.06344229098,-0.1150686801,-0.9913295489,0.9827041351,-0.1659616038,0.08215429922,-0.1739760286,-0.9793957039,0.1025494834
-0.9660742726,-0.1156400063,-0.2309283194,-0.2000163836,0.9006666772,0.3857369349,0.1633828205,0.4188399761,-0.8932408009
0.9942353378,-0.106685728,0.01068871175,0.1070465165,0.982017492,-0.1555078412,0.006093965341,0.1557555804,0.9877768284
0.04147036663,0.6822127757,-0.729976669,-0.8233040422,0.4372724514,0.3618884597,0.5660836181,0.5859850953,0.5798023848
-0.01737212065,0.8413085013,-0.5402760545,-0.9953819522,-0.06557429935,-0.07010549481,-0.0944085725,0.5365631528,0.8385624631
-0.5506163849,-0.8166686817,-0.1728405652,0.0427011339,-0.2343393055,0.9712166098,-0.8336655264,0.5273872905,0.16390374
0.9760114305,-0.2167200226,0.02083552884,0.2170971723,0.975985116,-0.01794076522,-0.01644704299,0.02203372632,0.9996219334
0.1636512853,0.9196697746,0.356967453,-0.9482545981,0.2464436771,-0.2001967312,-0.2720872544,-0.3057335763,0.912411917
0.3397468298,0.7944944878,-0.5033394486,-0.9016715743,0.4273622902,0.06595335422,0.2675078759,0.43143943,0.8615680789
-0.4841909456,-0.1356818432,0.8643781381,0.04352177041,0.9829455471,0.1786726248,-0.873879273,0.124130934,-0.4700282199
0.7353659267,-0.6485983952,0.1963595569,0.6708518487,0.7377375951,-0.07550521783,-0.09588926419,0.1872521363,0.9776205227
0.7731229498,0.08052757964,0.629123369,0.6336545657,-0.05487280489,-0.7716675882,-0.02761875929,0.9952408172,-0.09345009329
0.9954959837,0.07333794774,0.06007738186,-0.09431493886,0.701855154,0.7060481818,0.009614504559,-0.7085343239,0.705610851
-0.3052643701,-0.9337214283,0.1870239521,0.8798495394,-0.2014323384,0.4304530184,-0.3642505351,0.2959549076,0.8830244845
0.9782228091,-0.2057450106,0.02737017267,0.1929469499,0.8528213689,-0.4852496134,0.07649581874,0.4799632313,0.8739471874
0.9132948,0.3825435236,0.1398322595,-0.3625411334,0.9199875593,-0.1489523998,-0.185624715,0.08534250634,0.9789076166
0.7925880881,0.5741527891,0.2053112207,-0.5531578605,0.8187034972,-0.1540810341,-0.2565550698,0.008553276672,0.966491768
-0.8415292977,-0.5133912907,-0.1681006358,0.32535666,-0.2332626264,-0.9163686981,0.4312441129,-0.8258437684,0.3633326098
0.1884062564,0.425993632,0.8848912408,-0.1070940834,-0.8867426975,0.4496868308,0.9762345722,-0.1794904287,-0.1214464744
-0.8013481249,0.5980119723,-0.01492861846,0.01049299577,-0.01090006135,-0.9998855363,-0.5981062445,-0.8014130456,0.00245980663
0.9920207432,-0.06530485037,0.1078430416,0.08699832822,0.9736807603,-0.2106586528,-0.09124766293,0.2183599176,0.9715929242
0.6087511632,0.04864188242,-0.7918686687,-0.5967326715,-0.6296705684,-0.4974184296,-0.5228117635,0.7753379538,-0.3542864905
0.05481996504,-0.7626326115,-0.6445046713,0.9983972029,0.0327746506,0.04613943654,-0.01406402357,-0.6460010233,0.7632069713
0.8484542603,-0.4748415977,0.2337751597,0.2044592674,0.7014633625,0.6827485328,-0.4881821137,-0.5314834035,0.6922453436
0.876206426,-0.4651601371,0.1260489819,0.2790303605,0.7028960492,0.6542776184,-0.3929431981,-0.5381107608,0.7456758358
0.990372064,0.01828387527,-0.1372183467,-0.1291240639,0.4793332582,-0.8680821411,0.04990141162,0.8774424924,0.4770791566
0.9154543346,-0.06026616787,0.3978835889,0.06666284646,-0.9523515771,-0.2976281884,0.3968619738,0.2989890678,-0.867816865
-0.2564863954,0.7761481273,0.5760284832,-0.1771714456,-0.6236203943,0.761385502,0.9501710414,0.09322922385,0.2974614327
0.8501277105,0.09721221898,-0.5175255165,-0.4742460923,-0.2857877265,-0.8327160497,-0.2288526157,0.9533494427,-0.1968535507
0.9005811512,-0.4233151706,-0.09878186258,0.3495728732,0.5702235539,0.743400232,-0.2583648513,-0.7040236963,0.6615120851
0.9923612032,-0.09801486444,-0.07491547705,0.1049889989,0.9898627025,0.09565113849,0.0647808032,-0.1027857798,0.992591825
-0.7880376506,-0.580687275,-0.2044479149,-0.4651092073,0.3440053041,0.815679947,-0.4033237986,0.7378771167,-0.5411721298
0.583021646,-0.5909677121,-0.5575328902,0.7965464034,0.2806349047,0.5354977848,-0.1599987112,-0.7563076183,0.6343494296
-0.02250910627,-0.1479331975,-0.988741174,-0.6838015794,0.7237530928,-0.09271925678,0.7293207388,0.6740157489,-0.1174479894
0.305868951,-0.7004166794,0.6448725921,-0.8356170162,0.1271135091,0.5344028051,-0.4562766564,-0.7023237366,-0.54640002
0.8616546226,0.4642003461,0.2051081421,-0.4752724155,0.8798221443,0.005396811048,-0.1779534838,-0.1021324293,0.9787244375
-0.3339519726,0.587477711,0.7371200845,-0.7570229727,0.2987647318,-0.5810816241,-0.5615979867,-0.7520701923,0.3449610517
0.987070678,0.08560755439,0.1355094949,-0.126991459,0.9335221394,0.3352753862,-0.09779900776,-0.3481490512,0.9323237593
0.8591238673,0.5024872293,0.09701940503,-0.5082511179,0.8155620967,0.2766573106,0.05989141609,-0.2869931197,0.9560585586
-0.1911412799,-0.9389364889,-0.2861175999,-0.02932779242,-0.2858987942,0.9578109208,-0.9811242998,0.1914684029,0.027110127
0.7141648362,-0.679890139,0.1664871936,-0.01008321982,0.2278294305,0.973648848,-0.6999049331,-0.697024497,0.1558522862
-0.4031723074,-0.9149900575,-0.01566158189,0.5896735436,-0.2728394202,0.7601603533,-0.6998122624,0.2972403831,0.6495467282
0.7788763624,0.3999888156,0.4830740724,-0.1970422476,0.8872958889,-0.4169896381,-0.5954208299,0.2295973715,0.7699084896
0.598580983,-0.7976139684,0.07424799063,0.2149700409,0.0706543138,-0.9740615224,0.7716791356,0.5990157972,0.213755436
0.9718876181,0.1185899633,0.2033983243,-0.06806948738,0.9685227109,-0.2394374729,-0.2253907776,0.2188610955,0.9493675886
-0.9707115199,-0.1690089091,-0.1707487448,-0.2010799652,0.1826007589,0.9624052215,-0.1314762062,0.968551987,-0.2112369658
0.336419345,0.4892441875,0.8046503274,-0.5317241369,-0.6065296367,0.59109326,0.7772332125,-0.6267072082,0.05609464021
0.6081816193,0.6711357018,-0.4239009173,0.3996768053,-0.7202879677,-0.566960047,-0.6858378592,0.1753913151,-0.7063032758
0.8554261879,-0.1167029705,0.5046052455,-0.4853004739,-0.5209304746,0.7022213972,0.180912927,-0.8455837376,-0.502253577
0.3691022543,0.5090033567,-0.7776111552,0.02770333244,-0.8423447772,-0.5382265338,-0.9289758077,0.1771182066,-0.3250124454
-0.2092759396,0.6462938194,-0.7338309616,-0.958215258,0.01411706331,0.2856995414,0.1950053859,0.7629580641,0.6163342371
0.9002560031,-0.133539637,-0.4143745821,0.1938646918,0.9751851711,0.1069128772,0.389814841,-0.1765815601,0.903804925
0.9861298955,-0.1467909056,-0.07746133966,0.1493749522,0.988365162,0.02866060371,0.07235297355,-0.03983386205,0.9965833185
0.4476363316,0.8595768028,-0.2464740041,-0.7846566373,0.2453802453,-0.5693000059,-0.4288772274,0.4482368295,0.7843137564
0.4020758229,-0.7321767985,-0.5497746524,0.7634538565,0.5995618637,-0.2401328393,0.5054436087,-0.3231759696,0.8000525302
-0.2399630182,0.8707624552,0.429174203,-0.3665738115,-0.4906374005,0.7905052701,0.8989112251,0.03236800713,0.4369335435
0.5434625498,0.4965298491,0.6768357009,-0.2966479467,0.8678761982,-0.3984857593,-0.7852696688,0.01578016589,0.6189527717
0.9988146252,-0.0486573702,0.001343425962,0.04859446231,0.9951674821,-0.08532444468,0.00281472926,0.08528858629,0.9963523144
-0.6541743391,-0.5367896713,0.5328346675,0.4111323992,0.3389454384,0.8462187306,-0.6348433542,0.7726401741,-0.001037782772
0.9962776227,-0.0359038025,0.07836973619,0.02607562189,0.9920627908,0.1230100852,-0.082164229,-0.1205086556,0.9893061727
0.5310842972,-0.6483644497,0.5455025295,0.8186895027,0.226713241,-0.5275875325,0.2183963538,0.7267906485,0.6512130111
-0.07063401604,-0.7298390428,0.6799601513,0.9891627742,-0.1392091638,-0.04666706358,0.1287161291,0.6692949875,0.7317625147
0.2099644818,0.9754373169,-0.06661048829,-0.722014891,0.2006316091,0.6621491181,0.6592491286,-0.09093403199,0.7464057799
0.9084970257,-0.3015576333,-0.2893028658,-0.02578203997,0.6505264873,-0.7590458324,0.4170952419,0.6970496991,0.5832266079
0.2142790937,-0.7376567731,-0.6402710013,-0.01408623172,0.6530947132,-0.757145213,0.9766709006,0.1712593957,0.129553739
0.6096255311,0.3191666903,-0.7255958487,0.03356704553,0.9041442513,0.4259065935,0.7919785131,-0.2839996421,0.5404759365
0.9310743248,-0.3064987932,-0.1978865619,0.2669989399,0.9420918514,-0.2029150308,0.2486205295,0.136093473,0.9589923873
-0.3184168043,-0.9311572281,0.1776427742,0.7813612715,-0.1517045557,0.6053596379,-0.5367357843,0.3315598652,0.7758754756
0.8048216982,0.3186819758,0.5007033376,0.1421488538,0.7155696917,-0.6839252295,-0.5762427764,0.6216122703,0.5306057369
0.4165104431,0.7150523876,0.561443794,0.6942056582,0.1486089426,-0.7042683341,-0.5870243223,0.6830925744,-0.4344962368
0.218386901,-0.5354046516,0.8158731645,-0.9758602709,-0.1215076673,0.1814734648,0.001973107842,-0.8358096349,-0.5490158113
0.01670384772,0.1921817152,-0.9812171879,0.772911564,-0.6250356108,-0.1092620676,-0.6342938559,-0.7565690144,-0.1589799698
-0.6861072416,-0.7265180932,0.0377930321,0.5053559453,-0.5133284306,-0.6936204227,0.5233280248,-0.4567990615,0.7193485914
0.3345236717,-0.8094463486,0.4825873204,0.7806785254,-0.04880864391,-0.623023881,0.5278588383,0.5851617939,0.615589735
0.9569771718,0.07612095351,-0.2800005232,-0.1295031446,0.9755827813,-0.1773898882,0.2596606018,0.2060190218,0.9434683538
0.8488712206,0.4679854565,0.2457788913,-0.2072145447,0.7223530756,-0.6597485632,-0.4862918706,0.5091126071,0.7101581303
0.3595949088,0.2508664966,0.8987533045,-0.6839502774,-0.584341787,0.4367570195,0.6347468154,-0.7717581725,-0.03854612169
-0.7040685558,0.3190505238,-0.6344243312,0.6597539109,0.6243804119,-0.4181792418,0.2627018191,-0.7129907885,-0.6501014457
0.5691098518,0.172687013,-0.8039236109,0.8100622894,0.05004096378,0.5842045783,0.1411136559,-0.9837047817,-0.1114084316
-0.1245895742,-0.0632319423,-0.9901914762,-0.2940407065,0.9554910586,-0.02401873741,0.9476378532,0.288164117,-0.1376369892
0.4606670282,0.741546483,-0.4877445056,-0.4751656538,0.6701901489,0.5701427592,0.7496689206,-0.03088653367,0.6610919236
-0.791965767,0.5955810658,-0.1344374126,0.5308662515,0.7804581147,0.3302516528,0.3016144009,0.1901797182,-0.9342699973
-0.1839599666,-0.8784409032,0.4410218932,0.2031556012,0.4050118429,0.8914556685,-0.9617102123,0.2535882228,0.1039542247
0.09954702819,0.984058132,-0.1473770061,-0.7307678555,-0.02822150786,-0.6820424384,-0.6753286093,0.1755936766,0.7163086837
0.5991876691,0.799478469,0.04252428424,-0.7761223765,0.5930776186,-0.2142265039,-0.1964896786,0.09535783101,0.9758579252
0.8397495691,-0.5090217615,0.1889907603,0.4014554158,0.8164119051,0.4150965554,-0.3655874865,-0.2727057893,0.8899310885
0.3012973821,0.002084143287,0.953527946,-0.04501897366,0.998913553,0.01204182844,-0.9524668916,-0.04655502087,0.3010638645
0.9095438819,0.3054678406,0.2818143454,-0.1947370148,0.9122701383,-0.3603341363,-0.3671613024,0.2728600247,0.8892356184
0.7666779528,-0.4243456209,-0.4818046396,-0.03754807594,0.7195176587,-0.6934583483,0.6409329596,0.549750064,0.5357049639
-0.1171471511,0.7442892062,0.6575029448,0.3768457143,-0.579230249,0.7228275217,0.9188383169,0.3324543518,-0.2126270241
0.905745645,0.1589402341,0.3928903519,-0.3507700562,0.801426012,0.484434428,-0.2378764265,-0.5765885442,0.781639595
-0.2528841212,0.4829677197,-0.8383267877,-0.8946031119,0.213232221,0.3927050956,0.3684221674,0.849278636,0.3781413822
0.7577249829,-0.4749640729,-0.4475064018,-0.03345470037,0.656581164,-0.7535130776,0.6517159145,0.5859268765,0.4816181705
0.9562351851,0.2925680296,-0.004268361078,-0.2924974695,0.9554165531,-0.04030434793,-0.00771370083,0.03978892042,0.9991783327
0.7926476404,0.5866580613,-0.1659579382,-0.2983377317,0.6106127898,0.7335847727,0.5316994602,-0.5319627243,0.6590230223
0.3408379103,-0.01510601951,-0.9400007059,0.4567659534,0.8765857148,0.1515333246,0.8217021253,-0.4810086203,0.3056735586
0.8178402647,-0.5192465848,0.2480328316,-0.5753043182,-0.7282473531,0.3723986228,-0.01273745997,-0.4472569473,-0.8943148105
0.9493817864,-0.3133322206,-0.02229670791,0.2955727948,0.9150912854,-0.2743076053,0.1063529342,0.253832344,0.9613834794
-0.9132336644,-0.3880889178,-0.1240615418,-0.3889465714,0.7397066767,0.5491398701,-0.1213459472,0.5497463272,-0.8264708929
0.7393938821,0.3996455693,-0.5418303295,-0.5686987097,0.8014977304,-0.1848869,0.360386549,0.444842452,0.819900438
-0.05989416221,-0.9018838141,-0.4278063524,-0.205183157,0.4305474208,-0.8789361698,0.9768892268,0.03513551244,-0.2108386453
0.4116510977,0.3263058788,0.8509217633,0.4240409175,-0.8950532439,0.138090517,0.806680032,0.3039805323,-0.5068166946
-0.2780563628,-0.6444954552,0.7122571637,-0.3972248242,-0.5979763366,-0.6961585595,0.8745839572,-0.4764975436,-0.08973846869
0.1112038809,-0.3122762516,-0.943460248,-0.8909042945,0.3893458405,-0.2338789315,0.4403671593,0.8665410315,-0.2349114851
-0.3057378433,0.9468171207,0.1003080811,-0.8621011415,-0.3200077212,0.3929079793,0.4041113621,0.03365112702,0.9140905911
0.7514719634,0.4042014054,-0.5214509681,0.2305665437,-0.9014149804,-0.3664561393,-0.6181658007,0.155152367,-0.7705834061
0.9978822555,-0.06491905396,-0.004064556286,0.04391464245,0.7184807614,-0.6941591314,0.0479844596,0.6925105861,0.7198100998
-0.3132428102,-0.1835857283,-0.9317592083,0.9450179459,0.03676889005,-0.3249448118,0.09391498182,-0.9823157991,0.1619742174
0.8074403228,-0.3223954341,0.4940660981,0.5138121977,0.7958239895,-0.3204078701,-0.2898916189,0.5125674217,0.8082310854
0.9093274794,0.009091938982,-0.4159818168,0.08339662441,-0.9834559981,0.1608082797,-0.4076377537,-0.180918867,-0.8950418009
-0.3893313092,-0.9204793192,0.03374840159,0.9134807994,-0.3905546985,-0.1141045863,0.1182115087,-0.01359597111,0.9928953564
0.119340784,0.8965482712,0.426566495,-0.441765626,-0.3368151452,0.8315038723,0.8891574152,-0.2876747387,0.3558684248
0.9861631608,-0.02613550548,-0.1637044765,0.01838737443,0.9986457509,-0.04866794347,0.1647547412,0.04498443746,0.9853082135
0.1678130362,0.7623863463,0.6249846749,-0.8987039237,0.3788790898,-0.2208662331,-0.4051790252,-0.5246119464,0.7487404512
0.898320449,0.005080090335,0.4393114653,-0.2787725126,0.7794420731,0.5610311408,-0.3395677504,-0.6264537073,0.7016049427
0.536928397,0.4577293114,-0.7086549047,-0.8401218397,0.366614571,-0.3997362265,0.07683222612,0.8099861936,0.5813941651
-0.5082818432,-0.1629136769,0.8456410005,0.4539706039,0.7837466058,0.4238536878,-0.7318198267,0.5993332894,-0.3244061491
0.960940076,0.1793140199,0.2108095173,0.05313498526,0.6280091072,-0.7763898728,-0.2716078859,0.757265504,0.5939512714
-0.3309861773,-0.6977997856,0.6352350822,0.9162311394,-0.0765934237,0.39326066,-0.2257623744,0.7121860057,0.6646972571
-0.9633077832,-0.2511750929,-0.09460014589,-0.1257007566,0.7336159218,-0.6678375545,0.237144333,-0.6314418042,-0.7382708265
0.9675619158,-0.2271020697,0.1106733437,0.2388913485,0.9649809135,-0.1083640173,-0.08218797168,0.1312878005,0.987931501
0.9264254744,0.05220340585,-0.3728413131,-0.1724844483,0.9391412822,-0.2970905033,0.3346415327,0.3395415387,0.8790486835
0.2236032743,-0.6421705251,-0.7332247898,-0.1823625483,0.7114238381,-0.6786899318,0.9574682641,0.2854700321,0.04196884627
0.3202050226,-0.5874762361,-0.7431960815,0.8571947281,-0.1543384538,0.4913215238,-0.4033434536,-0.7943873827,0.4541615844
-0.8782369658,0.4782253346,-0.000601112056,-0.3510383658,-0.6455170321,-0.6782918451,-0.3247643726,-0.5954899585,0.7347923595
0.9805323748,-0.05264720984,0.1891680028,0.08128504316,0.9857943935,-0.1469767176,-0.1787428425,0.1594919592,0.9708827484
0.9985748984,0.03963078581,0.03574315468,-0.0238002838,0.930152714,-0.3664007029,-0.04776734011,0.3650278475,0.9297703758
-0.6205343454,0.7006462476,-0.3521817172,-0.7233340348,-0.3379619767,0.6021375062,0.302861355,0.6283920257,0.7165182912
0.4416466169,-0.8126215612,0.3802557877,0.3914128949,-0.2068558824,-0.8966641454,0.8073067642,0.544845705,0.226713357
0.8785959829,-0.2100361417,0.4288984937,-0.4622750293,-0.5994787908,0.6533964927,0.119878672,-0.7723405975,-0.623794121
0.2426972789,-0.9551166028,0.1698537776,-0.09339099183,-0.197278702,-0.9758889467,0.9655962683,0.2209827792,-0.137078291
0.808487619,0.4055368164,-0.4264828959,-0.4193973549,0.9054087309,0.06588542138,0.4128603015,0.125598251,0.9020928171
-0.1641885731,0.9862643211,-0.01802224748,0.8805202292,0.1383000021,-0.4533842028,-0.4446641861,-0.09030945879,-0.8911329661
0.8678864292,-0.4238451322,0.2590915859,0.4643346728,0.5068021336,-0.7263228683,0.1765402435,0.7506709674,0.6366526848
0.2901148741,0.4001469095,0.869319165,-0.9476904103,0.2464689459,0.2028199817,-0.1331023893,-0.8826865296,0.4507196961
0.6209411153,-0.7560273401,0.2070139908,0.2015289118,0.4091943752,0.8899135132,-0.757507907,-0.5108645851,0.4064469788
-0.8414897046,-0.4272948334,0.3306269839,-0.07308983606,-0.516302833,-0.8532814662,0.5353064103,-0.7421930409,0.4032326091
0.9090762567,-0.338108622,0.2434397652,0.03034486361,-0.529022298,-0.8480652083,0.415523223,0.7783430914,-0.4706617503
-0.6603817794,-0.552213505,0.508877343,-0.5519339994,0.8164363989,0.169707003,-0.5091804844,-0.1687952945,-0.8439451302
-0.1345429545,0.977713756,-0.1611645266,0.7780852051,0.003529225977,-0.6281488344,-0.6135809702,-0.2099127338,-0.7612194409
0.7139725366,0.62181133,0.3218600423,-0.649042876,0.7602024619,-0.02890609004,-0.2626529308,-0.1882628131,0.946345894
0.4391127619,0.06361652549,-0.8961768352,0.1537124985,0.9774627217,0.1447034746,0.8851849808,-0.2012947228,0.4194377003
0.9703919034,0.1986501172,0.1373960869,-0.1938723824,0.9798781154,-0.0474592281,-0.1440591999,0.01941674399,0.989378561
0.6593764939,0.1165761419,0.7427197604,0.6062617492,-0.6666668813,-0.433591929,0.444600192,0.736182907,-0.5102601265
-0.7838525588,-0.3169113342,0.5339872398,-0.6205857898,0.3704928315,-0.6910921352,0.02117648618,-0.8730992315,-0.4870824246
-0.3911284796,-0.5116682437,-0.7649928894,0.8667876218,-0.4841918072,-0.1193210477,-0.3093504987,-0.7097562273,0.6328889055
-0.8095753834,0.427609648,0.4021662435,-0.2197205333,-0.8560381075,0.4678906345,0.5443441795,0.2904285583,0.786981999
-0.9848790079,0.1038467926,-0.1386693317,0.1727633554,0.6482831232,-0.7415401643,0.01289041978,-0.7542843203,-0.6564213595
0.7218967613,0.4132389268,-0.5550663523,-0.4172972962,0.8998257223,0.1271874053,0.5520217682,0.1398115121,0.8220247615
-0.9648410477,0.1604833446,-0.2081510237,-0.2320717861,-0.1483894722,0.9613132947,0.1233873522,0.9758205064,0.1804159102
0.5021666224,-0.3578233907,0.7872681274,0.7627594512,0.6122273174,-0.208268412,-0.4074637443,0.7050816498,0.5803732972
0.1126697459,-0.8714438543,0.4773794477,0.6188107482,0.4374345427,0.6524755005,-0.7774180254,0.2218932844,0.5885444623
-0.3619154264,-0.6821627905,-0.6353512032,-0.3880564857,0.7299400283,-0.5626719462,0.8476021401,0.04291249778,-0.5288942518
-0.1613672295,-0.6419850166,0.7495437651,0.8873783373,0.237981564,0.3948727158,-0.4318799645,0.7288484161,0.5312811709
0.8700363632,0.4910515917,0.04364700387,-0.4923416885,0.8609538995,0.1278985716,0.02522673897,-0.1327656477,0.9908263695
0.577566004,0.7866330044,0.2182338825,0.184864191,-0.386417857,0.903607476,0.7951369328,-0.481549329,-0.3686020915
-0.7688014715,-0.01537778907,0.6393026053,0.6381969832,-0.08193063013,0.7655011316,0.04060675036,0.9965193904,0.0728024476
-0.6259029911,0.3167702029,-0.7126724944,0.6580757564,-0.2758953406,-0.7005840848,-0.4185471833,-0.907490165,-0.03577507195
0.9089604497,-0.1788826419,0.3765526542,0.3729764127,-0.05453866274,-0.926236541,0.1862243177,0.9823576409,0.01714551865
0.978816643,0.1828644663,-0.0920791305,-0.1766543892,0.9816607041,0.07166232475,0.1034949568,-0.05387809359,0.9931696456
0.7933717387,0.379969863,0.4755882541,-0.3050029895,0.924253617,-0.2296267142,-0.5268153952,0.0371235062,0.8491686432
0.8647583661,-0.152602007,0.4784407965,0.4622292212,-0.1305530026,-0.8770975205,0.1963087245,0.9796267355,-0.04235969438
-0.3906370877,-0.9018617086,-0.1845213381,-0.5457452453,0.06546576054,0.8353899457,-0.7413263741,0.4270359384,-0.5177600935
0.9688688232,-0.07895869978,0.2346459612,0.1289306823,0.9700325247,-0.2059460613,-0.2113529809,0.2297877819,0.9500144698
0.8839982638,-0.4146053552,0.2159848813,0.4657194873,0.7408529469,-0.4839858161,0.04065007539,0.5284309893,0.8480025123
0.4955265568,-0.02506620791,-0.8682310273,0.1071493284,0.9937127727,0.03246454677,0.8619584984,-0.1091174165,0.495096896
-0.4492263589,-0.4487822328,0.7725219647,0.03525928341,0.8551021811,0.517259164,-0.8927219396,0.2596050217,-0.3683106994
0.3439692928,0.1562456079,-0.9258900775,-0.6249178328,0.7740598157,-0.1015337575,0.7008300991,0.6135297154,0.3638934741
0.8513618659,-0.4961743017,-0.1702763508,0.5072648552,0.8613910284,0.02622713945,0.1336612883,-0.1087039948,0.9850472585
0.5795518254,0.1542047738,-0.8002128276,-0.388948809,-0.8105378501,-0.4378895039,-0.7161274368,0.5650214875,-0.4097709274
0.790305767,0.5983141264,-0.1320492362,0.0001350362425,0.2153456769,0.976537875,0.6127126377,-0.7717813457,0.1701081362
0.5747762563,-0.03595474747,0.8175203431,-0.2278647755,0.9524887245,0.2020961993,-0.7859452267,-0.3024441863,0.5392750827
-0.9248804548,0.3743503154,0.06676814854,-0.09618601515,-0.0604370176,-0.9935268579,-0.3678918249,-0.9253157344,0.09190428144
0.5903928235,0.787521446,0.1767661904,-0.7651422393,0.6158091985,-0.1879797454,-0.256892327,-0.02426938609,0.9661352541
0.235390698,-0.2021064298,0.950654622,0.9292849758,-0.2396653242,-0.2810515365,0.2846412708,0.9495859747,0.1313994807
0.1529885764,-0.2781588124,-0.9482732573,-0.9637464561,-0.2542587636,-0.08090271661,-0.2186029824,0.9262721826,-0.306973256
0.9294775465,-0.3628772033,-0.06626934358,0.253894114,0.7596639036,-0.5987057144,0.2675990835,0.5396581222,0.7982229273
0.3039172293,-0.6473605283,0.6989697161,0.5611890521,0.7145245656,0.4177576964,-0.7698708759,0.2652903908,0.5804479675
0.9920712122,0.1195089763,-0.03888848896,-0.1195229387,0.9928294769,0.001974046088,0.03884555438,0.002689672188,0.9992416067
0.9340228252,0.08031750045,-0.348066748,-0.0506869218,0.9943348235,0.09342962496,0.3535989224,-0.06962297022,0.9328024679
0.7098108406,-0.525763869,-0.4687653193,0.6554243291,0.2491832262,0.712970314,-0.2580455761,-0.8133142528,0.5214713864
0.9108212417,0.1560750169,-0.3821586775,-0.3303744976,0.8306696853,-0.4481523906,0.2475022364,0.534442198,0.8081547995
-0.02114623568,0.1608759973,-0.9867480683,-0.9997715707,-0.006468228461,0.02037077467,-0.003105343247,0.9869534313,0.1609760272
0.8460032157,-0.3328053794,0.4165562849,0.533148131,0.5362800885,-0.6543368682,-0.00562401163,0.7756572994,0.6311292454
0.4641810544,-0.2357367314,0.8537939694,-0.2856226409,0.8726020372,0.3962138206,-0.8384245081,-0.4277778373,0.3377135859
-0.2877002609,0.4795954656,-0.8289853733,-0.3052683105,0.774511663,0.5540243158,0.9077663898,0.4124559046,-0.07642191
0.9149130535,-0.03400388091,-0.4022161615,0.1063306732,0.981554334,0.158886366,0.3893942634,-0.1881351256,0.9016525285
0.04699105855,0.8987856838,0.4358625185,-0.9969390634,0.0149037606,0.0767488229,0.06248475264,-0.4381348793,0.8967349013
0.6892532344,-0.273698639,0.6708345802,-0.3264195408,0.709300485,0.6247744436,-0.6468232079,-0.6496013216,0.3995470694
0.7081563348,-0.2206282832,-0.6706994604,-0.4311910949,0.6170665511,-0.6582576329,0.5590964542,0.7553489473,0.3418466361
-0.06387260901,-0.3806785968,0.9224988324,0.9054459295,0.3665863771,0.2139675136,-0.4196283577,0.8489394761,0.3212690576
-0.9339357045,-0.08380685028,-0.3474773543,-0.2903883429,-0.3889380389,0.8743007561,-0.2084195533,0.9174440657,0.338906589
0.9538677659,0.2469161081,0.1707885264,-0.2356488188,0.2632684815,0.9354995141,0.1860266632,-0.932588946,0.3093088075
-0.5294262337,-0.6306275032,0.5674652547,-0.09311508953,0.7080544238,0.699991795,-0.8432303619,0.3177544416,-0.4335835233
0.8607225383,0.1107434151,0.4968828917,0.1374640904,0.8892338052,-0.4363105127,-0.4901635807,0.4438458468,0.7501603352
-0.9562247179,-0.2381995351,-0.1699860888,-0.06620212255,-0.3897381479,0.9185431155,-0.2850466065,0.8895870714,0.3569079357
-0.1652341609,0.2042103438,0.9648812401,-0.5589708602,0.786637164,-0.262208981,-0.8125572285,-0.5826663777,-0.01583170017
0.7291066707,0.6509224453,-0.2114318636,-0.4611108781,0.2389145774,-0.8545739189,-0.5057471906,0.7205690771,0.4743416324
0.3916797531,0.167315688,0.9047609804,0.1780350597,0.950961934,-0.2529326346,-0.9027128495,0.260147767,0.342684477
-0.1910678629,0.7380068668,0.6471776698,-0.6527042736,-0.5879633907,0.4777825681,0.7331235932,-0.3311267367,0.5940411445
0.3419594325,-0.05789114249,0.937929828,-0.01842566679,0.9974956578,0.06828548566,-0.9395340555,-0.0406328484,0.3400363661
-0.8753315921,-0.4195076303,-0.2404328432,0.3294200287,-0.1534071546,-0.9316376386,0.3539449797,-0.8946952515,0.2724763444
0.07961733281,0.8206021376,-0.565926861,0.9774767906,-0.1755853235,-0.1170850889,-0.1954487252,-0.5438583694,-0.816099179
0.8963681197,0.1857012204,-0.4025409926,-0.2587509884,0.9564725293,-0.1349378622,0.3599612757,0.2251118775,0.905401857
-0.6147649931,0.7884978805,-0.01830561747,0.2471781003,0.2146528726,0.9448953016,0.748977296,0.5763638059,-0.32686048
0.2933958468,0.7867298841,-0.5431159789,-0.4785226278,0.6126816023,0.6289970977,0.827607982,0.07534814928,0.556226289
0.8634844732,-0.4280280826,0.2668080302,0.133013853,-0.3170120952,-0.9390477338,0.4865201737,0.8463423019,-0.2168013576
0.9101770063,0.3580971176,0.2081928713,-0.3368042765,0.9323785231,-0.1312751651,-0.2411238201,0.04936338735,0.9692381335
0.8129758627,-0.5000457737,-0.2983696883,0.5820518989,0.7127229721,0.3914607925,0.0169066162,-0.4919148191,0.8704791652
-0.3524840358,-0.8868332587,-0.2988005618,0.1772097491,-0.3767703217,0.9091979045,-0.9188861242,0.2675273742,0.2899610228
-0.5695180259,0.7195089463,0.3974369061,0.1836946363,-0.3598751079,0.9147383163,0.8011900516,0.593966988,0.07278542681
0.9776594537,-0.102100118,-0.1837323011,0.1108958383,0.9930966719,0.03822451082,0.1785612097,-0.05774570192,0.982232828
0.7131181728,-0.3500165655,0.6074132659,0.2367335328,0.9357768907,0.2613022105,-0.6598633996,-0.04254426665,0.7501801645
-0.9307394551,-0.3445337491,0.1225584046,0.07163421267,0.1568766748,0.9850168773,-0.3585981126,0.9255734464,-0.1213309069
0.6248799324,0.5684650347,0.5351379023,-0.2209407014,0.786181778,-0.5771511227,-0.7488059004,0.2424164111,0.6168662798
0.9385029081,0.2982305467,0.17398515,-0.3198011417,0.9407898807,0.1124350038,-0.1301519159,-0.1611612277,0.9783085083
0.7797839343,0.4652271954,-0.4189280039,-0.3905976702,0.88448487,0.2551861571,0.4892550212,-0.03535776329,0.8714237504
0.7210277364,0.4175508579,0.5529649938,-0.09054575478,0.847972361,-0.5222493094,-0.6869646786,0.3264876047,0.6492190496
0.5515601492,0.08019134023,0.8302714922,0.816073729,-0.2578891865,-0.5172202976,0.1726414509,0.9628408573,-0.2076834443
0.5991393106,-0.001512754834,0.8006433651,-0.7345195892,-0.3989810096,0.548903568,0.3186111417,-0.916957941,-0.2401563551
0.7084210884,-0.6967552089,0.1125688252,0.1897655808,0.03441448174,-0.9812261043,0.6798004015,0.7164829533,0.1566001015
