0.8564577523,-0.3809428499,-0.3483714449,0.477578896,0.840891439,0.2545976941,0.1959553945,-0.3844270189,0.9021182575
0.5853744631,0.4748926393,-0.657125345,-0.6151780973,0.7880940284,0.02153395057,0.5281028749,0.3916436947,0.753473669
0.8067258978,0.117056213,0.579215995,-0.5886026167,0.2460062261,0.7700830451,-0.05234773612,-0.9621739862,0.2673591869
-0.749582383,0.6564215521,0.08507054229,-0.2760662686,-0.1932283169,-0.9415148607,-0.6015926084,-0.72922806,0.3260563907
0.1323609742,0.800237355,-0.5848937922,0.5941003776,-0.536394681,-0.5994376427,-0.7934263128,-0.2681434724,-0.5464190373
-0.498090181,-0.653914334,0.5694753861,0.318520977,0.4728514235,0.8215570087,-0.8065051511,0.5905993355,-0.02723721862
-0.5753129283,-0.6786771752,0.456521989,-0.002718732988,-0.5565509939,-0.8308090031,0.8179288741,-0.4792163218,0.31834584
-0.2427808727,-0.2347447653,-0.9412504146,0.8952480434,-0.4279091739,-0.124196134,-0.373615295,-0.8728050378,0.3140429545
0.9166165383,0.2335989502,0.3244158631,-0.1119269902,-0.6290944541,0.7692285204,0.3837791951,-0.7413984747,-0.5504923534
-0.7599830667,-0.04541635514,0.6483541417,0.6448308569,0.0721811065,0.7609093598,-0.08135664907,0.9963569855,-0.02557055146
-0.6834427291,-0.6043952908,0.4094048955,-0.1056610395,0.6368204404,0.7637378289,-0.7223169531,0.4787129193,-0.4990913345
0.2355103024,0.9179395439,0.3192520809,-0.05681798695,0.3409345466,-0.9383684518,-0.9702095721,0.2028561773,0.1324490752
0.6306037517,-0.6878105292,0.3595213265,0.6277398285,0.7244280718,0.2848625574,-0.4563788077,0.0460504584,0.8885931235
-0.3884437193,-0.9213266327,0.01639246369,0.52636269,-0.2364528867,-0.8167204852,0.7563423798,-0.3086215616,0.5768006035
0.2536929731,-0.9394956779,0.2301906746,0.09152531493,0.2602234207,0.9612007532,-0.962944958,-0.2227816028,0.1520044911
0.9863479895,-0.0497452278,0.1569810686,0.0766636797,0.982390079,-0.1703890049,-0.1457406046,0.1800975988,0.9727921315
0.6422510298,0.644022347,-0.4156306429,0.3085470175,0.2791504241,0.9093260025,0.7016497365,-0.7122571567,-0.01942652705
-0.5060669113,-0.2128472295,0.8358183644,0.6720688531,0.5100568915,0.5368104172,-0.5405735269,0.8333894794,-0.1150749223
0.3757873942,0.9001274789,-0.2203505298,0.9265182558,-0.3601508559,0.1088819668,0.01864821831,-0.2450752591,-0.9693246934
0.5137086873,0.8453588107,0.1465328148,-0.8481367898,0.4745861035,0.235440048,0.1294888813,-0.2452274691,0.9607789121
0.9660860393,-0.165618222,-0.1981120118,-0.2560139408,-0.5142546928,-0.8185346499,0.03368422157,0.8414943348,-0.539214853
-0.6961481823,-0.3759192545,-0.6116064277,0.7166779774,-0.3142612811,-0.6225853547,0.04183760294,-0.8717365206,0.4881854705
-0.4190420195,-0.7677164642,0.4847836801,-0.6265494111,0.6309257323,0.4575680887,-0.6571450536,-0.1120006733,-0.7453966915
-0.4767311879,0.8685814684,0.1352538624,0.8763564705,0.4575775886,0.1504064064,0.06875108112,0.1902340222,-0.9793284973
-0.03525240628,0.074740254,0.996579732,-0.6489839919,-0.7600399988,0.03404377403,0.7599848986,-0.6455641678,0.07529846722
0.9705373301,-0.01293494821,0.2406033623,-0.181196263,0.619026221,0.7641822113,-0.1588244475,-0.7852637932,0.5984442915
0.9526136135,-0.1617217024,0.2576303444,0.1805727907,0.9822327274,-0.05111102052,-0.2447871946,0.09521008419,0.9648908069
0.2877559453,-0.1486105347,0.9461032845,0.8598723674,-0.3948814333,-0.3235555059,0.4216823778,0.9066330915,0.01415661215
0.975619928,-0.09671735555,-0.1970063686,0.1948777852,0.7946289169,0.5749674193,0.100937629,-0.599341837,0.7941038707
-0.3392483157,0.2023539748,-0.9186748332,-0.9005042988,-0.3522717323,0.2549443753,-0.2720341673,0.9137600864,0.301728216
0.886028203,0.4555662827,0.08610101904,0.2678633397,-0.6545776929,0.7069492734,0.378422059,-0.6033136878,-0.702003803
0.9083092992,-0.177424493,0.3788070305,-0.06217174233,0.838268277,0.5417019201,-0.4136531053,-0.5155839845,0.7503760814
0.9913459083,-0.1182907542,-0.05692615975,0.07555379155,0.8687389524,-0.4894734489,0.1073541558,0.4809365136,0.8701581208
-0.9767243409,-0.004882612861,-0.2144428177,0.02822324227,-0.9939743668,-0.1059169802,-0.2126335123,-0.1095039643,0.9709767614
0.9967161595,-0.07295776342,-0.03512921957,0.06064620558,0.960052395,-0.2731692452,0.05365570855,0.2701417471,0.9613243477
0.7637968323,0.3423217527,0.5472021716,0.2565561828,0.6169147708,-0.7440397104,-0.59227808,0.7086832743,0.3833727856
0.7899273161,0.2351357755,-0.5663267629,0.610484196,-0.3883940956,0.6902601488,-0.05765311551,-0.8909888852,-0.4503497804
0.8499652979,0.4251736977,-0.3111049971,-0.4860269274,0.8606962958,-0.1515906073,0.2033145796,0.2800521615,0.9382078493
0.9917522391,0.04850446009,0.1186373196,0.1160875218,0.0523894128,-0.9918563589,-0.05432479669,0.9974480772,0.04632655488
-0.5074020248,0.8449890195,-0.1689282159,-0.1356115067,-0.2718985764,-0.9527227736,-0.8509716238,-0.4605048546,0.2525521223
-0.1413630204,0.1795012155,-0.9735480523,-0.1212808956,0.9728755304,0.1969876818,0.982500606,0.1459195534,-0.1157585553
0.6473474366,-0.7392278635,0.1856972327,0.636957667,0.6584846033,0.400852788,-0.4186003187,-0.1412097487,0.8971251753
0.4262390484,-0.3316172373,-0.8416354802,-0.8943438427,-0.2942538431,-0.3369922355,-0.1359020404,0.8963507593,-0.4220023124
0.9692977241,-0.2407322155,-0.05009912638,0.2291103123,0.958182795,-0.1714473569,0.089277023,0.1547053063,0.9839186355
0.7561764849,0.5492460737,-0.3557047572,-0.5343515791,0.8320564505,0.1488302833,0.3777108864,0.07752943819,0.9226720287
0.04668770528,0.9487730172,0.3124900317,0.5731028184,0.2307813437,-0.7863161775,-0.8181524416,0.2158002158,-0.5329698388
0.9517500302,-0.2351195359,0.1972072107,0.2278050894,0.971898015,0.05932191564,-0.2056130379,-0.01153482874,0.978565392
-0.9210613707,-0.3208245332,0.2207205707,-0.2797573433,0.9394196876,0.198056758,-0.2708907165,0.1206742286,-0.9550162042
0.8902971939,0.4377937809,-0.1253296135,-0.368157991,0.5299962333,-0.7639134024,-0.2680123136,0.7262510572,0.6330314381
0.357149116,-0.3821068811,-0.8523138157,-0.9340063374,-0.1546528718,-0.3220475911,-0.008756178641,0.9110855177,-0.412124385
0.1684193809,0.5768256829,0.7993166104,-0.1624214285,0.8160555564,-0.5546824393,-0.9722418381,-0.03640687266,0.231128423
0.336945042,-0.5705393549,-0.7489678786,0.9216841975,0.3623211599,0.1386420469,0.1922661665,-0.7370266085,0.6479394259
0.2374350641,-0.9713701762,-0.008035620954,0.9295943634,0.2296088678,-0.2883298239,0.2819200417,0.06098974226,0.9574974368
-0.1996889074,-0.8300106121,0.5207751185,-0.9666221221,0.07980005594,-0.2434617509,0.1605179533,-0.5520093612,-0.8182418052
-0.5597410594,-0.7386863236,0.3755428895,-0.2515101628,0.5832514155,0.7723732416,-0.7895774721,0.3378761632,-0.5122568827
0.7441205446,-0.6275566825,0.2290354236,0.6556300094,0.6202398961,-0.4306411059,0.1281947964,0.4706113912,0.8729782429
0.4324869198,0.06687647619,-0.8991566054,0.1959802319,-0.980375453,0.02134759517,-0.8800834124,-0.1854494757,-0.4371060273
0.6221906736,0.1090883286,-0.7752280324,-0.5187930023,-0.6841382209,-0.5126487253,-0.5862871194,0.7211481341,-0.369070159
0.9289543421,0.1329958792,-0.3454792707,-0.01435726401,0.9454788216,0.3253669727,0.3699158003,-0.2972909249,0.8802161136
0.1684496802,0.4699131796,-0.8664908014,-0.7703134582,0.6112228541,0.1817245132,0.6150137245,0.6368580896,0.4649407407
0.9431174823,-0.3060481929,0.1298611499,0.3308137768,0.9027147997,-0.2750785986,-0.0330402739,0.3023912928,0.9526110677
-0.7628661336,0.624776671,0.1664012428,-0.527317584,-0.4522951573,-0.7192810691,-0.3741275555,-0.6364614695,0.6744963826
-0.1519816227,0.09695982457,-0.9836159712,-0.5665170796,-0.8240258683,0.006306100746,-0.8099135663,0.5581936589,0.1801661853
0.4702379939,0.2677278053,0.8409506831,-0.2907495498,-0.8526847205,0.4340431623,0.8332712214,-0.4486096184,-0.3231230135
0.9746183768,0.1035335633,0.1984938813,-0.05413342167,0.9693140352,-0.2397913132,-0.2172293541,0.2229598674,0.9503158976
-0.6417088359,-0.683580668,0.3477459421,0.7175447475,-0.6952143682,-0.0425031489,0.2708123063,0.222248628,0.9366249207
0.5388037904,-0.1077845513,-0.8355076097,-0.5341284169,-0.8106595179,-0.2398707574,-0.6514578341,0.5755116302,-0.4943572128
-0.5105626586,-0.8558183006,-0.08307110217,0.7778006007,-0.4185031456,-0.4689150698,0.3665405806,-0.3040232779,0.8793280669
-0.7282579618,-0.1323366426,0.6724041598,0.1847425559,0.9069420286,0.3785846601,-0.6599322156,0.399928956,-0.6360395436
0.9528083046,-0.05829978962,-0.297921918,-0.2241744057,0.5266281268,-0.8200052755,0.2047001966,0.8480943052,0.488706332
-0.1232690801,0.007111285483,-0.9923478037,-0.9834782681,0.1327116092,0.1231183372,0.1325716036,0.9911291835,-0.00936544326
0.2757539001,-0.09577874176,0.9564445719,0.1353877239,-0.9812340434,-0.1372949973,0.9516459167,0.1673504847,-0.2576118485
0.599907323,-0.7373567086,-0.310509723,-0.7333849712,-0.6619220528,0.154937665,-0.31977756,0.1347749244,-0.9378582152
-0.5331565311,-0.8452258679,0.03656973596,0.0007626498455,-0.04370594162,-0.9990441477,0.8460162716,-0.5326190223,0.0239467196
0.7410397178,-0.2089198131,-0.6381321559,-0.2819057544,0.7657466493,-0.5780667909,0.6094171661,0.6082635784,0.5085529834
0.7372683825,-0.2794038311,-0.615116925,0.3142694313,0.9478057157,-0.05384282473,0.5980552289,-0.1536158339,0.78659527
0.8013431698,-0.1510273575,0.5788262792,-0.06243936411,0.9412029869,0.3320214801,-0.5949373497,-0.3022046901,0.7447965328
0.6483324472,0.5697345779,0.5050421256,-0.3434828564,0.8108780777,-0.473810374,-0.6794737414,0.1337133274,0.7214126287
0.6026004632,0.02233426532,-0.7977304446,-0.2094512433,0.9689921828,-0.1310890019,0.7700667883,0.2460799267,0.5885930779
0.6834355832,-0.6990019314,-0.2105044027,0.3880499064,0.1036165799,0.9157952143,-0.6183308773,-0.7075732501,0.3420628918
-0.2165260531,0.9439424848,0.2491767518,-0.9251391183,-0.1168673789,-0.3611919539,-0.3118237966,-0.3087306287,0.8985829504
0.8138013931,-0.05272326506,-0.5787465335,-0.2705123825,0.8470398176,-0.4575440944,0.5143445767,0.528908125,0.6750598875
0.9229933759,-0.3524150217,-0.1545538108,0.3173245175,0.9242296014,-0.2123788936,0.2176887194,0.1469805986,0.9648877267
0.7939918752,-0.4943364653,0.3538479352,-0.5268343863,-0.8499517055,-0.005256211423,0.303351993,-0.1822458706,-0.9352881968
-0.5528462591,-0.8097262664,-0.1967343063,0.7089952722,-0.3330405455,-0.6216186122,0.4378204173,-0.4831432174,0.7582123144
0.5237798993,0.7883262301,0.3227946283,-0.8517787953,0.479653286,0.2107263843,0.01129163195,-0.385323864,0.9227123164
0.9728809397,0.2068088873,0.1035990411,-0.1814766443,0.9601615025,-0.2124996863,-0.1434186347,0.1879360881,0.9716538077
-0.09750150675,-0.9625184554,-0.2530843324,-0.8818430088,-0.03432918519,0.4702918401,-0.4613527545,0.2690348121,-0.8454430234
0.9452285879,-0.2680783836,-0.1862173378,0.2715443915,0.9623995341,-0.007126026677,0.1811258129,-0.04383054955,0.9824827341
0.338551943,-0.1938291927,-0.92076752,-0.1205995246,-0.979421062,0.1618336737,-0.9331871927,0.05625502051,-0.3549606121
0.2808296547,-0.5216380274,0.8056230343,0.9549849214,0.2354824569,-0.1804212085,-0.09559552818,0.8200254757,0.5642869077
0.9933581962,-0.0006904516246,-0.1150609286,-0.09609169356,0.5450762072,-0.8328615219,0.06329202517,0.8383862186,0.5413895714
0.9170585581,0.361514828,-0.1682576301,0.06683947902,0.2766263,0.9586502878,0.3931107796,-0.890384703,0.229519053
0.6189420048,0.1508046079,0.770823433,0.6541581947,-0.6421620241,-0.3996310686,0.4347273294,0.7515889202,-0.4961111207
0.9834242718,-0.09859993968,0.152166861,0.09874376542,0.9950908053,0.006630075502,-0.1520735693,0.008505351659,0.9883325799
0.9213483111,-0.1353960022,0.3643970529,0.003897083632,0.9405544482,0.3396205863,-0.3887185387,-0.3114887678,0.8671059019
0.7164539852,0.2517491308,0.6506274374,-0.415929201,0.9028825427,0.1086554827,-0.5600862317,-0.3484616037,0.7515836106
-0.009570184175,0.9228724031,0.3849869337,-0.7390209553,0.2528288446,-0.6244402317,-0.6736144589,-0.2904894196,0.6796024264
-0.0284919055,0.7382704268,-0.6739028033,0.4240159821,0.6194430614,0.6606820268,0.9052064175,-0.2669214691,-0.3306875733
-0.467066229,0.8658660742,-0.1792347046,-0.1538811161,-0.2792060904,-0.9478209542,-0.8707294298,-0.4151143224,0.2636481737
0.8047348569,-0.2157818892,0.5530280159,-0.2902255946,0.66966148,0.6836099813,-0.5178522128,-0.7106276652,0.4762745081
0.9702645343,-0.2152791383,-0.1106418826,0.2332046748,0.9538617968,0.1891117453,0.06482525136,-0.2092906237,0.9757023735
-0.9262394026,-0.2483287689,0.2835725509,0.003679360795,-0.7582306345,-0.651976048,0.3769178045,-0.6028425395,0.7032167811
0.9080690243,-0.4093179334,-0.08871006995,0.3231983744,0.8195571012,-0.4731479353,0.2663709028,0.4009800336,0.8765053079
0.6346303985,-0.01711003463,-0.7726263677,-0.5204996617,-0.7484595923,-0.4109602668,-0.5712480718,0.6629596409,-0.4839009765
0.3372396778,-0.6584994775,0.6727910803,0.8993016896,0.01397034836,-0.4371055942,0.2784346797,0.7524515051,0.5969010485
0.1723756685,0.3579241673,-0.9177019774,0.4929799758,0.7752297108,0.3949552366,0.8527938628,-0.5204893715,-0.04281870773
0.9996405745,0.0267496272,-0.001783021897,-0.02679669212,0.9989837741,-0.03624026004,0.0008117964984,0.03627501346,0.9993415154
0.9137519436,-0.07223527906,-0.3997992621,0.07966831266,0.9968194622,0.001979852369,0.3983846702,-0.03366042656,0.9166005838
0.2034112456,0.09812482261,-0.9741639412,0.9786660834,-0.04976925584,0.1993382011,-0.02892338879,-0.9939288407,-0.1061550621
-0.9845737806,-0.1049078975,-0.1400314381,-0.1615908325,0.8521212166,0.497772875,0.06710345365,0.5127219181,-0.8559283622
0.9929664024,-0.07962390448,0.08762281396,0.08275778667,0.996032136,-0.03272816654,-0.08466919414,0.03974943993,0.9956159448
0.1239122317,0.6721602865,-0.7299632238,-0.7957918895,0.5067523267,0.3315378531,0.5927571404,0.5398172178,0.5976925162
0.2583267379,0.7609881586,-0.5951170632,-0.9577722042,0.1212377874,-0.2607178623,-0.12625253,0.6373369763,0.7601722682
-0.5451086774,-0.8369032819,-0.04949168166,0.09620358018,-0.1210864632,0.9879690985,-0.8328273536,0.5337892517,0.1465183738
0.9381239208,0.04307853903,-0.3436098787,0.1441204966,0.8536556275,0.500501101,0.3148853628,-0.5190532815,0.7946262638
0.1784123722,0.9338680104,0.3099347746,-0.9408046,0.2541623996,-0.2242502605,-0.2881939106,-0.2515790407,0.9239330366
-0.0140887863,0.8227626448,-0.5682104685,-0.9801182387,0.1011153169,0.1707159361,0.1979134767,0.5593186239,0.8049800822
-0.4107554657,-0.05253528057,0.9102307354,0.006871375627,0.9981318295,0.06070943185,-0.9117196563,0.03119126824,-0.4096271148
0.7406813992,-0.6345700293,0.2207078223,0.6698742396,0.7227270649,-0.1701002434,-0.0515710002,0.2738365709,0.9603926095
0.9042865939,-0.04510436928,0.4245366321,0.4268187577,0.07323234158,-0.9013671684,0.009565785957,0.9962944444,0.08547441559
0.9920632402,0.1171015942,-0.04580113724,-0.05669548881,0.7417094782,0.6683207849,0.112232567,-0.6604197655,0.7424618403
-0.3144972492,-0.9159303336,0.2493252981,0.9216908227,-0.2318039266,0.3110513897,-0.22710682,0.3276256455,0.9171062799
0.9815040526,-0.181090675,-0.0620963936,0.1616239773,0.9576739606,-0.2381979747,0.1026035312,0.2237560113,0.9692294686
0.9801409591,0.1982267862,-0.005462744882,-0.1964150135,0.9666542628,-0.1643188323,-0.02729180841,0.162128583,0.9863921531
0.7683613316,0.5533961725,0.3215175584,-0.5518042439,0.82730461,-0.1052575829,-0.3242421017,-0.09653889665,0.9410352283
-0.9086156271,-0.4087595455,-0.0856345498,0.2175888519,-0.2883153426,-0.9324855789,0.3564726268,-0.8659040924,0.350909346
0.1224489176,0.4905249127,0.8627813006,-0.06830589959,-0.8630966093,0.5003983885,0.9901214909,-0.1202062939,-0.07217950017
-0.9056407957,0.4187103325,-0.06705525056,0.1100070168,0.079269269,-0.9907647749,-0.4095280277,-0.9046535472,-0.1178505584
0.9962621003,-0.02509481107,-0.08265638455,0.02106977227,0.9985660199,-0.04921350065,0.08377286044,0.04728799432,0.9953622222
0.5509509259,0.06390599491,-0.8320871956,-0.6578455344,-0.5802584948,-0.4801451156,-0.513509815,0.8119212419,-0.2776536816
0.02220279333,-0.844232229,-0.5355174876,0.9903184711,-0.0548444788,0.1275202295,-0.1370268651,-0.5331641648,0.8348410697
0.7857147712,-0.2735765352,0.5548046302,-0.2065588956,0.7293740008,0.6521863152,-0.5830829451,-0.6270322531,0.5165702592
0.7812744452,-0.6075398634,0.1431976105,0.3424905835,0.609045432,0.7153767273,-0.5218337297,-0.5098617226,0.6839083143
0.9994035581,0.03436854299,0.003366204136,-0.01457170904,0.5080794077,-0.8611869604,-0.03130804008,0.860624261,0.5082771763
0.8662111425,-0.001938730775,0.4996743919,0.1391156473,-0.9595192461,-0.244887021,0.4799219658,0.2816363927,-0.8308765546
-0.2390630858,0.7046431435,0.6680770026,-0.07743130734,-0.6996701963,0.710257706,0.9679117902,0.1180663232,0.221826756
0.8976718948,0.2703235328,-0.3480091334,-0.2714402146,-0.2829222656,-0.9199321722,-0.3471388472,0.92026093,-0.1805946885
0.8047259235,-0.5707757792,-0.1631906794,0.5423097275,0.5949899797,0.593200711,-0.241487779,-0.5658638829,0.7883411182
0.9858888737,0.00253176873,-0.1673819551,-0.01053589851,0.9988417298,-0.04694884139,0.1670692179,0.04804985965,0.9847736224
-0.7608384212,-0.5484232323,-0.346924855,-0.4629155417,0.08401024117,0.8824123076,-0.4547901693,0.8319700942,-0.3177918569
0.5337494963,-0.5177253128,-0.6686344111,0.8369049368,0.2100296566,0.5054479895,-0.1212501628,-0.8293660493,0.5453900936
0.191312246,0.6124328102,-0.7670239094,-0.4229975573,0.7566097153,0.4986128812,0.8857046297,0.2290584899,0.4038062867
0.411680768,-0.5443553879,0.7308872395,-0.7420695089,0.2653142945,0.6155819759,-0.5290101976,-0.7957923955,-0.2947247429
0.9149602959,0.3658508906,0.1702961621,-0.3321575178,0.9224137385,-0.197038774,-0.2291703305,0.1237175045,0.9654920708
-0.326014323,0.6724405662,0.6644835183,-0.6621324577,0.3392669993,-0.6681904756,-0.674755711,-0.6578157706,0.3346388237
0.9659830584,0.1837270094,0.1819920794,-0.2184383193,0.9563870279,0.1939292487,-0.138424823,-0.2270864128,0.9639866853
0.9419803247,0.313876384,0.1189734572,-0.3330283876,0.9182628588,0.2142088123,-0.0420138195,-0.2414020252,0.9695152919
-0.3727250011,-0.8504988291,-0.3711169832,0.01230344848,-0.4044299203,0.9144862299,-0.9278602797,0.3362858624,0.161205211
0.5564538709,-0.763758495,0.3271575322,-0.1572519865,0.2898258282,0.9440724559,-0.8158620608,-0.5767789444,0.04117216344
-0.3215622058,-0.9441087361,-0.07250132551,0.5653141093,-0.2528410989,0.7851696228,-0.759616815,0.2114948535,0.6150221307
0.7940218647,0.4933120194,0.3552077279,-0.2526276141,0.7992654516,-0.5453017756,-0.5529091852,0.3432462518,0.7592584827
0.4930290608,-0.8634212427,0.1068929503,0.1931924686,-0.01114509674,-0.9810975777,0.848291822,0.5043605303,0.1613116247
0.9548734296,0.06116702764,0.290646397,-0.05263920897,0.9979250483,-0.03707710511,-0.2923112161,0.02010454608,0.9561118973
-0.9376094297,-0.2825527833,-0.2026141207,-0.2511198944,0.1472799552,0.9566856398,-0.2404731917,0.9478779138,-0.2090456999
0.2813583968,0.2882276047,0.9152935597,-0.4035213171,-0.8298580369,0.3853650026,0.8706365482,-0.4777661421,-0.1171815442
0.7645805503,0.5139462424,-0.388941952,0.3843573134,-0.8479843386,-0.3649548151,-0.5173838398,0.1295446696,-0.8458913292
0.802144624,-0.05473131606,0.5946162504,-0.5011637533,-0.603105295,0.6205633695,0.3246519592,-0.7957816825,-0.5112070219
0.1764843402,0.6598597965,-0.7303686238,0.2851804586,-0.7444682168,-0.6036879825,-0.9420856562,-0.1017453838,-0.3195661014
-0.2167252588,0.749414987,-0.6256255585,-0.9332400905,0.02904353151,0.3580773754,0.2865189272,0.6614632647,0.6930896434
0.9305102849,-0.02164750413,-0.3656254851,0.1082241981,0.9699291391,0.2180022664,0.349911607,-0.2424228759,0.9048718233
0.998992977,0.04486309378,0.00057863466,-0.04486038487,0.9989850172,-0.004059702644,-0.0007601781762,0.004029656657,0.999991592
0.3019406189,0.8883477651,-0.34593368,-0.7207574526,-0.02478485311,-0.6927441126,-0.6239715997,0.458501864,0.6327997183
0.5105824674,-0.695788906,-0.5051567501,0.7014565882,0.6768383716,-0.2232677174,0.4972566729,-0.2403489484,0.833647518
-0.1776877271,0.9423294612,0.2836234445,-0.3955358984,-0.332292785,0.8562317783,0.9010984545,0.03995862462,0.4317694797
0.6431943641,0.3611263749,0.6751953431,-0.1643560875,0.9263575682,-0.3388933937,-0.7478556589,0.107001856,0.6551812851
0.977187387,-0.0465252568,0.2072201998,0.09133039247,0.9729401459,-0.2122409759,-0.1917382855,0.2263247068,0.9549940089
-0.5585909775,-0.6596205121,0.5028686706,0.4544620359,0.2637733614,0.8508160035,-0.6938590475,0.7037928629,0.1524310611
0.9874429524,-0.07220974642,0.1405068264,0.06700666928,0.9968923317,0.04142203822,-0.1430612527,-0.03148700526,0.9892128418
0.6400234542,-0.5300964568,0.5562083463,0.7258812616,0.1798021438,-0.6639032936,0.2519253305,0.8286548953,0.499864674
-0.09923491533,-0.6551297272,0.7489709421,0.9830292916,-0.1812531436,-0.02829681744,0.154291424,0.7334523424,0.6619983519
0.2469295158,0.9690113873,0.006537998809,-0.6752943288,0.16723602,0.7183381398,0.6949844486,-0.1817939626,0.6956634038
0.9034459233,-0.2890311321,-0.316617227,-0.03444291341,0.6872241249,-0.7256284779,0.4273162172,0.6664713099,0.6109147597
0.2177453561,-0.7593071026,-0.6132207464,0.04589945418,0.6355677009,-0.7706795298,0.9749257408,0.1396653911,0.173243697
0.4823698281,0.2683275243,-0.8338583145,0.1501371681,0.9125163361,0.3804901669,0.8630053185,-0.3087301024,0.3998844135
0.8642402841,-0.5002253589,-0.05351001471,0.4956513374,0.8648599678,-0.07966798531,0.08613061614,0.0423299719,0.9953841924
-0.3206212145,-0.9384600121,0.1284322485,0.7786711486,-0.1839357945,0.5998657065,-0.5393266905,0.2923361578,0.7897254534
0.8221922401,0.1156564049,0.5573360892,0.2563263367,0.7990120421,-0.5439453701,-0.5082290127,0.5900875804,0.6272957182
0.2642906844,0.7205248677,0.6410884098,0.6969963589,0.3167418316,-0.643327823,-0.6665932117,0.616861838,-0.4184912938
0.2611338777,-0.3520734117,0.8988066593,-0.9608188444,-0.005160584872,0.2771290614,-0.09293140607,-0.9359581621,-0.3396263721
-0.2027705235,0.2867535535,-0.9362993722,0.7224125455,-0.6016869201,-0.3407241764,-0.6610629538,-0.7454832324,-0.0851499927
-0.6801278535,-0.7330096136,0.01109095115,0.5602069359,-0.5294312047,-0.6370798918,0.4728575809,-0.4270825515,0.7707179785
0.3238233101,-0.582373593,0.7456403034,0.8017766637,-0.2494829329,-0.5430584202,0.5022874132,0.77369197,0.3861451672
0.8908108246,0.2231362318,-0.3958109356,-0.2485281296,0.9685329316,-0.01333151467,0.3803811819,0.1102460091,0.9182352498
0.8105290337,0.5451733557,0.2140763831,-0.06397290402,0.4457238689,-0.8928816832,-0.5821942572,0.71001144,0.3961484595
0.6492085133,0.1960486314,0.7349103621,-0.5449639909,-0.5541416865,0.6292386192,0.5306058376,-0.8090067524,-0.2529140559
-0.8481602519,0.172857178,-0.5007440295,0.468659572,0.685497779,-0.5571812996,0.246946133,-0.707257514,-0.66242314
0.588321524,0.1419442044,-0.7960713707,0.7867319411,0.1270644225,0.6040757281,0.1868973976,-0.9816855277,-0.03691730478
-0.2404082793,-0.1890774568,-0.9520785548,-0.3520457312,0.9310460146,-0.09600584286,0.9045814847,0.3120945915,-0.2903950818
0.3981980266,0.7086659373,-0.5824353363,-0.302915774,0.7009140114,0.6457256247,0.865840843,-0.08069781874,0.4937686671
-0.6264773245,0.7776636681,-0.05258689181,0.7302349333,0.6091831374,0.3092779451,0.272549269,0.1553548341,-0.9495165988
-0.2542814939,-0.8869116068,0.3856536316,0.402244794,0.2656468489,0.8761454659,-0.8795112549,0.3779147435,0.289206499
0.1108506093,0.8960807028,-0.42982731,-0.8162666397,-0.1646285525,-0.5537203379,-0.5669399575,0.4122339308,0.7131916088
0.6900857254,0.7154810237,0.1089430872,-0.6483896432,0.6780782136,-0.3461225315,-0.3215160371,0.1682166487,0.9318425816
0.9071331508,-0.3782720503,0.1844443077,0.2895994257,0.8790893255,0.3785949424,-0.3053549072,-0.2900210574,0.9069984382
0.06427099298,0.03968629565,0.9971430376,-0.02708819014,0.9989101162,-0.03801065233,-0.9975647695,-0.02456781783,0.06527597499
0.9927150142,-0.003684372403,0.1204297555,0.02504843523,0.9840047032,-0.1763726736,-0.1178536232,0.1781043781,0.9769285306
0.7174270204,-0.5760065944,-0.3918097417,0.1549072754,0.6802586185,-0.7164160439,0.6791923192,0.4532820482,0.5772635259
-0.1451753389,0.5103161509,0.8476447057,0.4318703914,-0.7381135255,0.5183400318,0.8901753119,0.4413228406,-0.1132345547
0.9704492938,-0.1100195827,0.2147646609,-0.03210012454,0.823243249,0.5667804999,-0.2391605113,-0.5569257082,0.7953841873
0.004587143551,0.5436625451,-0.8392913649,-0.9277120873,0.3156011037,0.1993645565,0.3732683232,0.7777062302,0.505810022
0.7267959211,-0.541386775,0.4226914347,0.645352481,0.3275824214,-0.6900796566,0.2351337161,0.7743320457,0.5874708661
0.9655453578,0.2555496431,-0.04915833461,-0.2525337125,0.9657177068,0.06013347438,0.06284016209,-0.04564746029,0.9969791489
0.8211105949,0.527470837,-0.2180639975,-0.3049405061,0.7283662846,0.6135909412,0.482481791,-0.437329477,0.7589164973
0.4044489149,0.1324129932,-0.9049242369,0.3667182674,0.882955229,0.2931002832,0.8378178726,-0.4503963398,0.3085520208
0.7921379151,-0.6094695447,-0.03262510586,-0.5453356088,-0.7307617615,0.4106048242,-0.2740923151,-0.3074640174,-0.9112295434
0.9863043147,-0.1549409121,-0.05654301572,0.1397559862,0.9671434256,-0.2123719818,0.08759031448,0.201561177,0.9755516535
-0.9312291383,-0.3588342929,-0.06364151288,-0.338891555,0.7884278863,0.5133556098,-0.1340328538,0.4996192734,-0.8558129327
0.569947368,0.3544033273,-0.7413219809,-0.545252182,0.8380668008,-0.01854981199,0.6147032257,0.4147798441,0.6708931548
-0.08706395152,-0.9313040348,-0.3536844118,-0.174705336,0.363804237,-0.9149450927,0.980763944,-0.0178681812,-0.1943780188
0.3787301716,0.5015160589,0.77784645,0.5641948009,-0.7913396599,0.2355117179,0.7336536538,0.3496615297,-0.5826569581
-0.176183309,-0.4741476997,0.8626374676,-0.3654017256,-0.7822281579,-0.5045797142,0.914024628,-0.4041077429,-0.03543884241
0.1771403039,-0.3801580563,-0.907800179,-0.8988770808,0.3131414712,-0.3065328899,0.4008008312,0.8703001041,-0.2862453886
-0.6181636193,0.7709432943,-0.1533628923,-0.7364209896,-0.499777535,0.455967698,0.2748779109,0.3948022953,0.8766831136
0.8554722338,0.4286714231,-0.2905306668,0.2726311537,-0.8498087648,-0.4511067693,-0.4402720878,0.3067016047,-0.8438569869
0.9951676186,-0.06807527268,-0.07076134706,0.007307359089,0.7699998106,-0.6380022682,0.09791840221,0.6344021193,0.7667763282
-0.1595992694,-0.2452641214,-0.9562288345,0.9867300034,-0.01032897207,-0.1620407749,0.02986592736,-0.9694012704,0.2436579637
0.6952999368,-0.4694018651,0.544260863,0.6455725361,0.7407336851,-0.1858755188,-0.3159020395,0.480599102,0.8180650369
0.9453479372,-0.001371791989,-0.3260604175,0.1440038659,-0.8954259847,0.4212780466,-0.2925408763,-0.445208293,-0.8462915642
-0.4928148238,-0.8605516302,-0.128780593,0.8699927692,-0.4846398809,-0.09075663816,0.01568856165,-0.1567644014,0.9875114133
0.1262719524,0.8728503604,0.4713678418,-0.3169104509,-0.4147762553,0.8529527678,0.9400123191,-0.2570854066,0.2242407937
0.9724240338,-0.0316173763,-0.2310667437,0.08473443546,0.9709587809,0.2237389576,0.217282245,-0.2371484498,0.9468627349
0.2612882387,0.6781429586,0.6869138112,-0.8052488405,0.5455460079,-0.2322796979,-0.5322619291,-0.4924445969,0.6886185866
0.8436662257,0.07489801156,0.5316178961,-0.4451664085,0.6510935725,0.6147389923,-0.300090267,-0.7552929549,0.5826477357
0.4700107467,0.5661544462,-0.677169876,-0.8526992609,0.4894320021,-0.1826479833,0.2280216404,0.6632687678,0.7127977786
0.1860525978,-0.3838387037,0.9044624262,0.6006136597,0.772950233,0.2044777963,-0.7775909353,0.5051888626,0.3743481674
0.9523955423,0.2936954845,0.08176609013,-0.1053369661,0.568700986,-0.8157716054,-0.2860888929,0.7683242486,0.5725652752
-0.4207084742,-0.6455363278,0.6374066435,0.8898166645,-0.1567609121,0.4285467535,-0.1767220508,0.7474683043,0.6403596262
-0.9330464188,-0.2988621161,-0.200264365,-0.07956642184,0.7143121749,-0.6952893652,0.3508469251,-0.6328029332,-0.6902658059
0.9704398855,-0.1340279926,0.2007060684,0.1772008013,0.9602853309,-0.215527166,-0.1638484199,0.2447214345,0.9556490542
0.9152505278,0.1165211497,-0.3856673348,-0.131564078,0.9912257353,-0.01274499827,0.3807983257,0.06240483371,0.922549875
0.333320193,-0.5101481154,-0.7928723411,-0.08365949023,0.8216429438,-0.5638297284,0.9390946377,0.2542671297,0.2311914533
0.2338839988,-0.6464349319,-0.7262369819,0.8379173643,-0.2448489829,0.4877944917,-0.4931457854,-0.7226139041,0.4843927951
-0.7403080314,0.1512013,0.6550436516,-0.5806527974,-0.6348692253,-0.509689509,0.3388013393,-0.7576801658,0.5577942442
0.9711037305,-0.07765585522,0.2256703632,0.1048970176,0.9882318729,-0.1113300546,-0.2143692151,0.1317851794,0.967821526
0.9248344925,-0.3746817814,-0.06553414475,0.3494126558,0.9049428713,-0.2428769144,0.1503062121,0.2017224883,0.9678409375
-0.5639781978,0.702610961,-0.4338967964,-0.7516701,-0.2192158152,0.6220421907,0.3419366215,0.676965482,0.6517645917
0.1275298498,-0.9418125254,0.3110069202,0.5988800634,-0.1768330367,-0.7810715376,0.7906192555,0.28586578,0.5414812543
0.9021701894,-0.1387013845,0.4084738367,-0.4126951221,-0.553175295,0.7236572595,0.1255853713,-0.8214371668,-0.5562996455
0.3434777895,-0.927099614,0.150031043,-0.1390621652,-0.2081949798,-0.9681511063,0.9288082269,0.3116747602,-0.2004348311
0.9045495187,0.2721738836,-0.3281943713,-0.3421640913,0.9226468864,-0.1778945127,0.2543892744,0.2732107247,0.9277079265
-0.2289462371,0.9679514878,-0.1032159761,0.8903947416,0.1653805768,-0.424083092,-0.3934219422,-0.1889951905,-0.8997221756
0.805358004,-0.5923723808,0.02221368772,0.4777470361,0.6264229286,-0.6159156468,0.3509362547,0.5066451194,0.7874988686
0.2251488136,0.3369689201,0.9141990804,-0.9152008744,0.3950194449,0.07979346825,-0.3342384945,-0.8546412025,0.3973324097
0.6673234922,-0.7103774448,0.2237034706,0.2367692927,0.487136565,0.8406177901,-0.706130058,-0.5079978868,0.4932732389
-0.84500932,-0.4771299796,0.2414668336,-0.09869055972,-0.3046473366,-0.9473384684,0.5255658118,-0.8243403319,0.210341614
0.9271848387,-0.2959038016,0.2297155089,-0.06345628676,-0.7284239565,-0.6821816761,0.3691904313,0.6179316142,-0.6941606051
-0.8118899984,-0.3405342783,0.4742056893,-0.4592462338,0.874031964,-0.1586222638,-0.3604546119,-0.3465610064,-0.8660068947
-0.2266845062,0.9495004977,-0.2169399447,0.7504885755,0.02831357615,-0.6602766386,-0.6207906513,-0.3124854338,-0.7190075249
0.7489967636,0.5703402045,0.3372178809,-0.6195085769,0.7833213416,0.05115465708,-0.2349744053,-0.2472240421,0.9400357982
0.4953057268,0.01392384003,-0.86860714,0.2292355595,0.9623373593,0.1461433035,0.8379279774,-0.2715012588,0.4734593659
0.9973985885,0.06949029336,-0.01916128235,-0.06919192824,0.9974779451,0.01581853744,0.02021219135,-0.01445158084,0.9996912619
0.7882411446,0.2148805834,0.5766300659,0.5787439909,-0.5773047011,-0.5759988499,0.2091202789,0.7877471783,-0.5794161648
-0.7969621939,-0.3122422776,0.5170648137,-0.6039169621,0.4283997388,-0.672129427,-0.01164320801,-0.8479259543,-0.5299868034
-0.2642117376,-0.3684888288,-0.891295765,0.9272862004,-0.3511680318,-0.1296970165,-0.2652026778,-0.8607537374,0.4344773218
-0.7515741305,0.5359982707,0.3845025099,-0.2840494857,-0.7890496739,0.5447169006,0.5953588968,0.3001773908,0.7452793557
-0.9225784458,0.2826366866,-0.262612861,0.3858050936,0.6725826872,-0.6314958104,-0.001855019716,-0.6839218027,-0.7295529636
0.7581098003,0.2793582671,-0.5892609687,-0.3932835699,0.9166395816,-0.07141366186,0.520189931,0.2858860543,0.8047804667
-0.9709699821,0.1512952761,-0.1852755602,-0.2064083009,-0.1385107373,0.9686126104,0.1208838578,0.9787361826,0.165718369
0.3772804756,-0.455225235,0.8064920509,0.8512899013,0.5133612776,-0.1084698238,-0.3646435886,0.7274820851,0.5812098324
-0.02245773175,-0.8708259141,0.4910782806,0.5293471467,0.4063400529,0.7447679905,-0.8481080406,0.2766766864,0.451843737
-0.3176248584,-0.6397693968,-0.6998639641,-0.2460350265,0.7684115685,-0.5907710446,0.9157408012,-0.01545252043,-0.4014722961
-0.1007689221,-0.601274777,0.7926627699,0.9361194905,0.212515346,0.2802097913,-0.3369360827,0.770263507,0.5414500956
0.8955322205,0.3913052137,0.2119015614,-0.3894965069,0.9195582133,-0.05201118584,-0.2152080694,-0.03595722523,0.9759060225
0.4683266116,0.8720469159,0.1421420462,0.3169827735,-0.3159932833,0.8942427893,0.8247375984,-0.3737411154,-0.4244119137
-0.710406405,0.1609252895,0.685146547,0.6751328935,-0.1191525478,0.7280097845,0.198792142,0.9797477847,-0.02399922314
-0.6180752108,0.3429384091,-0.7073728022,0.595541356,-0.3831009735,-0.706090743,-0.5131408453,-0.8576869427,0.03255120981
0.8888579246,-0.2720756971,0.3686548588,0.3928130496,0.03832676166,-0.9188193334,0.2358590638,0.9615122851,0.1409419301
0.9911872892,0.111203936,-0.07198223632,-0.1212072951,0.9805900641,-0.1541165725,0.05344669627,0.1614831598,0.9854271357
0.8245650187,0.3195052702,0.466914245,-0.1987357383,0.9362554855,-0.289706355,-0.5297137304,0.1460891788,0.8355006377
0.8988814843,-0.1371829608,0.4161645257,0.4156349718,-0.03386502996,-0.9089008362,0.1387791319,0.9899666636,0.02657738763
-0.3799175023,-0.9122906308,0.1529329799,-0.4798299201,0.3357071274,0.8105948263,-0.7908387568,0.2345773423,-0.5652853538
0.9924154923,-0.107039479,0.06044865997,0.1083886276,0.9939175261,-0.01948991147,-0.05799479261,0.02589403738,0.9979810133
0.7994991797,-0.5442873192,0.2540715958,0.5996168339,0.6981864687,-0.3911461459,0.03550653689,0.4650666286,0.8845633481
0.4629431671,0.01320259473,-0.8862896341,0.1944862256,0.9740105764,0.1160969644,0.8647882586,-0.2261174221,0.4483438182
-0.6611482187,-0.503878196,0.5558685065,-0.03840206311,0.7626625704,0.6456555469,-0.7492718562,0.4055275173,-0.5235829622
0.2328723825,0.3637393682,-0.9019224609,-0.7799034265,0.6238803311,0.05023920618,0.5809656607,0.691713094,0.4289660787
0.8518317872,-0.5184381876,0.07486288789,0.5238076955,0.842298092,-0.1271197168,0.002846847957,0.1474983723,0.9890582013
0.4327927323,0.2951044774,-0.8518238071,-0.2928061423,-0.8476562781,-0.4424289743,-0.8526165691,0.4408992875,-0.280451073
0.6943350811,0.7139578659,-0.09034910583,-0.02340367441,0.147880861,0.9887282331,0.7192712028,-0.6843941968,0.1193881071
0.7127274546,0.004857977623,0.7014242479,-0.3041681152,0.9032083574,0.3028141687,-0.6320611783,-0.4291748631,0.6452190354
-0.9662788956,0.2571359743,0.01364502275,-0.007850519106,0.02354795975,-0.999691884,-0.257378059,-0.9660882901,-0.02073524566
0.4419715363,0.882974244,0.1581696729,-0.8317891831,0.4694210199,-0.2962611364,-0.3358391221,-0.0006248334403,0.9419191545
0.2974619209,-0.3450445163,0.8902026103,0.9408966184,-0.05222381556,-0.334643432,0.161956658,0.9371323038,0.3091166221
0.01516099893,-0.5268795748,-0.8498047175,-0.990907073,-0.1215546749,0.05768564628,-0.1336911249,0.8412029331,-0.5239315875
0.9464752648,-0.2833470366,0.1545931112,0.314527348,0.702035971,-0.6389194337,0.07250600326,0.6533452015,0.7535800735
0.117190529,-0.7806665424,0.6138616533,0.6593944505,0.5233716625,0.5397046059,-0.7426071227,0.3415286993,0.5761013877
0.9962438302,-0.06454858202,-0.05772097866,0.06374594104,0.9978435622,-0.01564226012,0.05860619268,0.01190402703,0.9982102025
0.973422142,-0.01619244546,-0.2284450439,0.0002142338171,0.9975613033,-0.06979541683,0.2290180942,0.0678914635,0.9710517297
0.8001549443,-0.3745185837,-0.4684953529,0.5947431406,0.3942722775,0.7005925834,-0.07767021229,-0.839217017,0.5382212709
0.9080739532,0.121947547,-0.4006625655,-0.3111416294,0.8368119366,-0.4504849267,0.2803436856,0.5337364317,0.7978300818
-0.1414569717,0.1977855039,-0.9699849584,-0.9898441418,-0.01431430258,0.1414343512,0.01408900622,0.9801408038,0.1978016803
0.8430919165,-0.253023933,0.4745259841,0.5287382381,0.551054478,-0.6455810079,-0.09814222278,0.795184162,0.5983730045
0.441083211,-0.1962928485,0.875736672,-0.3048464668,0.8850009903,0.3519117488,-0.8441055815,-0.4221875944,0.3305198972
-0.4086633376,0.3588019324,-0.8391992909,-0.519687044,0.6643898146,0.5371327122,0.7502797164,0.6556274457,-0.08504704347
0.9822016919,-0.01658155841,-0.1870959336,0.04810235871,0.9850829837,0.1652200905,0.181565414,-0.1712792081,0.9683477853
-0.08324727679,0.8110486313,0.57902505,-0.9963046471,-0.05541093595,-0.06562528679,-0.02114097907,-0.5823484745,0.81266433
0.6727699681,-0.2403390964,0.6997268673,-0.2522399376,0.814593029,0.522315241,-0.6955254014,-0.5278970693,0.4874106075
0.7265472563,-0.3060434528,-0.6151963015,-0.27032382,0.6958184657,-0.6654034078,0.631707303,0.6497492345,0.4228141619
0.09342307568,-0.3703950317,0.9241642979,0.8363690519,0.5327759554,0.128982907,-0.5401471447,0.7608924377,0.3595605099
-0.9591432821,-0.2048523888,-0.1951401119,-0.08927654476,-0.4353488279,0.8958242554,-0.2684657577,0.8766452515,0.3992733901
0.9645701884,-0.0265006724,0.2624920305,-0.2259305241,0.430794951,0.8737111127,-0.1362341734,-0.9020606546,0.4095446562
-0.551756228,-0.5316090727,0.6426171945,-0.02698977239,0.7814971563,0.6233247523,-0.8335686037,0.3265792223,-0.445543931
0.9103753011,0.01450907285,0.4135290775,0.1279459511,0.9405384918,-0.3146699526,-0.3935055841,0.339377124,0.8543866356
-0.92850971,-0.1032004976,-0.3566782524,-0.2606065807,-0.5031207677,0.8239864703,-0.2644880499,0.8580321383,0.4402577893
-0.08948544823,0.2386152816,0.9669824724,-0.5982987892,0.7633070862,-0.2437228981,-0.7962605814,-0.6003540952,0.07445835729
0.46676153,0.8599509087,-0.2064415383,-0.6461593767,0.1722306992,-0.7435150612,-0.603830882,0.4804383633,0.6360560078
0.3780208834,0.1619768306,0.9115172615,0.1780719591,0.9534698085,-0.2432811164,-0.908510093,0.2542810071,0.3315879678
0.1281042521,0.8766054541,0.463844994,-0.6582439559,-0.2746807267,0.7009032693,0.7418249087,-0.3951118529,0.5418324728
0.3117389604,0.02821898063,0.9497486561,-0.206623125,0.9776520737,0.03877250368,-0.9274296225,-0.2083269353,0.3106029351
-0.8402397078,-0.4963543384,-0.2182420768,0.3564268833,-0.202299995,-0.9121593002,0.4086038549,-0.8442198071,0.3468945186
0.02861112151,0.8118615328,-0.5831485704,0.8749905133,-0.3024042159,-0.3780784203,-0.4832939121,-0.4994322193,-0.7190232631
0.9697405226,0.142361778,-0.1983341701,-0.1530481917,0.9874267643,-0.03955548126,0.1902092792,0.06871323914,0.9793359591
-0.4299268319,0.9015598637,-0.04850496199,0.2839214388,0.1860008056,0.9406339973,0.8570598204,0.3906321959,-0.3359389107
0.2568802092,0.7591131264,-0.5981302696,-0.4694045683,0.6389951779,0.6093804344,0.8447910448,0.1242273075,0.5204763844
0.8589288378,-0.4353612508,0.2696327741,0.2357625085,-0.1312221382,-0.9629105826,0.4545957448,0.8906409668,-0.01006861808
0.9904033014,0.1239912209,0.06105307252,-0.1213353547,0.9915703234,-0.04545355365,-0.06617425647,0.03760945338,0.9970990406
0.8784723678,-0.4135027327,-0.2393779212,0.4669564236,0.8491233766,0.246862694,0.1011829901,-0.3286411133,0.9390191804
-0.3786243092,-0.8766778893,-0.2967819248,0.07845755213,-0.3499010349,0.9334954088,-0.9222190873,0.330159271,0.2012630388
-0.6009737356,0.6151041086,0.5103699685,0.2263300502,-0.4814433593,0.8467508489,0.7665541582,0.6243870814,0.1501182704
0.9754047769,-0.01694036802,-0.2197692997,0.008786957359,0.9992381724,-0.03802452028,0.2202460228,0.03515819525,0.974810541
0.6432756235,-0.3980516177,0.6540270498,0.3637556304,0.9105537202,0.196402047,-0.6737049158,0.1115653726,0.7305305292
-0.9086663484,-0.4138589336,0.05519284724,-0.07173337453,0.2849707561,0.9558483097,-0.4113147096,0.864588024,-0.2886308342
0.573839661,0.5844665835,0.5736783561,-0.1048837538,0.7471688636,-0.6563063975,-0.8122237633,0.3164451012,0.4900561767
0.9681906546,0.1903693165,0.1623772754,-0.2094482693,0.9716456303,0.1097095784,-0.1368878327,-0.1402294279,0.9806107428
0.629565961,0.655928874,-0.4164180748,-0.4764309935,0.7492946082,0.4599685844,0.6137264938,-0.09118608673,0.7842352252
0.6608032335,0.3497642559,0.6640813594,0.03772728959,0.8681850168,-0.4948044343,-0.749610391,0.3520223599,0.560503809
0.5692685987,0.01647135482,0.8219865917,0.8132135426,-0.1583055874,-0.5600206025,0.1209007722,0.9872527718,-0.1035131287
0.643698225,-0.01166554438,0.7651905058,-0.5835664501,-0.6543324148,0.4809358473,0.495078573,-0.7561170584,-0.4280002343
0.7188919022,-0.6755256233,0.1638888807,0.2962758113,0.0844871565,-0.9513582732,0.628820385,0.7324800698,0.2608790348
